global_signal	global_signal_derivative1	global_signal_derivative1_power2	global_signal_power2	csf	csf_derivative1	csf_power2	csf_derivative1_power2	white_matter	white_matter_derivative1	white_matter_derivative1_power2	white_matter_power2	csf_wm	tcompcor	std_dvars	dvars	framewise_displacement	rmsd	t_comp_cor_00	t_comp_cor_01	t_comp_cor_02	c_comp_cor_00	c_comp_cor_01	c_comp_cor_02	c_comp_cor_03	c_comp_cor_04	c_comp_cor_05	c_comp_cor_06	c_comp_cor_07	c_comp_cor_08	c_comp_cor_09	c_comp_cor_10	c_comp_cor_11	w_comp_cor_00	w_comp_cor_01	w_comp_cor_02	w_comp_cor_03	w_comp_cor_04	w_comp_cor_05	w_comp_cor_06	w_comp_cor_07	w_comp_cor_08	w_comp_cor_09	w_comp_cor_10	w_comp_cor_11	w_comp_cor_12	w_comp_cor_13	w_comp_cor_14	w_comp_cor_15	w_comp_cor_16	w_comp_cor_17	w_comp_cor_18	w_comp_cor_19	w_comp_cor_20	w_comp_cor_21	w_comp_cor_22	w_comp_cor_23	w_comp_cor_24	w_comp_cor_25	w_comp_cor_26	w_comp_cor_27	w_comp_cor_28	w_comp_cor_29	w_comp_cor_30	w_comp_cor_31	w_comp_cor_32	w_comp_cor_33	w_comp_cor_34	w_comp_cor_35	w_comp_cor_36	w_comp_cor_37	w_comp_cor_38	w_comp_cor_39	w_comp_cor_40	w_comp_cor_41	w_comp_cor_42	w_comp_cor_43	w_comp_cor_44	w_comp_cor_45	w_comp_cor_46	w_comp_cor_47	w_comp_cor_48	w_comp_cor_49	w_comp_cor_50	w_comp_cor_51	w_comp_cor_52	w_comp_cor_53	w_comp_cor_54	w_comp_cor_55	w_comp_cor_56	w_comp_cor_57	w_comp_cor_58	w_comp_cor_59	w_comp_cor_60	w_comp_cor_61	w_comp_cor_62	w_comp_cor_63	w_comp_cor_64	w_comp_cor_65	w_comp_cor_66	w_comp_cor_67	w_comp_cor_68	w_comp_cor_69	w_comp_cor_70	w_comp_cor_71	w_comp_cor_72	w_comp_cor_73	w_comp_cor_74	w_comp_cor_75	w_comp_cor_76	w_comp_cor_77	w_comp_cor_78	w_comp_cor_79	w_comp_cor_80	w_comp_cor_81	w_comp_cor_82	w_comp_cor_83	w_comp_cor_84	w_comp_cor_85	a_comp_cor_00	a_comp_cor_01	a_comp_cor_02	a_comp_cor_03	a_comp_cor_04	a_comp_cor_05	a_comp_cor_06	a_comp_cor_07	a_comp_cor_08	a_comp_cor_09	a_comp_cor_10	a_comp_cor_11	a_comp_cor_12	a_comp_cor_13	a_comp_cor_14	a_comp_cor_15	a_comp_cor_16	a_comp_cor_17	a_comp_cor_18	a_comp_cor_19	a_comp_cor_20	a_comp_cor_21	a_comp_cor_22	a_comp_cor_23	a_comp_cor_24	a_comp_cor_25	a_comp_cor_26	a_comp_cor_27	a_comp_cor_28	a_comp_cor_29	a_comp_cor_30	a_comp_cor_31	a_comp_cor_32	a_comp_cor_33	a_comp_cor_34	a_comp_cor_35	a_comp_cor_36	a_comp_cor_37	a_comp_cor_38	a_comp_cor_39	a_comp_cor_40	a_comp_cor_41	a_comp_cor_42	a_comp_cor_43	a_comp_cor_44	a_comp_cor_45	a_comp_cor_46	a_comp_cor_47	a_comp_cor_48	a_comp_cor_49	a_comp_cor_50	a_comp_cor_51	a_comp_cor_52	a_comp_cor_53	a_comp_cor_54	a_comp_cor_55	a_comp_cor_56	a_comp_cor_57	a_comp_cor_58	a_comp_cor_59	a_comp_cor_60	a_comp_cor_61	a_comp_cor_62	a_comp_cor_63	a_comp_cor_64	a_comp_cor_65	a_comp_cor_66	a_comp_cor_67	a_comp_cor_68	a_comp_cor_69	a_comp_cor_70	a_comp_cor_71	a_comp_cor_72	a_comp_cor_73	a_comp_cor_74	a_comp_cor_75	a_comp_cor_76	a_comp_cor_77	a_comp_cor_78	a_comp_cor_79	edge_comp_00	edge_comp_01	edge_comp_02	edge_comp_03	edge_comp_04	edge_comp_05	edge_comp_06	edge_comp_07	edge_comp_08	edge_comp_09	edge_comp_10	edge_comp_11	edge_comp_12	edge_comp_13	edge_comp_14	edge_comp_15	edge_comp_16	edge_comp_17	edge_comp_18	edge_comp_19	edge_comp_20	edge_comp_21	edge_comp_22	edge_comp_23	cosine00	cosine01	cosine02	cosine03	cosine04	cosine05	non_steady_state_outlier00	trans_x	trans_x_derivative1	trans_x_power2	trans_x_derivative1_power2	trans_y	trans_y_derivative1	trans_y_derivative1_power2	trans_y_power2	trans_z	trans_z_derivative1	trans_z_derivative1_power2	trans_z_power2	rot_x	rot_x_derivative1	rot_x_derivative1_power2	rot_x_power2	rot_y	rot_y_derivative1	rot_y_derivative1_power2	rot_y_power2	rot_z	rot_z_derivative1	rot_z_power2	rot_z_derivative1_power2	motion_outlier00	motion_outlier01	motion_outlier02	motion_outlier03	motion_outlier04	motion_outlier05	motion_outlier06	motion_outlier07	motion_outlier08	motion_outlier09	motion_outlier10	motion_outlier11	motion_outlier12	motion_outlier13	motion_outlier14	motion_outlier15	motion_outlier16
6360.787738531496	n/a	n/a	40459620.65465263	6679.699591916511	n/a	44618386.638249606	n/a	4281.167402192894	n/a	n/a	18328394.32559905	4366.674059880821	8463.690988621862	n/a	n/a	n/a	n/a	0.0	0.0	0.0	0.0	0.0	0.0	0.0	0.0	0.0	0.0	0.0	0.0	0.0	0.0	0.0	0.0	0.0	0.0	0.0	0.0	0.0	0.0	0.0	0.0	0.0	0.0	0.0	0.0	0.0	0.0	0.0	0.0	0.0	0.0	0.0	0.0	0.0	0.0	0.0	0.0	0.0	0.0	0.0	0.0	0.0	0.0	0.0	0.0	0.0	0.0	0.0	0.0	0.0	0.0	0.0	0.0	0.0	0.0	0.0	0.0	0.0	0.0	0.0	0.0	0.0	0.0	0.0	0.0	0.0	0.0	0.0	0.0	0.0	0.0	0.0	0.0	0.0	0.0	0.0	0.0	0.0	0.0	0.0	0.0	0.0	0.0	0.0	0.0	0.0	0.0	0.0	0.0	0.0	0.0	0.0	0.0	0.0	0.0	0.0	0.0	0.0	0.0	0.0	0.0	0.0	0.0	0.0	0.0	0.0	0.0	0.0	0.0	0.0	0.0	0.0	0.0	0.0	0.0	0.0	0.0	0.0	0.0	0.0	0.0	0.0	0.0	0.0	0.0	0.0	0.0	0.0	0.0	0.0	0.0	0.0	0.0	0.0	0.0	0.0	0.0	0.0	0.0	0.0	0.0	0.0	0.0	0.0	0.0	0.0	0.0	0.0	0.0	0.0	0.0	0.0	0.0	0.0	0.0	0.0	0.0	0.0	0.0	0.0	0.0	0.0	0.0	0.0	0.0	0.0	0.0	0.0	0.0	0.0	0.0	0.0	0.0	0.0	0.0	0.0	0.0	0.0	0.0	0.0	0.0	0.0	0.0	0.0	0.0	0.0	0.0	0.0	0.0	0.0	0.0	0.0	0.0	0.0	0.0	0.0	0.0	0.0	0.0	0.0	0.0	0.0	0.0	0.0	0.0	0.0	0.0	0.0	1.0	0.027093	n/a	0.000734030649	n/a	-0.0306221	n/a	n/a	0.00093771300841	-0.0692545	n/a	n/a	0.00479618577025	0.000967491	n/a	n/a	9.36038835081e-07	0.00141613	n/a	n/a	2.0054241769e-06	-0.000167477	n/a	2.8048545529e-08	n/a	0.0	0.0	0.0	0.0	0.0	0.0	0.0	0.0	0.0	0.0	0.0	0.0	0.0	0.0	0.0	0.0	0.0
6300.02554648195	-60.762192049545774	3692.043982665884	39690321.8863252	6460.844221153151	-218.85537076336004	41742508.05000807	47897.67331196779	4275.988579883551	-5.1788223093426495	26.82020051174513	18284078.33529455	4346.242432410972	8082.837624617156	1.593767	35.360546	0.1720551	0.092559	-0.0030112066	-0.0823931877	-0.0068568419	0.156696947	-0.0680100084	0.0511667885	-0.1316119756	0.1052925359	-0.038131846	0.0341253393	-0.080783112	0.243565955	-0.1442338322	0.2315300366	-0.0537773429	-0.0172102005	0.0666761889	-0.0457754157	0.0012358865	-0.049862567	-0.0029707669	0.0471525826	-0.0289783114	0.0028790652	-0.0085163642	-0.0097006592	0.0112051019	-0.0537363859	0.0118729988	-0.0150058511	0.0133710017	-0.0066994758	0.0077939791	-0.0030198264	-0.0213610672	0.0287548024	-0.0581802046	-0.0506100914	0.0237298873	-0.0060049399	0.0286736201	-0.0301310953	0.0060426719	-0.0295386023	0.0209358654	-0.1483042599	0.0245043908	-0.0026132579	0.0109823431	-0.0280716098	0.0154832966	-0.076726658	0.0405910815	-0.0528503191	0.0181577628	-0.0341601032	0.0210259205	-0.0086255115	0.0210017414	0.0421302169	-0.0058394506	-0.0301570703	0.0343688011	-0.0236141818	-0.0108611202	0.0252113158	0.0285923196	-0.0178805828	-0.0096300003	0.0418786484	0.0121852939	-0.0773223507	-0.0076462729	0.0233846391	0.02538595	0.0196811217	-0.0122201385	-0.0363308589	0.0543129935	0.0430783815	-0.0530270889	-0.0235303902	0.0552619605	0.0476515767	-0.0299448036	-0.0443678857	-0.0277951866	0.0943217723	0.0064105514	-0.0137613075	-0.0258131176	-0.0208331186	0.0373735496	0.0122285021	0.04426655	-0.0519548882	-0.0365384554	0.0265515235	0.0624935971	0.0379024427	-0.0700071767	0.0211449759	-0.0263712299	0.0472206658	-0.0720577116	0.0341168835	-0.0097045603	0.0617548506	0.034019931	-0.0179558369	0.0245710869	-0.0125830551	0.0598490359	-0.0273086797	-0.0744032269	0.0370764374	-0.0549813661	0.0572455839	-0.0992826148	0.0553686127	-0.1065150824	0.0184177335	-0.02879207	0.0097663246	0.0948635061	-0.0343601095	0.0842042789	-0.0772048446	0.0999040863	-0.0045208208	0.0553911356	-0.0269565717	0.0145859374	-0.0750290288	0.0575337637	-0.0230568732	0.0167199826	-0.0039152173	0.0180793155	-0.0265488967	0.0218416629	-0.0068904449	0.0747038894	-0.0041490288	0.0372588663	-0.0170626158	0.0221420098	-0.0373562282	0.0463182077	0.0188925739	-0.0617512823	0.0388413733	0.0011920407	0.0001899494	-0.0059750278	-0.0225685933	0.018314615	0.00258272	-0.0302804263	-0.0121680105	0.0670192918	-0.0283088171	-0.0450919819	0.0641307719	0.0346900285	0.0462831501	0.0003065217	-0.0280907921	-0.0141490629	0.096693256	-0.0461094762	-0.0241748342	-0.0274050753	0.0730765496	0.0285206594	0.0044940688	0.1047069792	-0.0589763956	-0.010890346	-0.0019347975	0.0442923286	-0.0297779067	-0.0023643322	0.0458198292	-0.0088236781	0.0679367708	-0.0488533922	0.0726783874	-0.0139121842	0.0469981488	-0.0115141582	0.0103150982	-0.0703884624	0.0484269772	-0.0513415837	0.0205160156	-0.040698288	0.0474846334	-0.0712421046	0.0040409423	0.0131455938	-0.0071666569	-0.0830505271	0.059486337	0.1269982477	0.0865469667	0.0865424735	0.0865349849	0.0865245012	0.0865110228	0.0864945502	0.0	0.0211496	-0.0059433999999999	0.00044730558016	3.5324003559999974e-05	0.0145889	0.045211	0.002044034521	0.00021283600321	-0.0048896	0.0643649	0.00414284035201	2.390818816e-05	0.000219182	-0.000748309	5.599663594809999e-07	4.8040749124e-08	0.00176744	0.0003513099999999	1.234187160999999e-07	3.1238441536e-06	-0.000198574	-3.1097000000000004e-05	3.9431633476e-08	9.670234090000002e-10	1.0	0.0	0.0	0.0	0.0	0.0	0.0	0.0	0.0	0.0	0.0	0.0	0.0	0.0	0.0	0.0	0.0
6304.515294328053	4.489747846102546	20.157835721582448	39746913.09641633	6463.832803666422	2.9885825132705577	41781134.51375412	8.931625438626563	4275.849373662307	-0.1392062212444216	0.0193783720331508	18282887.86624834	4350.074359190116	8091.639475356053	1.048813	23.269773	0.16071335	0.103724	0.0049490836	-0.0934296414	-0.0298223753	0.1630470634	-0.0289875053	0.0671451612	-0.1583566949	0.164138073	0.0324315864	-0.0701398354	0.0293210473	0.0969184243	-0.1508708749	0.2260561741	-0.0749500082	-0.0325384003	0.0542442125	-0.0769991001	0.0785930222	-0.0189826607	0.0303887177	-0.0686123814	-0.0506658457	-0.1371235003	-0.0252171471	-0.0297865329	0.0236252118	-0.03165145	0.0169997238	0.0029460701	0.053572635	-0.1262456053	0.0418406008	-0.0348879698	-0.0302790248	0.051542233	-0.0920915703	-0.0202183013	0.0309120784	0.0011748582	-0.0027640129	-0.0337029551	-0.008695139	-0.0791953813	-0.0002746879	-0.0271345852	0.046116136	-0.044338941	-0.018093285	-0.0574562108	0.0981502307	-0.05494279	0.0299626564	-0.0449074313	0.0638127116	0.0478057244	0.0046782777	-0.0239529297	-0.0807175031	-0.0351841835	0.0023103649	-0.0770695683	0.0669745403	0.0557262546	-0.0023012289	0.05939364	-0.0164489899	0.0283710859	-0.0366543059	0.0280755192	-0.0546061265	-0.0085257854	0.0070462528	0.0592898546	0.036482348	0.0374617014	0.0097087572	-0.0724542252	0.0484528961	0.1228288977	-0.1254217665	0.019108834	0.0434827757	-0.0354322304	-0.0194363363	-0.1590113793	-0.0789913988	0.039353928	0.1252282928	0.006897082	-0.0222612677	-0.0044211606	0.0347825103	0.0220839203	0.0334291999	-0.0018338807	0.007680655	0.0514421317	0.0643394412	-0.0267481661	0.0819355177	-0.016965038	0.0006750107	0.0497671041	-0.1434810005	-0.0194176865	0.0404455998	0.018960621	-0.021793764	0.1573876515	-0.0484264636	0.0488243763	0.0935236749	-0.0259382196	-0.1256263216	0.0108871261	-0.0312997333	0.1003672843	-0.0777278421	0.1022090944	-0.1121664783	0.0754158737	-0.0783609294	0.0488713833	0.1737741002	-0.0387736429	0.1261463032	-0.1066582983	0.0811477063	0.0477741565	0.0467526305	0.0064969115	-0.0240928378	-0.0917315116	-0.069617399	-0.0004561315	0.0162950945	-0.0450553532	-0.0036384883	0.0321660889	0.0038557019	0.0211193821	0.0874920231	0.0863460027	0.0720625123	0.048012767	-0.0101553803	-0.0752825329	-0.0163776904	-0.0030274506	-0.1041329776	0.1412542297	0.0453324025	-0.0693051893	0.0372461315	0.0111570921	0.0386776341	0.0152091031	-0.0553746608	0.0172159857	0.0862874723	-0.0269555793	-0.0712911019	0.0072848746	0.0543133299	0.0220044864	0.0052165331	-0.0572130932	-0.0086005494	0.0630256176	-0.1037323499	0.0162827315	0.0164806383	0.0313688822	-0.0501217957	0.0648270445	0.0521111574	-0.141807166	0.0595884334	-0.0174816348	0.01996805	-0.0343548621	-0.0268380323	-0.0635839699	-0.1028301115	0.0232278282	0.149852973	0.0159806409	-0.0235206834	0.1376470683	-0.0185693561	0.0475023412	-0.0612303832	0.0093149625	-0.0150340004	0.0137001939	0.0235867754	0.0224036677	-0.016444816	-0.037049725	-0.1370900237	-0.0637482132	0.0537957592	-0.0363453481	-0.0040735115	0.0865349849	0.0864945502	0.086427173	0.0863328744	0.0862116837	0.0860636387	0.0	0.0203204	-0.0008292	0.0004129186561599	6.875726400000036e-07	-0.0699	-0.0844889	0.00713837422321	0.00488601	-0.0169925	-0.0121029	0.00014648018841	0.00028874505625	0.00121156	0.000992378	9.848140948839998e-07	1.4678776336e-06	0.00156306	-0.0002043799999999	4.177118439999995e-08	2.4431565636e-06	-0.000129485	6.908899999999999e-05	1.6766365225000002e-08	4.773289920999999e-09	0.0	0.0	0.0	0.0	0.0	0.0	0.0	0.0	0.0	0.0	0.0	0.0	0.0	0.0	0.0	0.0	0.0
6275.527599110813	-28.98769521723989	840.2864740075923	39382246.64720152	6362.234704259454	-101.59809940696778	40478030.432083376	10322.173803108106	4267.188386703048	-8.66098695925848	75.01269510844546	18208896.727613363	4336.843521473708	8020.6982301958	1.206573	26.769968	0.063684375	0.034034	-0.0120976064	-0.0266308795	-0.1120860062	0.0220108983	0.0004555573	-0.0782243431	0.029567894	0.0454299133	0.1441896745	-0.0388925925	0.0221140595	0.048184938	-0.013474047	0.0192154793	-0.0670817247	0.0246525085	-0.0094214288	0.0421832701	-0.0141318415	0.0095449714	-0.1027994796	-0.0876824393	-0.0583409585	-0.1013175134	0.0160815371	-0.0024949201	-0.0185291163	0.0647074991	0.0245172431	0.0893002076	0.0038311841	0.0129079141	0.0934338383	-0.0717346279	-0.0089799453	0.0285520819	0.1353275497	-0.0747197003	-0.000135646	-0.0478718902	-0.0114566463	0.0616664139	-0.0072845548	0.0635635968	0.0347215722	0.188934382	0.0324943364	-0.0857495207	0.0020370007	-0.1577617144	0.0924296262	0.0444669637	-0.0183794181	0.1069783027	0.0384117358	-0.0036598567	-0.0697917967	0.0225182028	0.0812542563	-0.0182841307	0.0398510932	-0.0493221967	0.0193701149	-0.0168220243	-0.0085889	0.043895789	-0.0440351076	0.0705262507	0.0227531402	0.038871797	-0.0994774907	0.0749423177	-0.009921142	0.0227196282	-0.0321824052	0.0631504396	-0.0760476171	-0.0080124555	-0.1039666188	0.0932423817	0.0131477135	0.0272334287	-0.0349129259	-0.0719116934	0.0474784251	-0.0013689452	-0.0281604712	0.0141152055	-0.0139690705	0.0100272544	0.0242936663	-0.0496860414	-0.0598941742	-0.0348454068	-0.0520346456	0.1518557548	0.0186416776	-0.1066910805	-0.0163858803	0.0199115377	0.0152509623	0.0055271485	0.0319258546	-0.0488079934	0.0254100117	0.0786718276	0.0856044603	-0.0139034923	-0.0178278713	0.181771564	0.0191344228	0.0647114961	-0.0238879785	0.1037018271	0.0547497856	-0.0504605284	0.0605204076	-0.0503155043	-0.0287364755	0.0175047112	-0.0459688967	0.0312317239	-0.0590488585	-0.0156956851	0.0627866212	-0.011065367	0.063727236	0.012387624	-0.034501841	0.0266249394	-0.04610519	0.0285279045	-0.03620153	0.1395376554	-0.1321106624	0.0059120604	-0.0618285284	-0.0539633434	-0.0838231332	0.0314144456	-0.1423240005	-0.0889760073	-0.0006042271	-0.0137615731	0.0397964075	0.0112190587	0.0157565609	-0.0855079331	-0.00519203	0.0063589526	0.0300872639	0.1749262957	0.042685074	-0.0068821826	0.0095292754	-0.0032509307	-0.0423031127	0.0784527644	0.0057570103	-0.0520174514	-0.1162122437	0.046215733	0.0352179142	0.0616864391	0.0547217858	-0.0465534408	-0.0667271965	-0.0516583143	-0.0225518565	-0.0039700061	0.0426588095	-0.0064860098	-0.0902951718	-0.0376502557	-0.0739094184	0.0857007033	0.0185287913	0.0156623546	0.0765411999	-0.0455665355	-0.0084939166	0.0037251107	0.0657635331	-0.0507990364	-0.1233516195	0.0157647254	0.037360703	-0.0816790675	0.0591893503	0.0118028305	-0.0540061719	0.0278810388	-0.001378795	-0.0606150378	-0.0095059287	0.059539013	-0.0037722149	-0.0183332945	0.0341230074	-0.0774754196	-0.1111919577	-0.0729313695	-0.0712141149	-0.0938292429	0.0371069757	0.0865110228	0.0863987302	0.0862116837	0.0859500453	0.0856140413	0.0852039625	0.0	0.0250437	0.0047233	0.0006271869096899	2.230956289e-05	-0.0458243	0.0240757	0.00057963933049	0.00209986647049	-0.00366264	0.01332986	0.0001776851676196	1.34149317696e-05	0.000906683	-0.0003048769999999	9.294998512899996e-08	8.22074062489e-07	0.00153681	-2.625000000000001e-05	6.890625000000007e-10	2.3617849761e-06	-2.95017e-05	9.998330000000002e-05	8.7035030289e-10	9.996660278890004e-09	0.0	0.0	0.0	0.0	0.0	0.0	0.0	0.0	0.0	0.0	0.0	0.0	0.0	0.0	0.0	0.0	0.0
6263.426120492754	-12.101478618058536	146.44578474332795	39230506.76687092	6384.534481733273	22.29977747381963	40762280.54844116	497.2800753818735	4266.220793022935	-0.9675936801131684	0.9362375297949443	18200639.85482124	4334.763541049401	7801.780110095539	1.120687	24.864422	0.1261938158	0.069317	0.0520888032	-0.0188305963	-0.0116809235	0.1138602231	0.0548858704	-0.0709093276	-0.0167023672	-0.0194890757	0.0092788425	0.0043394625	0.0500135227	0.0414279342	0.0162556391	-0.015877084	-0.042416839	0.0417209935	0.0091030319	-0.0296993833	-0.0593685666	-0.0459914403	0.0045739013	0.0244298877	-0.0894494677	-0.1248305242	0.0033530999	0.0121966926	0.0112769314	-0.0050985587	0.0543289365	-0.04461441	0.0284557093	0.049228786	0.061514654	0.0484529864	-0.0258897252	0.0899666696	0.0314190964	-0.0037460442	-0.0036456229	-0.0783704114	-0.0238956025	0.0022159413	0.0218089416	0.0073374821	0.0272847549	-0.0024973787	-0.0476774446	-0.0565051701	-0.0830354623	-0.1342056777	-0.0194649171	-0.0853866351	-0.0238464874	-0.0366307963	-0.0024881462	-0.0782281057	0.105411196	-0.0211179498	-0.0549008399	0.0171160192	-0.0559445907	-0.0463649532	0.0220036055	-0.0977684046	-0.036099709	0.0034112839	-0.0634995965	-0.0316758855	-0.0941185779	0.0439712382	0.0254133464	-0.0548489746	-0.0725379646	-0.0017844593	0.0392611155	0.0732068044	0.0827562301	-0.0332047714	-0.0196981169	0.0586752797	0.1381816351	-0.0794232641	0.0032126175	0.1056733812	-0.0002974594	-0.0059428834	-0.0840476273	0.022225072	-0.0746988767	-0.114954605	-0.0179064605	-0.010140603	0.008401815	0.0840194195	0.0591055396	-0.0533785391	-0.0410221276	-0.0719748539	0.038399943	0.081312114	-0.068632024	0.0470063218	0.0123496239	0.0832910918	0.0333635061	0.0296898297	-0.020099679	0.036484251	0.0366460919	0.1139997466	-0.0002361695	0.0891332197	0.0336030487	-0.0216985437	-0.0171476974	0.0127312094	0.0194256419	-0.0287410589	-0.111842363	-0.0204329109	-0.0612712085	-0.0609801058	-0.0197944744	-0.0296465868	0.0159716505	-0.0741132912	0.0443752133	-0.0955726602	0.0686728926	0.033272567	0.0238979633	-0.0446602511	-0.0951224738	-0.0499587719	-0.0743902655	-0.0317167362	0.0584180261	0.014899313	-0.0057591299	0.0401705845	0.0707420879	-0.1018209993	0.0775491187	0.0290286257	-0.0051088833	-0.1142052642	0.0275287413	-0.043790212	0.0771317011	0.0580291014	-0.0079361016	-0.0243740587	0.0316396212	0.0514051335	-0.0037726607	-0.0166019172	-0.0016919088	0.0488279557	-0.0172777942	0.0677736086	0.0674338129	0.0866645942	0.0894558222	0.059998139	0.0179496413	-0.0222538332	0.129967566	0.0794996012	-0.033731247	0.0838976983	0.0549801663	-0.00530998	-0.0565594518	0.083757164	0.0426582286	0.0166528714	0.047089361	0.065393377	0.0057846415	0.0234187682	0.017706214	-0.0516013804	0.0074476132	0.0680938125	-0.1002666357	-0.0038745065	0.051207309	0.0678221144	0.0758157213	-0.01501561	-0.0264407895	0.0784699716	0.0540909543	0.0872494174	-0.0409474679	0.0339487118	-0.0050231512	0.0310699701	-0.0516052653	0.0461478483	-0.0702105565	-0.0929183832	0.0049731057	-0.081685772	1.76646e-05	0.0864750839	0.0862550665	0.0858887854	0.0853768617	0.0847201635	0.0839198044	0.0	0.0155128	-0.0095308999999999	0.00024064696384	9.083805480999996e-05	1.41608e-05	0.0458384608	0.0021011644885131	2.0052825664e-10	0.0290335	0.03269614	0.0010690375708995	0.00084294412225	0.000257224	-0.000649459	4.21796992681e-07	6.616418617600002e-08	0.00150364	-3.31699999999999e-05	1.1002488999999932e-09	2.2609332496000005e-06	-0.000109439	-7.99373e-05	1.1976894720999998e-08	6.38997193129e-09	0.0	0.0	0.0	0.0	0.0	0.0	0.0	0.0	0.0	0.0	0.0	0.0	0.0	0.0	0.0	0.0	0.0
6258.51115650357	-4.914963989183889	24.156871014974406	39168961.89607966	6337.504583027288	-47.02989870598503	40163964.33989189	2211.8113722952125	4263.982911118343	-2.237881904592541	5.008115418902739	18181550.26630925	4330.880098346599	7768.230599138858	1.333145	29.578178	0.2128589908	0.111195	0.0499662033	0.0425280365	0.032373334	-0.0159735716	0.0585665346	0.0249805424	-0.0254820059	0.012160483	-0.0345223994	-0.0557982007	0.0235215813	-0.0965500166	0.0459997528	0.0087328658	-0.0140560931	0.0201830411	-0.0306206746	0.054514854	0.032018511	0.0058280709	0.0942351467	-0.0464271628	-0.0167666699	-0.0965527787	0.0586093695	-0.0217508517	-0.0259390662	0.0535267071	-0.0008308333	0.0351748373	0.0102854194	-0.0192051463	0.0068831786	-0.0092940945	-0.0244928626	0.0354390326	-0.0064980112	0.0064005759	-0.0487213296	0.0267829709	-0.1980756572	-0.0020327216	-0.0724146337	-0.0537484166	-0.0452166519	0.1211251679	0.0382784524	-0.0133500937	0.0784481639	0.0296868524	-0.0098432035	-0.0893437099	-0.0590292661	-0.0109180684	-0.0004504794	0.0942772562	-0.0523434149	-0.040810944	-0.1261017424	-0.0111772372	0.111781829	-0.080094425	-0.0597215381	0.0074223298	0.0529713532	-0.0251546088	-0.0715635079	0.0552727001	0.0375302119	-0.0637084877	0.0434717642	-0.032563418	-0.0703248371	0.0864188168	-0.1053890625	-0.0077671044	0.0386249543	0.0041461297	-0.0171038349	-0.0642793427	-0.0235069585	-0.0336862185	0.073498439	-0.0148655771	0.071605438	0.0083906173	0.0134310017	-0.0096156909	0.0454207076	0.0017099624	-0.013340394	0.0600406725	0.0098930887	0.1339703496	-0.0443596775	0.0651311387	0.043682619	-0.0033311283	0.0593072911	0.029357237	0.1139366758	-0.0166668224	0.0430745123	-0.0207729109	-0.0100340334	-0.0957451649	-0.0589008182	0.0030078108	-0.0421971401	0.1266573786	0.0057233355	0.0046297577	-0.0399405956	-0.0370662699	-0.0544116587	-0.0574392085	0.0458408641	0.0312547965	0.0170944175	0.0514814667	-0.0060491711	-0.0060613787	-0.0688321949	-0.0100858926	-0.0156700238	0.0007558442	-0.0458455119	-0.0100644725	-0.1193677458	0.0928844434	0.0312083138	0.0554268929	0.0328368458	-0.0195881683	-0.0972662205	0.0613797108	-0.0761999137	-0.0144404068	-0.1073326812	0.0296437327	0.0275755622	0.0595200837	-0.13070415	-0.0344905177	0.0149476806	-0.117754145	0.0251822175	-0.0435867505	-0.030292211	-0.1313076612	-0.094505783	-0.0256056379	0.1085715879	0.0619373155	0.0383501031	-0.0514792904	0.0165678116	-0.0138509415	-0.0067137152	0.0127598514	0.0237899707	0.0181026932	-0.074820998	-0.0428387744	-0.0675254389	0.010637173	0.0429298076	0.0042697905	0.1022924475	0.0074331092	-0.0757383399	0.0011526796	0.0382797731	-0.144593215	-0.004881461	-0.0420506828	-0.0133760663	-0.0045992731	-0.05997644	-0.0659119098	-0.0140575759	-0.0277676737	-0.0437327228	-0.0497775321	-0.0319647182	-0.0725073713	0.1186645786	-0.0070365389	-0.0529169777	0.0471306223	0.0263173781	-0.0061074414	-0.0446776403	0.0080011215	-0.0431810413	0.0285311054	-0.0345571938	-0.0027744716	0.0052029297	-0.0052502935	-0.1248236522	-0.0144946628	0.0300453271	-0.0666451476	0.0096545428	0.086427173	0.0860636387	0.0854588803	0.084614593	0.0835331432	0.0822175621	0.0	0.0102883	-0.0052245	0.00010584911689	2.729540025e-05	-0.0747986	-0.0748127608	0.005596949178518	0.00559483056196	-0.0263398	-0.0553733	0.00306620235289	0.00069378506404	0.00106432	0.0008070959999999	6.514039532159998e-07	1.1327770624e-06	0.000817722	-0.000685918	4.704835027240002e-07	6.68669269284e-07	-5.34844e-05	5.59546e-05	2.86058104336e-09	3.130917261159999e-09	0.0	0.0	0.0	0.0	0.0	0.0	0.0	0.0	0.0	0.0	0.0	0.0	0.0	0.0	0.0	0.0	0.0
6263.125326053463	4.614169549892722	21.29056063515721	39226738.8498523	6338.595403513677	1.0908204863890203	40177791.68944472	1.1898893335259793	4258.397184085726	-5.585727032616887	31.200346482907054	18133946.57742924	4327.841263158113	7906.924399438566	1.474581	32.716179	0.12449093	0.0664045	-0.0228159241	0.0490361017	-0.1192796105	-0.0682146008	-0.0010476145	-0.0384607083	0.0595339661	0.045202774	0.0628957257	0.0816387542	0.1028065684	-0.0019879779	0.0102797779	-0.0217762969	-7.07861e-05	0.0476527324	-0.0871534219	0.1058689357	-0.0735783026	-0.0074941034	-0.0621314013	-0.069863484	-0.0066371767	-0.0343018949	-0.0359386684	-0.0419329933	0.0790973858	-0.0074482987	-0.0158587371	0.0640379665	-0.0205736688	-0.0238713423	-0.0157023919	-0.1461377333	-0.1060767384	0.0456767331	-0.0568291968	-0.0725124863	-0.0792091421	-0.0086468683	0.0174017284	-0.0367280589	-0.135060132	0.071102173	-0.1046038855	-0.0258173564	0.0319396207	0.0151382774	0.0597025	0.0983957836	-0.0244129191	0.0260518454	-0.0436240133	0.1417640569	-0.0630228585	0.0615640114	-0.0913048965	0.0415181267	0.044721267	0.0139746824	0.0852615049	-0.0048702361	-0.0059232258	-0.0364891028	0.0138288897	0.0243069035	-0.0523620986	0.0164957842	-0.0970433403	0.0544238532	0.1249567646	0.0375532469	0.0855058174	-0.0289864927	-0.0211273108	0.0992561409	0.087889918	0.0938964178	-0.002566021	0.0203578765	0.0878461655	-0.0223910196	-0.0863475647	0.0266155704	-0.0610868031	-0.039443208	0.0603752511	0.060191388	-0.0242231272	0.0687294416	-0.066289938	-0.0265302912	0.0733314681	-0.0435618409	-0.0309517789	-0.1044650898	-0.0414523553	-0.0576041174	-0.1187344676	-0.0312448427	0.0594960134	-0.0125450596	0.0710864567	-0.0912551202	0.1246619446	0.0567643737	-0.0163422464	0.0021441151	-0.0358317859	0.0738224257	-0.0350039482	0.002134891	0.0028065541	0.056890038	0.0479032884	0.0262270419	0.0038105116	0.0349080721	-0.0099305549	0.1032919897	-0.0156476662	0.0859180016	-0.1180516486	-0.0958622482	0.0200222101	0.106042162	-0.1193814384	-0.0126026326	-0.1150727949	-0.0497949076	-0.080150575	0.11143321	0.0059672591	0.0195641178	0.0322612476	-0.055255038	-0.0259803417	0.053465819	-0.0323203538	-0.0061983451	-0.0040665203	0.00857884	0.0282479446	-0.0618992732	0.0410211778	0.0721374098	0.067214251	0.0748253356	0.0452707286	-0.0314199504	-0.0564261429	0.0254884126	0.0222575154	-0.0782749741	-0.0142221936	-0.0846764085	0.0677300958	-0.1357797324	0.0294748327	-0.0092229284	-0.1049521493	-0.0293725652	0.0171193844	0.0947893314	0.049265514	-0.0047372607	0.1064396656	0.0246854784	-0.003079023	0.0022399055	0.017197868	-0.0020284762	-0.0536511625	0.0259723638	0.0120389532	0.0709241086	-0.0560372787	0.0129321284	-0.0578733496	0.0499085579	-0.0640972598	0.0243612959	0.1006051809	-0.015840725	-0.0709185664	-0.0265098576	0.0168372229	-0.0797646931	0.0365919902	-0.0202212641	-0.0352888448	-0.0532707157	0.0355742668	-0.0747570734	0.0015488521	0.0545075484	-0.0285977212	-0.0453935212	0.076524152	-0.0242549672	-0.0991227138	-0.0523979898	-0.0208582537	-0.1189960299	-0.0004624595	0.0863672969	0.0858245528	0.0849225041	0.0836649275	0.0820570877	0.080105716	0.0	0.0123311	0.0020427999999999	0.0001520560272099	4.173031839999997e-06	-0.0441617	0.0306369	0.00093861964161	0.0019502557468899	0.0110915	0.0374313	0.00140110221969	0.00012302137225	0.00031208	-0.0007522399999999	5.658650175999999e-07	9.739392640000001e-08	0.00109879	0.000281068	7.899922062400006e-08	1.2073394641000002e-06	-0.000107775	-5.4290600000000005e-05	1.1615450625e-08	2.94746924836e-09	0.0	0.0	0.0	0.0	0.0	0.0	0.0	0.0	0.0	0.0	0.0	0.0	0.0	0.0	0.0	0.0	0.0
6258.996291590023	-4.129034463439893	17.04892560027437	39175034.57813767	6353.817161277489	15.221757763811183	40370992.51894432	231.70190942014605	4263.419643483878	5.022459398152023	25.22509840608558	18176747.056444194	4328.099395255672	7686.689475711535	1.356012	30.08552	0.15148269	0.0908027	0.0815566085	0.0009593948	0.0181324794	0.0463209827	0.0381474825	-0.0392378543	0.0203903432	-0.0656267473	-0.0755860472	0.0930681064	0.0225731769	-0.0910291223	-0.0005256211	-0.0470168887	0.0151724189	0.073368153	0.0066003309	-0.0050763532	-0.0488504967	-0.0499322901	0.0833879519	0.0641575066	-0.0304740469	0.0241843828	-0.0213597451	-0.0310688981	0.065225244	-0.1092233053	0.0268151055	-0.0287476427	0.0576164126	0.001593895	-0.0717144896	-0.024056178	0.0706380859	-0.0410605142	-0.0918866654	0.092949868	0.019302076	-0.0436096389	0.0259647172	-0.0768099534	-0.0444317039	0.0165826509	0.084208074	-0.1044076129	-0.0367502927	0.060286747	-0.0355872413	0.1096773383	0.0487736216	0.0575050617	0.0433965208	0.0363121983	0.1106801289	0.0093233089	0.1265096525	-0.0003535105	0.0637343593	-0.0951885282	-0.0266202391	0.0647585493	-0.0600710261	0.024499869	-0.0919347075	0.0551597279	-0.0982380119	0.0211904993	0.0608112547	-0.0365044199	0.0051698179	-0.0257320146	0.0324532861	-0.0136885607	0.1132625495	0.0410545664	-0.0240679917	0.0606187998	-0.1216660702	-0.0493574064	0.030423496	-0.0320958576	-0.0491953388	0.0289879811	-0.0247067695	0.1043616718	0.1036219124	-0.1146030065	-0.0091446898	-0.0451980496	-0.0936123346	0.0198584968	0.1506940753	0.0573030458	0.1234821883	-0.0348261533	-0.0084177459	-0.0540158025	-0.0260987422	0.008287585	-0.0965279574	0.0745923432	0.0058947034	0.0509654889	0.0602637663	-0.0198717195	-0.091891568	0.0351178606	0.0680114897	-0.0193617569	-0.0199739239	0.0417092784	-0.0001197816	-0.0458543186	0.0128161409	0.1027390296	-0.0643619279	-0.0098433027	0.0258231976	-0.0251972236	0.0392399281	0.0180931567	0.0095116653	0.0383308103	-0.0070780899	0.0830361878	-0.0539693806	0.0239941048	-0.0715355837	-0.0416841862	0.1088634006	-0.0864426601	-0.0184435008	-0.100509005	0.1049039714	0.0408016037	0.0351926692	-0.0306246471	0.0549429485	-0.0052442249	-0.0002681833	0.0297215911	0.0471458099	0.0573052566	-0.0565939428	0.1305409655	0.0351658493	-0.0565956481	-0.0066500859	0.0295613949	0.0113734419	-0.0301765892	-0.0375962846	0.133629863	0.1617664618	-0.0422462124	-0.0646420781	-0.0734317272	-0.0023238024	0.0372102882	0.0482248037	0.0116791325	0.0225985181	-0.0665654565	0.0115621532	0.054002804	-0.0570365804	0.0318910607	-0.052074147	-0.0079346241	0.0622316027	-0.0609493596	0.1482869126	0.115522947	-0.1204109844	0.0379239994	-0.1034257807	0.1655114585	0.0270776403	0.1311045205	-0.068112993	-0.0689427675	-0.0229549945	0.1168794668	-0.0412480797	-0.0169270571	-0.0114227607	0.0644772526	0.0312753806	-0.0391564899	0.0110115508	0.0522262611	0.1103658113	0.1338782361	-0.004826433	-0.0327755672	-0.0211827115	0.0167549583	-0.0231717007	0.0499158586	-0.0392943556	-0.1147042396	-0.0062655358	-0.0158120776	0.0068258611	0.0862954639	0.0855379411	0.0842803251	0.0825299684	0.0802971043	0.0775947873	0.0	0.00703086	-0.0053002399999999	4.94329923396e-05	2.8092544057599995e-05	0.0323929	0.0765546	0.00586060678116	0.00104929997041	0.0222468	0.0111553	0.00012444071809	0.00049492011024	-0.000416441	-0.000728521	5.30742847441e-07	1.73423106481e-07	0.00145974	0.0003609499999999	1.302849024999999e-07	2.1308408676e-06	-0.000187755	-7.998e-05	3.5251940025e-08	6.3968004e-09	0.0	0.0	0.0	0.0	0.0	0.0	0.0	0.0	0.0	0.0	0.0	0.0	0.0	0.0	0.0	0.0	0.0
6256.777264016214	-2.2190275738093987	4.924083373326426	39147261.73151022	6322.758604305082	-31.058556972406222	39977276.36831395	964.6339612082032	4264.584948930584	1.1653054467060429	1.35793678412277	18186684.78664527	4331.191960988462	7799.51117095431	1.359966	30.173243	0.255124735	0.14636	0.0338107095	0.0564419143	0.0412901525	-0.0814045404	0.0703293661	0.0406653897	-0.002741202	0.0300339706	-0.053389342	-0.0514369515	0.0440436036	-0.0310123924	-0.0294977197	-0.0069749539	0.0763304808	0.0195468781	-0.0371751465	0.0196458619	0.0529011294	0.0392984902	0.0838635712	-0.0301335243	0.0011910817	-0.0627393374	-0.01421296	-0.0033830603	0.0015498932	0.0674384117	0.0506817492	-0.1347122213	0.0434937784	-0.0303502644	0.0205902219	-0.067263763	0.0157346759	-0.1139024377	-0.0522134497	-0.0670197611	0.1536290329	-0.021803486	0.0751307071	-0.0546273347	-0.0780870948	-0.0699149517	-0.0028191026	0.0037116978	-0.0115971942	-0.0282531865	0.1068340953	-0.0160447649	0.0771868816	0.0867531953	-0.1347061285	-0.0554612234	0.028789583	0.0602163363	-0.0001437285	-0.0021422514	-0.0789475775	0.0765062038	0.0222500296	0.0242554391	0.0134922784	-0.0203907372	0.0238244096	-0.0083869171	0.0960097895	-0.0376360528	0.0709438056	-0.0704858112	0.0070434163	-0.0399804328	-0.0025130983	0.0586887283	0.0556791734	0.0155423808	-0.0775195273	0.0563255206	0.0747341056	-0.0684044842	0.0223636939	-0.0534629157	-0.0486400209	0.0800348428	-0.0277242815	0.1256862205	-0.0175654378	0.1040633115	-0.0608710028	0.0075421336	0.0274405225	-0.03382701	0.0860336843	-0.0050996603	0.0793804099	0.1077715203	0.0187852912	0.1277884733	0.1167632115	0.0109191505	0.1175886209	-0.0202759603	0.0478105584	-0.0224267644	-0.0142994155	-0.1177315399	-0.0465617386	-0.025073775	-0.0515119751	0.0162005699	-0.0252267242	0.048537794	-0.0018659883	-0.0832805382	-0.0931693373	0.0770016663	0.0389911949	-0.0400306008	0.0481023858	-0.0521057769	-0.1448983757	0.0912749574	-0.0516261638	0.0508338808	-0.0687172502	0.0454345804	0.078187938	0.098703436	0.03082148	-0.109046002	0.0734784645	0.0307145164	0.0334796877	0.0559982813	-0.0216277401	0.0396331728	-0.0802260944	-0.0037458638	-0.021084891	-0.0415074585	-0.0175234733	0.057537449	-0.05365023	0.0120176744	-0.1120862354	-0.0423307045	0.0277092141	-0.0770410805	-0.0455885877	-0.0488897032	-0.0930237658	-0.0810316133	-0.0064362083	0.0107977937	-0.0592578625	-0.0298431187	-0.060242659	0.0531575332	-0.0356933244	0.0319776599	-0.1382829399	0.0113260306	-0.1271813664	-0.0186437319	0.0195664926	0.002637133	-0.0205935287	0.0652910374	-0.0135314389	0.0456198256	0.0137498096	0.1574901584	0.0147892938	0.0307289858	0.0997568049	-0.0868865728	0.0262231159	0.062719655	0.0152858533	0.0956297998	0.0565857983	-0.0157439173	-0.0370482006	-0.0414008132	0.0183701898	-0.076161889	0.1178775608	-0.0116351109	-0.0646131368	0.0462177166	0.0083813074	-0.0258230883	-0.0102660954	0.0205408263	-0.0155013431	-0.0456508749	-0.0852364373	0.0520088702	0.0183278563	0.0111982717	-0.0619072923	0.0279807695	0.0569550283	-0.0158048965	0.0531082099	0.0862116837	0.0852039625	0.0835331432	0.0812122292	0.0782592828	0.0746972852	0.0	0.00891297	0.0018821099999999	7.944103422089999e-05	3.5423380520999977e-06	-0.088525	-0.1209179	0.01462113854041	0.007836675625	-0.0219595	-0.0442063	0.00195419695969	0.00048221964025	0.000530284	0.000946725	8.96288225625e-07	2.81201120656e-07	0.000742882	-0.0007168579999999	5.138853921639999e-07	5.518736659240001e-07	-8.89695e-05	9.87855e-05	7.91557193025e-09	9.75857501025e-09	0.0	0.0	0.0	0.0	0.0	0.0	0.0	0.0	0.0	0.0	0.0	0.0	0.0	0.0	0.0	0.0	0.0
6264.991340261948	8.21407624573385	67.4710485707291	39250116.49355719	6332.97865795342	10.220053648337853	40106618.6820935	104.44949657490386	4264.57617603124	-0.0087728993439668	7.696376289937409e-05	18186609.961173236	4330.694223215048	7799.329128655204	1.370834	30.414375	0.1770097129999999	0.0957036	0.0095361848	0.0583803443	-0.0902296102	-0.0832335766	-0.0504510052	-0.067219462	0.0339421225	-0.0298207827	0.0024119201	0.1226219292	0.0431973841	0.0090277422	-0.0073486971	0.0720567932	-0.0014829377	0.0523793309	-0.0175341999	0.0455539527	-0.0437561865	0.0431625203	-0.0578991131	-0.0296211771	-0.0368197212	0.0614414571	-0.0623734895	0.0608845081	-0.0315105991	0.0262656211	0.0222266249	-0.0570525327	-0.0926034685	0.0515269374	-0.1064807916	0.0559179788	0.0380067013	0.0296734493	-0.0397226975	0.0303617671	-0.0921045103	0.0529298351	0.1266759208	0.0219225983	0.0564486291	0.0218021593	-0.0769634477	0.1067319319	-0.0422214461	0.0255606336	-0.0202725122	0.027339511	-0.0188713914	0.0548996242	0.0318802699	0.0159634039	0.0340638797	0.0880951006	-0.0867076958	0.0440175057	0.0122708056	0.0015314801	-0.0679761512	0.0669206505	0.0351804452	0.1186428069	0.0088060971	-0.0306790762	0.0027649898	-0.0857229123	-0.0139359892	-0.0390413849	0.06665223	-0.0181401755	0.0216868571	0.0964816755	0.0179483395	0.0284541831	0.1187909363	-0.0009605211	-0.0794433638	-0.0684832119	0.0422440236	0.0790703959	-0.0287096388	-0.0203586822	-0.077729512	0.0284241335	-0.0644951725	-0.0743053452	-0.0384081468	0.0501127715	0.021552219	0.0172441452	-0.0644839313	-0.0107597869	-0.0148343011	0.0325757059	-0.0950766787	-0.065803782	0.0324564163	0.0106964677	0.0474200264	0.0332643694	0.0260676908	-0.0724545671	0.0938917906	0.0530814576	0.0051898847	-0.0455191856	0.0108816647	-0.0683948581	-0.1069224366	-0.07103128	0.0696780407	0.0227012441	-0.0216468782	0.0329909733	0.0284561313	-0.0231718356	-0.0056365513	0.0281157849	0.0593547728	0.012930349	0.0159781019	-0.0939856123	-0.0943498065	0.0284025723	-0.0055401614	-0.0438251314	0.1193459797	-0.0068147916	-0.0896575865	0.0414580914	0.0204620006	-0.0023381135	0.0124741514	-0.0099526435	-0.0049892414	-0.0328697639	0.0256887563	0.0482411516	-0.0750585383	0.0763398022	0.0381703715	0.0474673489	-0.0133245434	0.0284760575	-0.1279087537	0.0934687252	0.0148845272	-0.08384666	0.0929111834	0.0052544187	0.0482625224	-0.0257787784	0.0609683553	-0.0990369815	-0.0022886469	-0.0282608233	-0.0853651243	0.1111485844	-0.0607692598	-0.0260329008	-0.0140328468	-0.1032552051	0.0013868878	-0.1073453084	0.0080690465	-0.0070163882	-0.0492418048	-0.1145415137	0.1456680271	-0.0439317912	-0.0427195148	0.037371027	-0.0328767784	0.0167044678	0.0527782917	-0.0112706716	0.0629107771	-0.0517390776	-0.0121727525	-0.0025406988	0.0938849809	0.0313392318	-0.0640959973	-0.0259061195	0.0034069061	-0.045019694	0.0212970809	0.0064336646	0.0334927468	-0.1255713497	0.0210281646	0.0107947886	0.021321362	-0.0022766901	-0.0102529757	-0.0209015232	0.0863055252	-0.0242313232	-0.0910998017	-0.0237152464	0.0187426494	-0.0072591751	-0.0965692927	0.0861159682	0.0848228017	0.0826818895	0.0797146284	0.0759506742	0.0714276451	0.0	0.00997074	0.00105777	9.94156561476e-05	1.1188773729000026e-06	-0.0287991	0.0597259	0.00356718313081	0.00082938816081	0.0408564	0.0628159	0.00394583729281	0.00166924542096	8.06164e-06	-0.00052222236	2.727161932839696e-07	6.49900394896e-11	0.00117743	0.0004345479999999	1.888319643039999e-07	1.3863414048999998e-06	-0.000200402	-0.0001114325	4.0160961604e-08	1.2417202056249998e-08	0.0	0.0	0.0	0.0	0.0	0.0	0.0	0.0	0.0	0.0	0.0	0.0	0.0	0.0	0.0	0.0	0.0
6274.993323634551	10.001983372603718	100.03967138584125	39375541.2116582	6359.04746778874	26.06880983531937	40437484.69759038	679.582846230044	4270.448310149724	5.87213411848461	34.48195910547102	18236728.76966064	4333.266275661432	7727.240771616172	1.338342	29.693485	0.0617739609999999	0.0447573	0.0837051857	-0.0183558271	0.0390611912	0.0267934166	-0.0231904506	0.0190625007	-0.0615417767	-0.0862427204	-0.1251244733	0.0141901332	-0.0200696762	-0.0888408629	-0.0344426985	0.0173915137	-0.0185267151	0.0321663025	0.0577257548	-0.078159065	0.0132337012	-0.0345586561	0.0903712014	-0.029120352	-0.0280651486	-0.0056930525	-0.0553627485	0.0498548932	0.0726189121	-0.1742067046	-0.0767529691	0.0004340804	0.0053137917	-0.0207485308	-0.0621543743	0.0258330595	0.1242228285	-0.0429027753	0.0536898729	0.0179224322	0.0027116046	0.1064440799	0.0443486137	0.1221370632	-0.0213962384	-0.0659497166	0.0411655006	-0.0460973945	-0.0148089995	-0.0646183083	-0.060862868	0.1369387291	-0.0476766603	-0.081504421	-0.0029503793	-0.0741406933	0.1017987003	-0.0516572383	-0.1085567492	-0.0467786586	-0.0410235829	0.0320215995	0.0482276506	0.0835192751	-0.0459491272	-0.0087473784	0.113856668	-0.0070216021	0.0038862738	-0.0930669848	0.1199872736	0.0738269522	-0.0575050115	-0.0213224662	0.0336041186	-0.0169965998	-0.0541156504	-0.0232566974	0.0259615897	-0.0059930315	-0.0417874294	0.0072020913	0.0200110512	0.0228696759	-0.0006863197	-0.0284281785	-0.1138616486	0.025053374	0.0859746989	0.0419034325	-0.0036046842	-0.0094388306	-0.0026584861	-0.1075818785	-0.0655582395	0.0367830353	-0.1010090288	-0.0611978914	0.079000576	-0.0459834206	-0.071851657	0.007569903	-0.0321468536	0.0768271185	-0.0403376145	0.0647859598	-0.0367401524	-0.0499102827	-0.0793795252	-0.0563424467	0.0456850787	-0.0619857929	-0.0463825874	0.0336462689	0.1233074692	-0.0076157523	0.0405843731	0.0215677884	-0.0467529092	0.0702791122	-0.0319546786	-0.0162002311	0.128281118	-0.0552072239	0.0143831826	0.0484611648	0.0195775722	-0.0233573065	0.0294816139	0.0414196174	0.014200953	-0.050035091	-0.0041685775	0.1168934727	0.1096869268	-0.1024673792	0.0138037736	-0.0100444203	-0.1246385193	0.0228271229	0.1856064349	-0.0279960876	0.0599845081	0.0820234034	-0.0506075249	0.0353207591	0.0392569935	-0.0295313843	0.0244090975	0.0235628142	-0.016386322	-0.0528838168	0.0700024521	-0.0047612097	-0.0424579296	0.1407919963	0.010301474	0.1345966293	0.0347193246	-0.0758905583	0.0160061316	0.0612205766	-0.0081536307	-0.0211202571	-0.0093736823	0.0213314649	-0.0359134783	-0.0792484115	-0.0835512315	-0.1213136128	-0.032009915	-0.002488094	-0.0289721439	-0.0562299807	0.0449922328	0.0550367165	0.0062415396	0.0116573068	0.0117846244	0.0268238742	-0.0322304356	-0.0395298477	-0.0357931311	-0.0739523798	-0.0675105659	0.0386496858	-0.0342580083	-0.0294980036	0.035600575	0.065951187	0.0162948457	0.0233560615	0.0176659849	0.0064872111	0.1449087047	0.0825197206	0.0258299872	-0.0328950387	0.0264588844	0.0213635836	-0.0198355592	-0.0045120101	-0.0086620833	-0.139843619	-0.0009230745	0.0061109759	-0.0511230589	0.0860083304	0.08439467	0.0817276244	0.0780404828	0.0733792667	0.067802156	0.0	0.000115972	-0.009854768	1.3449504783999998e-08	9.7116452333824e-05	-0.0288328	-3.369999999999762e-05	1.1356899999998396e-09	0.00083133035584	-0.00199277	-0.04284917	0.0018360513696889	3.9711322729e-06	9.73131e-05	8.925146e-05	7.9658231121316e-09	9.46983943161e-09	0.0012433	6.586999999999999e-05	4.338856899999999e-09	1.5457948899999998e-06	-0.000226007	-2.5605e-05	5.1079164049e-08	6.556160249999997e-10	0.0	0.0	0.0	0.0	0.0	0.0	0.0	0.0	0.0	0.0	0.0	0.0	0.0	0.0	0.0	0.0	0.0
6283.046110198368	8.05278656381688	64.84737144238969	39476668.42287885	6327.921791707009	-31.12567608173049	40042594.201960444	968.8077115448094	4270.766754188874	0.3184440391496537	0.1014066060699461	18239448.66868497	4334.279061993349	7992.154126948938	1.365594	30.298113	0.1376054078	0.0714342	-0.0175804476	0.019760759	-0.0277484766	-0.1372096306	-0.0515886222	0.0607124147	-0.047968515	-0.0410429539	-0.0274073882	-0.0254451111	-0.0570781454	0.0485983339	-0.009869722	0.0479899873	0.0284833102	-0.0166634521	0.0028664734	0.0412107796	0.062197707	0.0377254997	0.0094049014	-0.0966737662	-0.0267236457	0.103703105	0.0268294968	-0.0400018162	0.0152800675	0.1026043726	-0.070085347	-0.0275837592	-0.0221545144	0.0563717302	-0.1409524284	0.0266520798	-0.0814448936	-0.0852730769	0.0325147719	-0.0021766413	-0.0313252334	0.0599206147	-0.0843966192	0.0917348368	0.0096965291	-0.0389851383	0.030283877	0.0387084155	0.097919577	0.0334757226	0.0121996653	-0.0234733712	-0.0786555477	0.1165871624	-0.0032036202	-0.0286054085	-0.0737760602	0.0100699676	-0.0478720191	-0.0571617794	0.0777313112	-0.0318082576	-0.0589149933	0.0460939099	0.0467147864	0.0745527498	-0.0160187483	-0.0208542941	-0.0198180441	0.0461637169	0.0623292711	0.0143210607	-0.0027281514	0.088766397	-0.0104994592	-0.0458071884	0.1024603731	-0.0693760648	0.0174156512	0.0378162227	0.1522419562	-0.0567041737	-0.0248109871	-0.0618094223	-0.074491819	-0.0984111709	-0.0380322162	-0.0070930043	0.0223050333	-0.0630343496	0.0641193697	0.1230168279	0.0132768826	0.0283143326	0.0038839044	0.0644240294	-0.0538760151	0.1082583093	0.052276558	0.0900224128	-0.1145527447	0.1285097965	-0.0668315426	-0.0127483271	-0.0135823458	-0.1064291368	-0.0361617542	-0.0351069545	-0.0157985662	-0.1127743887	-0.01827189	-0.0905883292	0.0283619206	-0.0074799778	-0.0425822963	-0.0921064918	-0.0663908199	-0.0128781544	0.0029456704	-0.0257541794	0.0343769746	0.0087809183	0.0119817185	-0.1497818379	0.057572284	-0.0143099836	0.0464328107	-0.0264242502	-0.1124671793	0.0672658636	-0.0511356532	0.042073122	-0.0023561121	0.0519778809	-0.0058469618	0.0585828565	-0.0225940326	0.1213805329	-0.0789937609	0.003402665	0.0497562655	-0.0688343583	-0.0718944474	0.0429355467	-0.0234406779	0.0216029238	-0.0461378324	0.0970405917	-0.0359899278	0.0238463261	-0.0262106808	-0.00327396	0.0564405558	0.012640727	-0.0116185388	-0.052829514	-0.0840242126	-0.0025489104	0.0448784972	-0.003459839	0.1206606011	-0.0915137548	0.0452862156	-0.0680652719	-0.0099327171	-0.0335062608	0.124497678	-0.0249394024	0.0419975915	0.0958145365	0.1010146936	-0.1194634321	-0.0529671223	0.0989165528	-0.0741528539	0.0085400475	-0.1160631672	-0.0612071571	-0.0566988966	-0.0246089344	0.0202523992	-0.046475068	-0.0803066765	0.0247844154	0.0022539939	-0.0769747177	-0.0237909913	-0.0121788656	0.0167102353	-0.0508331866	-0.0564959129	-0.0161508166	-0.0588634035	-0.026318283	-0.0271894561	-0.0058412153	-0.0345728903	-0.002420221	-0.022802383	0.0476634177	-0.0802541272	0.0607180447	-0.0079137862	0.0456748509	0.0840863465	0.0175770762	0.0190893018	0.0858887854	0.0839198044	0.0806715369	0.0761935001	0.0705539577	0.0638388799	0.0	2.45892e-05	-9.13828e-05	6.046287566400001e-10	8.350816135839998e-09	-0.0575533	-0.0287205	0.00082486712025	0.00331238234089	-0.0530864	-0.05109363	0.0026105590265769	0.00281816586496	0.000615104	0.0005177909	2.681074161228101e-07	3.78352930816e-07	0.000719974	-0.000523326	2.73870102276e-07	5.18362560676e-07	-0.000113126	0.0001128809999999	1.2797491876e-08	1.2742120161e-08	0.0	0.0	0.0	0.0	0.0	0.0	0.0	0.0	0.0	0.0	0.0	0.0	0.0	0.0	0.0	0.0	0.0
6293.406662499187	10.360552300819108	107.34104397800812	39606967.41958916	6343.727536801939	15.80574509492999	40242879.0611792	249.8215780059034	4270.694869591039	-0.0718845978353783	0.005167395405954	18238834.66915122	4333.799507718873	8099.918061558057	1.096536	24.328587	0.1757172667	0.0967406	-0.0287044995	-0.037625952	-0.0213576238	-0.0576616575	-0.0857005174	-0.0457313014	0.0290204768	-0.1081304236	0.0343416229	0.05285206	-0.0414942434	0.0079601279	0.0242966653	0.0673601601	0.0383919917	0.0090222201	0.0391444721	0.0010892427	-0.0690156873	0.0177738711	-0.1102316517	0.0055117461	-0.0402523297	0.059360203	-0.0142918206	0.0774291484	-0.1005530002	-0.0258809199	0.0099272074	-0.0253833563	-0.0201880123	-0.0586387293	-0.0319177422	-0.0014099227	-0.0500703369	0.0252168604	-0.079798761	0.0304286374	-0.0655846048	0.1866894263	0.0228839344	0.0046408494	0.0395123974	-0.0004256091	0.0147586537	-0.0100531911	0.0076141513	0.0228632752	0.1202567078	0.0510319657	-0.0346705655	0.0384552558	-0.0612993625	0.0833570168	0.0938707668	-0.0322113784	-0.0476951545	0.0527442904	0.0148221144	0.0696341069	-0.0301933802	-0.0282200437	-0.0081258526	-0.042852387	-0.0467750236	-0.0928330871	-0.0937725375	-0.0370821301	-0.0349385025	-0.04293935	0.1689149702	-0.025066042	0.0537431636	-0.0838714528	-0.0475743567	0.0380878796	-0.0476044295	-0.0123592223	0.0326012631	-0.0045401415	-0.1326557977	-0.0620239515	0.0019044236	-0.0107256848	0.0535111789	0.0150408649	-0.114570362	-0.044758133	-0.0078329151	-0.0486843025	0.0134399938	-0.0649652998	-0.0065075643	-0.010213105	0.1041999496	-0.0724275353	-0.0366910891	-0.1622662866	0.0735808064	0.0677109626	-0.048755685	0.0455713142	-0.0584374404	-0.0409023452	0.0547728434	0.0974940719	0.0353717869	-0.0571251252	0.0504983023	-0.0550948184	-0.0681162194	-0.0878758436	0.0031772047	0.0162989656	-0.0998540235	-0.0732966385	0.0045573791	0.0268154742	0.0540739319	0.0262078027	0.0784506928	0.022994467	0.0214478732	0.0919005998	-0.0370729377	0.0303541	-0.1100183569	-0.0745600513	0.0315757214	-0.0789974024	-0.0236031269	-0.0170529736	0.0467814874	0.0351301096	0.0159255094	-0.0407059316	-0.0888497603	0.0548931566	-0.1062704656	-0.0581066301	0.0060812209	0.056063433	0.0998089088	0.0062581037	-0.0123574902	-0.1410299108	-0.011557121	0.0869786374	0.0794433285	0.0485743295	-0.0034372343	-0.0600679004	0.0677943237	-0.0526619169	0.0837131525	-0.0782320757	0.1089422318	-0.0340274096	0.1099287372	0.0389615245	-0.0597184387	-0.087808664	0.0978529961	0.0012072546	-0.0200648308	-0.0330433944	-0.0787501644	0.0061278878	0.0394359529	0.0202133499	0.0216412247	-0.0465905374	-0.001460477	0.0610597148	-0.0614495517	0.0348350556	0.0428902271	0.0081685252	0.0768694669	0.0436047748	0.0174776285	0.0037685298	0.0358623731	0.0446957557	-0.0567733656	0.0455304899	-0.0155724845	-0.0168614334	0.048850616	0.0110778324	0.0479764699	-0.0734210978	-0.0450069273	0.0033059482	-0.0113585557	0.0081779068	0.1241093302	-0.0179574549	0.0433854125	-0.0383248868	-0.0342547404	0.0152917532	0.077281937	0.0612729972	-0.0322572941	0.0857573496	0.0833984678	0.0795149427	0.0741777708	0.0674845231	0.0595575618	0.0	7.52059e-05	5.06167e-05	5.65592739481e-09	2.5620503188899998e-09	0.00261993	0.06017323	0.0036208176086329	6.864033204899999e-06	-0.00354898	0.04953742	0.0024539559802563	1.25952590404e-05	-0.00031201	-0.0009271139999999	8.595403689959999e-07	9.735024010000001e-08	0.000937466	0.000217492	4.7302770064000006e-08	8.788425011559999e-07	6.1388e-05	0.000174514	3.7684865440000006e-09	3.0455136196000004e-08	0.0	0.0	0.0	0.0	0.0	0.0	0.0	0.0	0.0	0.0	0.0	0.0	0.0	0.0	0.0	0.0	0.0
6289.169881089528	-4.23678140965967	17.950316713237783	39553657.79320367	6367.359403778685	23.631866976746096	40543265.776888855	558.4651368066227	4275.685295653373	4.990426062334336	24.904352283625787	18281484.74746647	4338.354755327539	8016.094289041784	1.166605	25.883207	0.1342658440999999	0.0683147	0.0117361591	-0.0526175492	0.077218333	0.0464975293	0.0058254689	0.0371389339	-0.0132644576	-0.1130658103	-0.0543248026	-0.029999078	-0.0216336681	-0.0697414667	-0.0670906149	-0.0086091766	0.0555753814	-0.0341928446	0.0590123401	-0.0770462991	0.0208826449	-0.020581142	0.0762511601	-0.0114048624	0.0038296219	0.0276466914	-0.0031424442	0.012451663	0.0934421736	-0.0167679095	0.0672835311	0.0276710114	0.0329666638	0.0358608513	-0.1376641257	0.0040648309	0.0211876716	0.0327015474	0.080240354	0.0014212194	-0.0450096789	-0.0079950954	-0.0186664866	-0.0153573286	-0.0682742543	0.0305122571	0.0830554059	0.0344318246	-0.0568154151	0.1022360914	0.0551577091	-0.0128662413	-0.0076543534	-0.0136743516	-0.0785876379	0.0225068942	0.0231748488	0.0295333401	-0.0136590551	-0.0115170994	-0.0394604842	0.0076781511	0.0699511498	-0.0195886987	0.0305619554	-0.0348590434	0.0303917932	-0.0504191893	0.0356515684	-0.0147494276	-0.013290783	-0.0703213634	-0.0115919975	0.0208294788	0.0053376378	-0.0821271132	-0.0681677201	-0.0703318104	-0.0156054534	-0.1066608702	-0.0400852586	-0.0434857821	0.0558884374	0.0688250087	-0.0686142554	0.0161862342	0.1136650926	0.1167690069	-0.0667121302	0.0081547693	-0.0410221259	-0.0747848346	0.0330683536	0.0494641274	-0.0300439951	-0.0709097717	0.0243510073	-0.0215734092	-0.0658908196	0.1065070519	-0.1556164158	-0.0730865061	0.0072814068	0.0294193348	-0.0736587155	0.0712129319	-0.0568908121	-0.0081492428	-0.0425597882	-0.0495688044	0.0142612197	-0.0374478586	0.0002013696	0.0117768379	0.0533017971	0.0132200178	0.0128467458	0.0180198022	-0.0177805915	-0.0132346916	0.0112219687	-0.0175710086	0.1548461876	-0.0445884436	0.0023664018	-0.1045171873	-0.001109338	-0.0012152555	-0.0169560986	-0.0143910393	-0.145711108	-0.0536355949	-0.052667815	-0.0769933407	0.1152094794	0.0867965184	-0.0321802235	-0.0026893229	0.0256509738	0.016716821	0.0008040096	-0.0516538859	-0.0577770295	-0.022310407	-0.014305387	-0.0016531754	0.0411590738	-0.0583521162	-0.0332103414	-0.0054090836	0.0224212845	0.0104801464	-0.0697729582	-0.1093892145	0.0302937624	0.0083783308	0.0334800307	0.0469358153	-0.0416218332	-0.0029073425	0.0619447405	0.0394480021	0.0248807246	0.1047495782	-0.0407806064	-0.0136721549	-0.0871855665	-0.0038924185	-0.0866969929	0.1365404687	-0.0129489374	0.0001122623	0.0708414865	0.0624767965	0.0213392447	-0.1498095584	0.0264945023	-0.0267178703	0.0325404018	-0.0128810461	-0.0437161565	0.1466991699	0.0939371937	-0.0227923084	-0.0699770081	-0.0028408454	-0.0145359964	0.0090390609	0.0483154246	0.082493878	0.0221207989	0.0190259407	0.0248061536	0.0497548373	0.0202620669	-0.0450987529	0.0240547643	-0.0210722473	0.1407528829	0.0342689068	-0.0201001599	0.0131413701	0.0719455073	-0.0373422925	-0.0042966918	0.0046616179	0.0252432441	0.0856140413	0.0828309489	0.0782592828	0.0719977591	0.0641815835	0.0549795309	0.0	0.0149494	0.0148741941	0.00022348456036	0.0002212416501244	-0.0283901	-0.03101003	0.0009616219606009	0.00080599777801	-0.0428862	-0.03933722	0.0015474168773283	0.0018392261504399	0.000438051	0.000750061	5.62591503721e-07	1.91888678601e-07	0.0007581149999999	-0.000179351	3.2166781201035864e-08	5.747383532248484e-07	0.000112864	5.147599999999999e-05	1.2738282496e-08	2.649778575999999e-09	0.0	0.0	0.0	0.0	0.0	0.0	0.0	0.0	0.0	0.0	0.0	0.0	0.0	0.0	0.0	0.0	0.0
6287.289920933061	-1.87996015646695	3.5342501899032395	39530014.54986645	6324.26082435021	-43.098579428475205	39996274.9744108	1857.487548752586	4272.279048847521	-3.406246805851879	11.602517302376128	18252368.27122148	4338.322800927023	8141.531850661675	1.177473	26.124313	0.0557651756	0.026584	-0.0552653609	-0.0059966361	-0.0214388129	-0.070152357	0.0371676553	0.0230332563	0.0010743617	-0.049754133	0.0549988825	-0.0407532701	-0.0401059133	-0.0375299543	-0.0504316964	-0.0413230937	-0.023697343	-0.0240806966	0.0069390598	0.063118419	0.0582323449	-0.0161280905	-0.0514127609	0.0099673838	-0.0562445494	-0.0177078472	0.0886207338	0.0083356004	0.0188170733	0.0811747492	-0.1247022364	0.0533250907	0.0428063837	0.0914433864	-0.0493652568	-0.011521809	-0.0617827238	-0.0477080512	0.0863185229	-0.0731335043	0.0165016771	-0.0813750964	-0.0814254613	-0.0056558461	0.041519094	0.0913402277	-0.0690716518	0.0296160872	0.0216320005	0.0093452752	0.0721557933	0.0070421592	0.0198003496	-0.0033543733	-0.0729711432	-0.0489022497	-0.061168555	-0.068516997	0.0501320975	-0.0642418766	0.0417417322	0.0234242578	-0.022474941	-0.0268668038	-0.0398586384	-0.0907539451	0.0028766662	0.0188715488	0.0983209513	0.0101249567	0.0607941784	-0.1039893767	-0.0732921035	0.0820714834	-0.0361411053	-0.0652807973	0.045575583	-0.0191065067	-0.0251732778	-0.1253723622	0.0945979863	-0.0118228564	-0.0359302716	-0.0357736632	-0.0014993993	0.0873978954	0.016955394	0.0605965291	0.0239069128	-0.021333274	0.12355992	0.0056784841	0.0051389544	-0.0049185986	-0.060807095	0.0070600489	-0.0788997865	0.0233813138	0.0130143114	0.0200905741	0.0534167741	0.0957389278	-0.0640970743	-0.0324778533	0.004755337	-0.0768044262	-0.0518564861	0.0446180285	0.0112883968	-0.0137186888	0.0516852438	0.0280090992	0.0859502466	0.0033797187	-0.0545990203	-0.1079817204	0.0186064222	-0.0867232066	-0.0485294955	-0.0506435696	-0.0151958309	-0.0225731592	0.0010712398	-0.10417764	-0.0230502953	-0.0893728687	-0.024373772	0.0128820304	-0.0234045342	0.0836380412	-0.0130107554	0.0864892406	0.0190099998	0.0141628289	0.0175686643	0.1282704384	0.0388956	0.0147575378	-0.0800143854	-0.0264821511	-0.0207219892	-0.040947714	0.0010142474	-0.1323177206	-0.0508430574	-0.0277602545	-0.0319267584	0.0514973103	-0.0140800719	0.0059183398	-0.0512118541	0.0061457645	0.0234793876	-0.055862146	0.0688273479	-0.0162609428	-0.0366082511	0.0734493398	-0.0559525598	0.0710003182	0.1187016966	-0.0814261339	0.0771498389	0.0109544644	-0.0028966488	-0.0242331866	-0.0434840962	0.0298414117	-0.0612404627	0.0516293085	0.0068318817	0.047031288	-0.03237032	0.0207472055	-0.0465406828	0.0967345021	0.0410334608	-0.1168489369	0.0289041225	-0.0569292268	-0.0374201841	-0.0180373743	-0.0021507061	0.045256955	0.0453897627	-0.0231928396	-0.0347415466	0.0213276913	0.0198412308	-0.0170199828	-0.068517189	-0.0606124553	-0.0570862143	0.0531781377	-0.0176272877	-0.0866619744	-0.0284622714	0.0225277201	0.0503332099	0.0520594131	-0.0580264225	-0.0172053633	-0.025709442	0.0563200303	0.0736099281	0.0173730211	0.0268894637	0.0854588803	0.0822175621	0.0769061215	0.0696582933	0.0606565674	0.0501275948	0.0	4.88744e-05	-0.0149005256	2.38870697536e-09	0.0002220256631562	-0.0213738	0.0070163	4.922846569000004e-05	0.0004568393264399	-0.0293971	0.0134891	0.00018195581881	0.00086418948841	0.000213337	-0.000224714	5.0496381796000016e-08	4.5512675569e-08	0.000608027	-0.0001500879999998	2.2526407743969972e-08	3.696968327290001e-07	0.000145247	3.238299999999999e-05	2.1096691009e-08	1.0486586889999994e-09	0.0	0.0	0.0	0.0	0.0	0.0	0.0	0.0	0.0	0.0	0.0	0.0	0.0	0.0	0.0	0.0	0.0
6286.166072447631	-1.123848485429335	1.2630354182018095	39515883.89039168	6356.136908984931	31.876084634721337	40400476.40576052	1016.0847716399178	4273.770566769536	1.4915179220151913	2.2246257116925143	18265114.85738561	4336.213033687258	8015.236898027777	1.223338	27.141922	0.0820817739999999	0.0515679	0.0166943295	-0.0671977871	0.0738698424	0.017859751	-0.048466272	-0.0857058367	0.0837500718	-0.0177390435	0.0388339125	-0.0412625263	-0.1049404681	-0.0012297505	0.0008929536	-0.0380737005	0.1027393147	0.0073746112	0.0851318963	0.0233284572	-0.0755431954	0.0431638842	-0.0630223487	0.0553562119	-0.0403085654	-0.0519434792	-0.003172106	0.0664223592	0.0226472896	-0.0582954957	0.0330076145	0.0499742702	0.024210859	-0.0465823195	0.0553563867	0.0811507472	-0.1051514583	0.0181144895	0.0133084174	0.0333408856	-0.0568135549	0.0326171977	0.0713312267	0.03170981	0.088760467	0.022678164	-0.0824453474	0.0086742074	0.0236264082	0.0504956814	0.0209118595	-0.0465533313	0.0174427974	0.0209118131	0.0511338284	0.0209299553	-0.0323540634	0.0075699129	0.004542768	-0.0717245775	-0.1247141487	-0.0668758163	-0.0324631634	0.0244277399	-0.0332327838	-0.03193676	0.0913207926	-0.010228987	-0.051719229	-0.0082407767	-0.0049628283	0.0498945277	-0.0700204738	0.080189417	0.0685592758	0.0758638597	0.0262680505	-0.0033428879	-0.0533204118	-0.028838507	0.0610912473	-0.0098861166	0.0747697491	-0.0505117967	0.0655365132	-0.0099755263	-0.0546218062	0.0146548994	0.0527014972	-0.0709730033	-0.0052973971	-0.1122918587	-0.0450085096	0.0727413039	0.0036265301	-0.0355598003	0.1176569747	-0.0879071193	0.0994778291	-0.0019587852	0.0062984452	-0.0278787015	0.082829644	0.0677956092	-0.0794121221	-0.0134973304	0.0281804237	0.0436415898	0.0756355703	0.0344035867	0.0713840607	0.0647958044	0.0060718527	0.0801107853	0.0476700277	0.1118994148	0.0308342042	-0.114439119	-0.0076848123	0.0141643556	0.0426344528	-0.0209862521	-0.0068463731	-0.0526787113	0.0229968084	0.0732484194	-0.0790444973	-0.0012014072	-0.0879635296	-0.0447256876	0.0563887225	-0.033469926	-0.0628112643	0.0592223265	-0.0023852458	-0.0068824711	0.0077522976	-0.0325098855	0.0137765403	-0.123296996	0.0073974242	0.1111373785	-0.0092755472	-0.0542149648	0.0255869857	0.0227568075	-0.0096082751	0.035411268	0.0429134517	-0.0279398312	0.0060634008	-0.0320797264	0.0186789208	-0.0092982113	-0.1103598561	0.0274501413	-0.1526775571	0.0056950059	0.0076244662	-0.023356125	0.0158943838	-0.0778509573	0.0796447859	0.0705899895	0.0500511104	-0.100541378	-0.0063433062	0.0125857748	0.0160295922	-0.0089039618	0.0050602474	0.1359788827	0.0212526259	0.0145452629	0.1157257209	-0.0252814932	0.0481977624	0.0229685707	-0.0107259636	-0.0323686996	0.0274412616	0.0376510034	-0.0661732662	-0.0335699926	-0.0461708309	0.0594999084	-0.0524491688	0.0459387829	-0.0656851167	-0.0604387892	0.0341526386	-0.0495439202	0.0636349454	0.0799032195	0.0391213216	0.0457369537	-0.0393580848	0.0594007996	0.0643615279	0.0510156385	0.0142540574	-0.0434720268	-0.0014760769	0.0150253133	-0.1189560697	-0.0011769804	0.0194468975	0.0852918881	0.0815586469	0.0754571448	0.0671645545	0.056921672	0.0450259254	0.0	5.21534e-05	3.2790000000000003e-06	2.71997713156e-09	1.0751841e-11	0.0227926	0.0441663999999999	0.0019506708889599	0.00051950261476	-0.0301549	-0.0007577999999999	5.742608399999991e-07	0.0009093179940099	-0.0001809	-0.0003942369999999	1.5542281216899997e-07	3.272481e-08	0.000841464	0.0002334369999999	5.4492832968999984e-08	7.08061663296e-07	2.98351e-05	-0.0001154118999999	8.901331920099998e-10	1.3319906661609998e-08	0.0	0.0	0.0	0.0	0.0	0.0	0.0	0.0	0.0	0.0	0.0	0.0	0.0	0.0	0.0	0.0	0.0
6278.56896367203	-7.597108775601555	57.71606174832216	39420428.23158567	6366.806223551433	10.66931456650127	40536221.48825326	113.8342733189562	4270.682342413846	-3.088224355690727	9.537129671081406	18238727.66980541	4337.089394652728	8064.562626772989	1.144338	25.389172	0.1820545084	0.105023	-0.044730328	-9.00112e-05	0.0651255431	0.0745179436	0.0147485478	0.0240779308	0.0468094919	-0.0675521439	-0.0047612004	-0.0939388014	0.0612045576	0.0086615467	0.0354869415	-0.015884672	0.0042086342	-0.047724313	0.0065858624	-0.029662917	-0.0664613198	-0.0798945536	0.0128614909	-0.0486705715	0.0322243587	-0.0280158235	0.019424984	-0.0404727041	-0.0117213394	-0.0044001806	-0.0070267606	-0.0555789432	0.0737364636	0.0491923484	0.0350502496	0.030939924	-0.1049088492	-0.0251874208	-0.0383168244	0.017939935	0.0608334931	0.0333720594	0.0059511644	0.0900950577	0.0024608428	-0.0682887977	0.1056184832	-0.0682921915	-0.0106821759	0.0387022402	0.0273890406	0.0091574801	-0.0061230151	0.0039353865	0.0119690977	0.0193102988	-0.1420474789	-0.0149327984	0.0266044392	0.0333210794	0.0361857772	-0.0095546405	-0.030951372	-0.0173329428	-0.0552839661	-0.0549213309	-0.0020239876	0.0471449281	-0.0124756602	0.0432267308	0.0617098739	-0.0722454828	-0.0191983883	-0.0372589039	0.1159432627	-0.0017923668	-0.0665917652	-0.0839521423	0.096814975	-0.0293725258	0.0238438013	0.0519685331	-0.0181206534	-0.0026809103	0.0097570777	-0.0778726126	0.0669448468	-0.1350365754	0.0078384043	-0.070943462	0.0159649306	0.001481317	-0.0103574051	-0.0868135635	-0.0174057822	-0.0634949842	-0.0399145573	0.0495793346	0.1047836977	0.0444358213	-0.0677836475	-0.0572657448	-0.0428508897	-0.0293563433	-0.0359056522	0.0734705925	0.0022723442	0.0443195439	-0.0431649481	-0.0103497948	-0.076994608	0.0409410984	0.0531340586	0.0564476113	-0.0194765029	-0.0600159316	-0.0139913541	0.0064051261	-0.0474002929	-0.0119208586	-0.020953306	-0.0555774536	-0.065096064	-0.049482398	0.0837753885	0.1052690081	0.0306210587	0.0304409052	-0.0664882383	0.0129567363	-0.0138205946	-0.0434270603	-0.0246445537	-0.03224863	-0.0217797638	-0.0250810978	0.0140913658	-0.050109484	0.0059727395	0.0726005364	-0.0053195711	0.0259320483	-0.0124295635	0.0134212375	-0.0278688231	0.0200207939	0.0115925533	-0.0621100135	-0.0020722725	0.0072789821	0.0360952925	-0.0681153419	0.0433289057	-0.0080118785	-0.0270345492	0.0198998465	0.013244017	0.0454994778	-0.0261987727	0.0235177599	0.1003853536	-0.2048852488	0.0489525752	-0.0554201626	0.0833406841	0.060390674	-0.0603159256	0.0471275019	0.1106354787	-0.0477740209	-0.095426394	0.046883229	-0.0441060251	0.0255637255	0.0130415681	-0.1415710977	-0.0300095237	0.1256662104	-0.0066902918	-0.0582414535	0.0607617912	-0.0313303165	-0.0016476423	0.039064107	-0.0141800567	-0.0536912744	-0.0019516012	-0.0082242647	0.0650965157	0.0523895281	0.0721136679	-0.0733530156	0.0060815479	-0.0281083863	-0.0936109911	-0.0738463008	-0.0786495722	0.0440875939	0.0371664161	0.0509165188	-0.0683206174	0.0751835546	0.0371030535	0.0351197131	-0.0542925256	-0.141121625	0.0547553611	0.0851130878	0.0808545682	0.0739141579	0.0645220656	0.0529898205	0.0396999392	0.0	-0.00434146	-0.0043936134	1.88482749316e-05	1.930383870865956e-05	-0.0643522	-0.0871448	0.0075942161670399	0.00414120564484	-0.0591277	-0.0289728	0.00083942313984	0.0034960849072899	0.000577614	0.000758514	5.753434881959999e-07	3.336379329959999e-07	0.000461226	-0.000380238	1.44580936644e-07	2.1272942307600006e-07	0.000121949	9.21139e-05	1.4871558601e-08	8.484970573209999e-09	0.0	0.0	0.0	0.0	0.0	0.0	0.0	0.0	0.0	0.0	0.0	0.0	0.0	0.0	0.0	0.0	0.0
6276.267527158422	-2.301436513607769	5.29661002616708	39391534.0724633	6344.309513885411	-22.49670966602116	40250263.20797695	506.1019457972499	4266.470971433392	-4.2113709804534665	17.73564553500559	18202774.550083797	4334.407634527706	7958.851633995408	1.259584	27.946104	0.1959504192	0.101144	-0.0202626742	-0.0044374426	-0.0200710836	-0.0174127683	0.0614648452	0.0238139368	-0.0197541552	0.0252702153	0.0451220432	0.0600535419	0.0430294352	-0.1077643622	0.0713897035	-0.0604191911	-0.0852554193	0.0025316542	-0.0415706741	0.0802722844	0.0700152326	-0.0836997088	-0.0106713961	0.0246080366	-0.0248862594	-0.0501414803	0.0606009602	-0.0370400025	0.0145710619	-0.0104920532	-0.1570932849	0.0239625803	0.0083790531	0.0201132717	0.0314649782	-0.0019013642	0.0181472653	-0.0439891499	-0.0624639858	-0.1210507397	0.1540924151	-0.0038147444	0.0491289658	-0.0577161774	-0.0163336537	0.0094265907	-0.0463787451	0.056932061	-0.034454259	0.0060568093	-0.136306716	0.0135178844	-0.0576361256	0.0675249204	-0.081303706	-0.0453115235	-0.0791496455	-0.0948459403	0.0595858116	0.0798035916	-0.01396078	-0.0483770494	-0.0216217703	0.0550962224	0.0869241123	0.0052582706	-0.0531982607	-0.0530317003	-0.0105124039	-0.0150633672	-0.0626255323	0.0457419254	-0.0718163553	-0.0272937374	-0.1678466903	-0.0240251447	-0.0493661609	0.0826325583	-0.0267089152	0.0773685953	0.04973704	-0.0657684225	-0.0348255746	0.1096555952	0.1535717866	0.0003017629	0.029910005	-0.0483454864	0.0266417542	0.0907812245	0.0375094908	0.0688278349	-0.0040873904	-0.0276035405	-0.0690767104	-0.0081082462	-0.05709389	0.0113324723	0.0898142956	-0.0108870728	-0.0700523178	0.0244669555	-0.0177946275	-0.0369190484	0.0632265352	-0.0458294829	-0.0293868794	0.0194244531	-0.0540564011	0.0345663021	0.0563210573	0.0800222365	0.0266015716	-0.042591733	-0.077613166	-0.052530466	0.0352509215	-0.018284151	-0.0512059961	0.0416672922	-0.0809826626	-0.0037737448	0.038410267	0.1183543625	0.0274617765	-0.0383797063	-0.0741489343	-0.0135874321	0.0317388958	0.1365275342	-0.0009913678	-0.0353753472	-0.0349795948	0.0162636841	-0.1239191602	0.0206301176	0.0133811942	0.0476127067	0.0672656285	0.1229213893	0.0227734783	-0.0509742839	0.0546439783	-0.0880664607	-0.0326406017	0.0744119299	-0.0072519101	0.0572409526	0.0299098673	-0.0111513059	-0.0136567399	0.0187918448	0.1447627387	-0.0162615036	-0.0178594846	-0.03332586	-0.0562270201	0.0430702807	0.0041215451	0.0738279256	-0.0582683379	-0.0266242548	0.003381966	0.0879615783	-0.0930806013	0.0574327541	0.0945252302	0.0126361243	0.0489131083	-0.0768986148	0.194394516	-0.0202476276	-0.0234067919	0.0124558307	0.0697281743	0.0014440222	0.0416299739	0.0238834466	-0.0214912997	-0.0145705392	-0.0958262477	-0.0930713194	0.1661404135	0.0136621538	0.0566478658	0.027886312	-0.0401619045	0.0221418675	-0.0231291367	0.0152804863	-0.1121321566	-0.0110493394	0.0509347042	-0.0073001244	-0.0272370537	-0.0234819825	-0.0057028843	0.0067958195	0.0710594465	-0.0362041342	-0.0428703579	0.0199493891	-0.1139514429	0.0631242741	-0.0239755758	-0.0385056797	-0.036106818	0.0849225041	0.080105716	0.0722790832	0.061736679	0.0488746174	0.0341761699	0.0	9.47342e-05	0.0044361942	8.974568649640001e-09	1.967981898011364e-05	-0.00651837	0.0578338299999999	0.0033447518924688	4.24891474569e-05	0.00459384	0.06372154	0.0040604346599715	2.11033659456e-05	-0.000210989	-0.0007886029999999	6.218946916089999e-07	4.4516358121e-08	0.000858027	0.000396801	1.57451033601e-07	7.36210332729e-07	-9.18241e-05	-0.0002137730999999	8.431665340810001e-09	4.569893828361e-08	0.0	0.0	0.0	0.0	0.0	0.0	0.0	0.0	0.0	0.0	0.0	0.0	0.0	0.0	0.0	0.0	0.0
6271.600409119011	-4.667118039411434	21.781990793799636	39332971.69166175	6349.760349023716	5.450835138304683	40319456.49003378	29.711603704977037	4265.551255831051	-0.9197156023410572	0.8458767891895734	18194927.516121857	4331.100247696071	7934.4014407689265	1.334166	29.600834	0.1346177065	0.0730316	0.0173419832	-0.0143681881	0.0544301782	-0.0247909023	-0.0456698924	-0.0704901882	0.0712631475	0.0319702575	-0.0098657472	-0.0699700291	0.0475712264	-0.0393395468	-0.0552984161	-0.0877090849	0.0368559162	0.0119072523	-0.0200832339	-0.0087443253	-0.0481306405	0.1494302185	0.0213794434	-0.0154710153	0.0127584509	-0.1132284643	0.0055442951	0.0290707654	0.0156121788	-0.0628579366	0.0243903326	0.051579376	0.0268612457	0.0385523147	-0.0595094105	0.0683864426	0.0343940198	0.0133839401	-0.0307845406	-0.068825778	0.0599745576	-0.1666046931	0.0174294698	0.0245619139	-0.0732366026	-0.0169047482	0.017478166	-0.0243069064	-0.0217084693	-0.0159213053	-0.0354133292	0.051189894	-0.0122353673	-0.0584444361	0.0531955554	0.0064196804	-0.0549909142	0.0247984271	-0.0537690989	0.0046602492	0.0320026681	-0.0079086141	-0.0450189149	0.0583524616	-0.0058117513	0.0561248341	-0.0515415074	0.0596292598	0.1068259583	0.0249695363	-0.100040787	0.0571559613	-0.0319077526	0.0695256729	0.0815584664	0.068636198	-0.155768797	-0.0311003629	-0.1071462705	-0.0712569643	0.1151307401	0.0259964053	-0.1044400566	-0.036820895	0.0531619371	-0.0053723029	-0.0322049663	-0.0280406847	-0.0862239863	-0.0204547467	-0.1199269668	0.0558574324	-0.0601123272	0.0433295245	-0.1426742867	-0.0550853403	-0.0823276197	-0.1030520799	0.0559917795	0.0246696911	0.005445825	-0.0563419224	0.0677243045	0.0104304254	-0.0210608958	-0.0023672767	0.0792189114	-0.0881757332	0.1006561427	0.0147899182	-0.0438377558	0.0854425292	-0.0280960253	0.0180586102	0.0519004892	0.0303397714	0.0262141444	0.0604930731	-0.0128273945	0.0255690847	-0.0168132577	-0.0946891955	-0.0507742254	-0.0400991132	0.0139029966	-0.1156269737	-0.0456978828	0.05198057	0.0320621089	0.0513675146	-0.0821395957	0.0769373517	-0.0276810226	0.0472679198	0.0543021459	-0.020054432	-0.0444420538	-0.0606065382	0.0280595099	0.0315542358	0.0497403589	-0.0147865581	0.0159530645	0.0339093638	-0.004750435	0.0220710199	-0.0220601667	0.1591031103	0.04120275	-0.0037601161	0.0285952045	0.1060340637	0.0023749651	0.0476989954	-0.0444434482	-0.1275607317	-0.0127794037	0.0544133208	0.055405285	-0.0698691437	-0.0141793059	-0.0838438799	0.041894186	-0.1161899344	0.0661339824	-0.0840921889	-0.1731862574	0.0078892508	0.0114898991	-0.0619136872	0.0546012908	0.0631846746	-0.0760012603	-8.59003e-05	0.0090945713	-0.082061674	0.1339798308	-0.0871449829	0.082507336	0.1178835091	0.0780136732	-0.0740974725	0.0396178913	-0.0103393365	-0.0635832724	0.0015024125	0.009180289	-0.0081463074	0.0241781	-0.1080376844	0.051124254	0.032818368	0.0271932748	-0.0068891948	0.0130920485	-0.0250367123	0.0181205776	-0.0521280388	0.0068859392	-0.0056153475	0.0156503678	-0.0082745858	0.0014280047	0.0065554372	-0.0484937776	-0.0676824566	0.0514353108	0.0847201635	0.0793125049	0.0705539577	0.0588145635	0.044590302	0.0284821367	0.0	7.84327e-05	-1.63015e-05	6.151688429290001e-09	2.6573890225e-10	-0.0437178	-0.03719943	0.0013837975923248	0.00191124603684	-0.046337	-0.05093084	0.0025939504631056	0.002147117569	0.000348464	0.000559453	3.12987659209e-07	1.21427159296e-07	0.000608027	-0.00025	6.25e-08	3.696968327290001e-07	2.81456e-05	0.0001199697	7.921747993600001e-10	1.439272891809e-08	0.0	0.0	0.0	0.0	0.0	0.0	0.0	0.0	0.0	0.0	0.0	0.0	0.0	0.0	0.0	0.0	0.0
6267.236476215349	-4.363932903661407	19.04391038765868	39278253.04880419	6342.404463895706	-7.355885128010414	40226094.38364417	54.109046016484776	4261.558357421567	-3.9928984094840416	15.94323770846019	18160879.63370961	4328.857482213882	7952.496294187514	1.338446	29.695791	0.0631493021	0.0467368	-0.034686303	0.0563087803	-0.0847857333	0.0088583805	0.0474682047	0.0131110115	0.047815479	-0.0527244283	-0.0107191928	0.0795577857	0.0553227503	0.01884713	-0.0192535345	-0.1250879936	0.0080182313	0.0070491876	-0.0787474648	-0.0090286666	-0.0760513561	-0.0701584046	0.0138013528	-0.0373334874	-0.0199153959	-0.0142895428	0.0125493126	0.0126602013	0.0307442558	0.0837497359	0.0120881518	-0.0386082332	0.0555469422	0.010903214	0.0390580376	-0.1639933927	0.0967623236	-0.1367521307	-0.0889553558	0.1020437782	0.0294008129	0.0273343657	0.0102024273	0.1104977139	-0.0280175389	0.0864988392	0.0029239187	0.0168620828	-0.0605324107	-0.0184329271	0.0331099014	-0.0349625597	0.1035642295	-0.0152406374	0.0279243346	-0.0361445471	0.0876096442	0.0056673729	-0.0543206401	0.0249603187	-0.0060812397	0.0215449359	-0.1025365382	0.0678489281	0.0049674057	0.0376006841	-0.0005811396	-0.0408947486	0.0229819015	-0.0282417772	0.0073050554	0.074872849	0.0799837126	-0.0137197669	-0.0071391627	-0.1110584905	-0.0661316019	-0.0010041232	-0.0095110565	0.0890083883	-0.0304369272	0.0884916587	-0.0681411333	-0.0334548257	-0.0356645964	-0.0559427631	-0.0695112803	0.0478203352	-0.0118832246	0.0791471266	-0.0515132687	0.0425894435	0.0780270132	-0.0206877785	-0.0475865555	-0.1018027076	-0.0951250309	-0.0705025457	0.0048701245	0.0848467735	0.0878997602	-0.0171492736	-0.1370134281	-0.0313780838	0.0423944801	0.0425967697	0.0775709794	0.0564817626	-0.0795890636	-0.0301193185	-0.0247874709	0.0217009866	0.0082680271	0.0034894291	0.0116607906	-0.084266037	0.0369816387	0.0838172126	0.0526411204	-0.1067834028	0.0573994954	-0.0753927272	0.0187250548	0.1183157134	0.0539683371	0.053705174	0.091111348	0.0549874647	-0.0392597583	0.0214684738	-0.0587635482	0.0264052977	-0.0203448729	0.0766820389	-0.0416084642	0.0581488607	0.0668897989	-0.0120091054	-0.0644058916	-0.0105978414	0.0174774425	0.0553737133	-0.001028142	0.0232433331	0.03374532	-0.0145088397	-0.0319679079	-0.0607879914	-0.1217705829	-0.0767655542	-0.0022962288	0.0300131181	0.0289503292	0.0024175688	-0.131892307	-0.0339602402	0.0726234853	0.0887097655	0.0540548608	0.0239647529	-0.0193809246	0.0627449352	-0.1727415347	-0.0694826766	0.0367544523	0.0262591051	-0.0233688726	-0.0137920613	-0.0083333842	0.0129881171	0.0753484163	-0.0653416623	-0.0546964112	-0.1028894487	-0.0647808131	-0.0388198707	0.0636884962	0.0289657642	0.0594305372	0.0391168638	0.0044248411	-0.0125054874	-0.0251464027	0.0453294102	0.0719731816	-0.0084285821	-0.0087545206	-0.0167587716	0.0416550442	0.0627442581	0.0337753499	-0.0502664249	-0.1006326915	-0.0512892705	0.0346900645	-0.0501528306	0.0319071643	-0.0765598966	-0.0121062801	-0.0235164881	0.0211490797	0.0906915297	0.0039191062	0.0110906341	0.078485405	-0.0678412098	-0.014935488	0.084506094	0.0784753741	0.0687409308	0.0557621907	0.0401516985	0.0226462068	0.0	9.47548e-05	1.632209999999999e-05	8.978472123039999e-09	2.664109484099997e-10	-0.0399581	0.0037596999999999	1.4135344089999984e-05	0.00159664975561	-0.00241656	0.04392044	0.0019290050497936	5.839762233599999e-06	0.000117578	-0.0002308859999999	5.3308344995999984e-08	1.3824586084000001e-08	0.000608027	0.0	0.0	3.696968327290001e-07	-5.00252e-05	-7.81708e-05	2.5025206350399998e-09	6.110673972639999e-09	0.0	0.0	0.0	0.0	0.0	0.0	0.0	0.0	0.0	0.0	0.0	0.0	0.0	0.0	0.0	0.0	0.0
6272.864516059155	5.628039843805709	31.67483248346459	39348829.23683406	6356.32830384518	13.923839949474312	40402909.50626335	193.8733189385769	4268.114893986629	6.556536565061833	42.988171728992825	18216804.748270493	4334.244759161496	7849.193201143957	1.405257	31.178123	0.0515645398	0.030129	0.0531484065	0.0014244824	0.0264848876	0.0022126542	0.0266151682	0.004004407	-0.0157114649	0.0662027464	-0.0566317457	0.011258854	-0.0576441068	-0.0834421904	-0.0457085131	-0.0758426153	0.0176534847	0.0147408796	-0.0116473131	-0.0385902599	0.0790271106	0.0655616075	0.0473136145	0.0592960005	-0.1151406785	0.0556071558	-0.021183457	-0.0480254819	0.0166763735	0.0450732029	0.0413088531	0.0041250305	0.0374438799	-0.015243424	-0.029344123	0.0349920705	0.0384854688	-0.1010255843	0.0370820445	0.1414837304	-0.0294591731	-0.0826175332	0.0693448772	-0.1031397703	-0.072587929	-0.0215519952	-0.131310496	0.0029494248	-0.0046636605	-0.0022448963	-0.0785982049	-0.0418245524	0.0210065613	-0.0409590857	-0.0327150245	-0.0183544631	0.0531706842	-0.1092545327	0.0478485075	0.0525123063	0.1251421838	-0.0421676036	0.0372194881	-0.0407266344	-0.0901457546	0.0004188578	0.0106999037	-0.0607702259	-0.0386250814	0.1306109664	0.0542542476	-0.0196307666	-0.0643924363	-0.0726341803	-0.002486587	-0.0266133931	-0.0591354214	-0.0389945125	0.0371364132	-0.0435920933	0.0100565852	0.0053578833	0.0941991824	0.0952218038	0.0226084461	0.0443489666	0.1063988422	-0.0092420286	-0.059497125	0.0206570439	0.0501655479	-0.015816354	0.0251024656	-0.030340106	0.0520263171	-0.117945307	-0.0516663452	0.088913893	-0.0479450197	0.0034110363	-0.0167608661	0.0458133438	-0.0541116328	0.0085576437	0.0155505664	0.0065590499	-0.0278833986	-0.1105371451	0.017966727	-0.0033266727	0.1026264637	-0.0321071468	0.0025118896	0.0546611144	-0.0270567528	-0.0364570903	-0.0195646545	0.0555239016	0.0166452292	-0.0397435588	0.0889467898	-0.0362775346	0.0174198501	0.0703320368	-0.0131081712	-0.05638919	0.057691639	0.0310077215	0.0525558592	-0.0365605883	0.0616835139	-0.0498197142	0.1472148984	0.1250900702	-0.023569183	-0.0216497718	0.0018638164	0.0141917311	0.216776147	0.0070712757	-0.0688174316	0.0014084621	-0.0735589244	-0.0365358111	-0.0190236881	-0.0510350669	0.0615230857	-0.0191517421	-0.0570617702	-0.0052659517	-0.0661597949	0.0443516331	0.042734186	0.0174874845	0.0310208623	0.110164068	0.1293272086	0.0211609156	0.0017449985	0.033719312	0.022649964	-0.0194216095	0.0700379201	0.0747789951	-0.0302673338	0.0865404714	-0.013940823	-0.061783645	-0.042739629	0.0054173756	-0.0068716279	0.0275204232	0.0454323483	0.0619443067	-0.058751675	-0.0329580556	0.0221560419	0.0518620127	0.0585912276	0.002222747	-0.0836691978	-0.0773704729	-0.0679292269	-0.0383071109	-0.0630197645	0.0353140463	-0.0050353671	-0.0197351384	-0.0077539727	-0.033726749	-0.0789391377	0.0110625604	-0.0203557572	0.0778051422	0.0978316139	0.1393062208	0.0196031545	-0.0893123043	-0.0283897633	-0.0061527012	0.0074473024	0.0003002296	-0.0233455951	0.0391076272	0.0298366103	0.070597688	-0.0070447214	0.0842803251	0.0775947873	0.0668422612	0.0525863208	0.035574165	0.0166974547	0.0	-0.00203837	-0.0021331248	4.154952256899999e-06	4.55022141237504e-06	-0.0189146	0.0210435	0.00044282889225	0.00035776209316	-0.0215158	-0.01909924	0.0003647809685776	0.00046292964964	-6.81955e-05	-0.0001857735	3.4511793302250004e-08	4.65062622025e-09	0.000608027	0.0	0.0	3.696968327290001e-07	-5.00252e-05	0.0	2.5025206350399998e-09	0.0	0.0	0.0	0.0	0.0	0.0	0.0	0.0	0.0	0.0	0.0	0.0	0.0	0.0	0.0	0.0	0.0	0.0
6264.8972198708825	-7.967296188272485	63.47780855166127	39248937.17554592	6326.835868118155	-29.492435727024716	40028852.102106415	869.8037651126837	4263.2520223571855	-4.862871629443362	23.64752048444513	18175317.806132637	4329.171903887998	7961.286628092002	1.20926	26.829578	0.106446905	0.0544379	-0.0319888579	0.0626456651	-0.0378995045	-0.0688885297	-0.0156034008	-0.023832682	0.0706487518	-0.0012302476	-0.00054844	-0.0348331139	0.0354439366	0.0476955228	0.0041667511	-0.0141172629	0.011779905	-0.0005094485	-0.080938537	0.010614025	-0.0269833234	0.1165385745	-0.0152297558	-0.0622446054	0.0434904335	0.0187113191	-0.0452484372	0.0185935352	0.0230938735	0.0470970012	0.0602349821	-0.0240369437	-0.058127128	0.0060656148	0.079846264	0.0102203301	-0.0640095311	0.1634053163	0.0778734569	-0.1220659985	0.026225408	-0.0277091646	0.0011261101	0.0698310147	0.0965584981	-0.1432964129	-0.0486946944	0.0088778102	-0.0584819207	-0.0549901534	-0.077275812	0.0735262516	0.0309583557	-0.080117461	0.0267534482	-0.0316561379	-0.0400375165	-0.0406021056	0.0407255048	-0.0230749871	0.0225851423	0.2118661901	-0.0042144807	0.0006225056	-0.0075185658	0.1028720804	0.0718400727	0.0240678112	-0.0046487157	-0.0262706741	0.0189712349	-0.0392877573	-0.0326488997	0.0227290292	0.004009488	-0.0020701592	0.0450562583	-0.0678792674	0.0541675705	0.1683244108	-0.0130731442	0.0664821567	-0.0650385532	-0.0060153429	-0.0069812807	0.093799528	0.0830089551	0.0360834802	0.0991752607	0.0591940027	0.0754272662	-0.0367975155	0.0241872242	0.1038464844	0.0312470358	-0.0450426331	-0.0618636629	-0.0097031787	-0.0699178522	0.0569452744	0.0098535653	-0.0573801972	-0.0095899281	-0.0320564082	0.0191813356	-0.0272492132	0.0849881058	-0.0451637147	0.0584934206	-0.051769136	-0.0927382679	-0.0561486578	0.02371982	0.0291742905	0.0116809275	0.0429000693	-0.0091537457	-0.0002297157	0.097227822	-0.0253719061	-0.0344753485	0.0447376234	-0.0826696515	-0.0528518993	-0.0491169185	-0.0367670826	-0.0336628157	-0.0284179677	0.0705203354	0.0493996228	0.1358242647	0.0646865063	-0.1189465801	-0.0606238333	0.0929039231	-0.1029748571	-0.0450366971	-0.0425011366	-0.0203478331	0.1147304031	-0.0064602071	-0.0043709057	0.1054940323	-0.0654136173	-0.1071211262	-0.0330162141	-0.0500786873	-0.0458476662	-0.0217865026	0.0579385473	-0.1409968662	0.0456826027	0.0614002906	0.1101826999	0.0557258308	-0.0319922359	-0.0292731021	-0.0454326801	-0.0134118208	0.0360622114	0.0443781676	-0.0104880007	-0.0405477717	-0.0236025582	-0.0862986719	-0.0545400489	0.0615600112	-0.0421407078	-0.0014064329	0.0572739332	-0.0836730461	0.015649169	0.0086878424	-0.0907855491	-0.0802949681	0.0390538237	0.0303935637	-0.077266731	-0.1084866951	0.0190632133	-0.0941054037	0.0484295729	-0.0736155539	0.046724497	0.0204435497	-0.0447900649	0.0374012661	-0.0265923498	0.0259526066	-0.0787273065	0.0503933372	-0.032004785	-0.0774384697	-0.0938916989	-0.0479590933	-0.0046952127	-0.032804214	0.0131316022	-0.0819567224	-0.0132904389	0.0911091825	-0.0143520248	0.0664999599	0.0668660407	0.0213675364	-0.0248169188	0.0241729683	0.0840428882	0.076671232	0.0648603145	0.0492939875	0.0308735405	0.0106655167	0.0	-0.0165051	-0.01446673	0.00027241832601	0.0002092862768929	-0.0585196	-0.039605	0.001568556025	0.00342454358416	-0.0410197	-0.0195038999999999	0.0003804021152099	0.0016826157880899	0.000335614	0.0004038095	1.6306211229025e-07	1.1263675699600002e-07	0.000354411	-0.000253616	6.432107545600002e-08	1.25607156921e-07	-5.00252e-05	0.0	2.5025206350399998e-09	0.0	0.0	0.0	0.0	0.0	0.0	0.0	0.0	0.0	0.0	0.0	0.0	0.0	0.0	0.0	0.0	0.0	0.0
6277.283242193696	12.386022322813917	153.41354898124462	39404284.90272581	6355.661092991842	28.825224873687148	40394427.92897026	830.8935890186323	4265.6989154599205	2.4468931027349754	5.987285856211995	18196187.237355944	4330.487003533817	7852.24941494053	1.230407	27.298746	0.16470003	0.0948139	0.0113077612	0.0200193693	-0.0255257352	0.0033925126	0.0136437633	0.0109698557	0.0074790695	-0.0581869688	-0.0509209168	0.1004814756	0.002781623	-0.0072063186	-0.0412174379	0.0072758821	-0.003281123	0.039259188	-0.002945949	-0.0133217675	-0.0411852525	-0.0547477181	0.035014412	0.0691992285	-0.0451446534	0.088253209	0.0118823498	-0.0485648229	-0.0627406966	0.0192279993	0.0196993313	0.0062551404	0.0335871104	-0.0184305041	-0.001438059	0.0937619632	0.054693697	-0.0347718449	0.021209252	0.0285039867	-0.0819673735	0.016175158	-0.0082105421	-0.0656244231	0.0071365975	0.010711022	0.1282792944	-0.0628123481	0.1247125403	0.1170151974	0.0093845762	-0.0892367264	0.0033452989	-0.0232789339	0.0645238737	-0.0951439954	0.0140779217	-0.0271576034	0.1746630408	0.0544758683	0.1532470406	0.0283455715	0.0988352127	0.0943255619	0.0035105035	0.0287478553	0.0044074294	0.0488737685	-0.0180326122	-0.0038445761	-0.0447108461	0.0334945575	-0.0836384441	0.0468548467	-0.0510532444	0.0703336497	-0.0307614583	-0.0211389395	-0.0837207623	0.0002281059	-0.0466616346	0.0301750868	0.0252241199	0.0049005331	0.0065224137	-0.1144424848	-0.0267414463	0.0165676701	-0.0006254402	-0.0675405522	-0.0636242495	2.15516e-05	-0.025374823	0.0635189941	-0.0249254049	0.0227956061	-0.0574985386	-0.064788661	-0.0005388364	-0.0577391477	0.0492767183	-0.0680213233	0.0497751198	0.0349099392	0.0016801731	0.0324437367	0.0327609382	0.0180526729	-0.0668171874	-0.0038263175	0.0735930162	-0.0693402312	0.046081961	0.012914148	-0.0378907565	0.0049601261	-0.0838239793	0.0017831448	-0.0013128307	-0.0047030816	0.0281571168	-0.0203085524	0.0317982837	-0.0914921582	0.083345979	0.0034917212	0.0539989673	-0.0990384315	0.0822157257	-0.054194083	-0.0738326863	-0.00506433	0.0352477393	-0.0824009332	-0.0247315139	-0.1044288431	0.0987442711	0.1025230103	0.1086047008	0.0092649917	-0.0383761725	-0.0756577031	-0.1004813388	-0.0107492046	0.0046329761	-0.0585911381	-0.0819595731	0.0651583317	-0.0007166109	0.0519965952	0.0537714907	0.048866332	-0.0038497468	0.0109853446	-0.0457780624	0.0521572679	-0.0731169569	0.0556907799	-0.0913987383	0.0326745811	-0.0586780946	0.0045185428	-0.0288554037	-0.0483879558	0.0797334226	0.0146237796	-0.0335874262	0.0521482382	-0.0171899316	-0.0777409568	0.0894790895	0.0114683608	0.0107204862	-0.0717221986	0.0577175875	0.0242821296	-0.0020340279	-0.0178220686	0.0288180117	0.0064926827	0.1230532996	-0.0272690179	-0.0781977382	-0.0044418507	0.0205959262	0.0704451583	0.0006850431	-0.0023642216	-0.0411059258	0.072514207	0.0082307516	-0.0258911905	-0.0280532765	-0.0296256145	0.0823752983	0.1148574702	-0.0036561268	0.017652407	-0.0035370359	0.0043414384	-0.0014800373	0.0535605297	0.0884315534	0.0299533894	-0.0096618315	-0.0002835596	-0.0038533118	0.0837938161	0.0757052197	0.06279756	0.0458924821	0.0260660896	0.0045804437	0.0	-0.0164843	2.0800000000001373e-05	0.00027173214649	4.3264000000005704e-10	0.00681737	0.06533697	0.0042689196487808	4.64765337169e-05	0.0083147099999999	0.0493344099999999	0.002433884010048	6.913440238409835e-05	-0.000410927	-0.000746541	5.57323464681e-07	1.68860999329e-07	0.000608027	0.000253616	6.432107545600002e-08	3.696968327290001e-07	-5.00252e-05	0.0	2.5025206350399998e-09	0.0	0.0	0.0	0.0	0.0	0.0	0.0	0.0	0.0	0.0	0.0	0.0	0.0	0.0	0.0	0.0	0.0	0.0
6288.487337498244	11.204095304547993	125.53175159339432	39545072.99387576	6350.041289500701	-5.619803491141283	40323024.37836373	31.582191279043755	4273.5809111047965	7.881995644876042	62.1258553458449	18263493.803759303	4337.273591784135	7882.93801206974	1.300389	28.85144	0.20380542	0.11168	0.0235397945	-0.002900698	0.0756900802	-0.0705346787	-0.0211465063	0.0783966819	-0.0629992716	0.0602619901	-0.0740757628	-0.0388233387	0.0162112094	-0.1141880839	0.0046682845	0.0605096502	0.0252741778	-0.0157615776	0.0496524352	0.0085211967	0.087824042	0.0349107737	0.0964414278	0.0018079176	0.0139272219	0.0159237539	0.0095967997	0.0148141276	-0.0974334318	0.017671106	0.0422573111	-0.0327226958	-0.0289339794	-0.0081419401	-0.1345255384	-0.0313265088	0.0379126875	-0.043011085	0.0009823935	-0.0589453538	-0.0920633962	0.0400053228	-0.1007090477	-0.0496234817	0.0559302015	-0.0109880726	0.0493066062	-0.0531897077	0.0597288546	-0.0443961274	0.0334161803	-0.0036412993	-0.0873159046	0.0092233271	0.0629815388	0.0249899472	-0.0571543744	-0.0482779307	0.0894012459	0.024308409	-0.1133172112	-0.0913029694	-0.0393118045	0.0778791865	0.0281553731	0.0006860713	0.0691106872	-0.0270080847	0.1337599896	0.1127528539	-0.0297667193	0.0072789297	-0.0126005499	-0.0469248496	-0.0360556391	-0.0659830774	0.1380685149	-0.0005051839	0.041577729	0.0609958461	-0.0090835329	-0.034251747	-0.0282864351	0.1911944223	-0.0011777558	0.038215346	-0.0412150599	-0.0604081731	0.0305165946	0.0477910313	0.0429871477	-0.0341888622	0.1326550214	0.0078546063	0.006167284	-0.0282239152	0.0087551823	-0.1043363421	0.0286926824	-0.1129708832	-0.0293843978	-0.0770603618	-0.0044914956	-0.0068452358	-0.0312884613	-0.0330467741	-0.078445436	-0.1079439314	-0.0388398024	-0.0081593249	-0.0198736591	-0.0307366268	-0.0703438992	-0.1034776034	0.0007066721	-0.0139803937	-0.110238995	0.0121626714	-0.0255437745	-0.0182819019	-0.0048218783	-0.0373975556	0.0594688035	-0.0175659758	-0.0326138671	-0.0454034953	0.0575677144	-0.0929523705	-0.0652806326	0.0120067677	-0.0080115229	0.0067339714	0.0071417436	-0.1300169969	-0.0243718573	0.0347598126	-0.0083949199	0.0584066605	0.0291647701	-0.051168529	-0.0086073235	-0.0174401738	-0.0126140561	0.0758035224	-0.0129271709	-0.0689184635	0.0284421544	-0.0299183865	-0.0695917926	0.0672022041	-0.0556183027	-0.0677571711	-0.055742572	-0.0743832055	-0.1460334507	-0.0506246047	-0.0253285864	0.0373792086	-0.0329322008	-0.0094834807	-0.0676957778	-0.0544863903	0.0173061937	0.0562233179	0.015765469	-0.0067972132	0.0490982815	0.00978251	-0.0630488024	-0.0941226982	-0.0686540693	-0.0515712117	0.014319016	-0.0377861367	0.0182476887	0.0776133225	0.1601330539	0.0327335642	-0.1458509189	-0.1012208044	-0.0269453141	-0.094259417	-0.05235478	-0.017744873	-0.086854547	-0.0406395235	0.0712714945	-0.0281525228	0.0471330396	0.0142727264	-0.0854031015	0.0846426525	0.056498209	-0.0488866455	0.0418609115	-0.0240847984	0.0396069817	-0.0409245684	0.0224088675	-0.0186907226	-0.0224407356	-0.0513420468	0.0617995119	0.0383680202	0.0441343718	0.0088950021	-0.0146698543	0.0835331432	0.0746972852	0.0606565674	0.0423893383	0.0211684467	-0.0015274489	0.0	-0.0190481	-0.0025637999999999	0.0003628301136099	6.57307043999999e-06	-0.0743701999999999	-0.0811875699999999	0.0065914215225048	0.0055309266480399	-0.0460987	-0.0544134099999999	0.002960819187828	0.00212509014169	0.000363248	0.000774175	5.99346930625e-07	1.31949109504e-07	0.000174336	-0.000433691	1.8808788348100006e-07	3.0393040896e-08	-0.000154972	-0.0001049468	2.4016320784e-08	1.101383083024e-08	0.0	0.0	0.0	0.0	0.0	0.0	0.0	0.0	0.0	0.0	0.0	0.0	0.0	0.0	0.0	0.0	0.0
6307.715905680265	19.228568182020357	369.7378343306056	39787279.9467718	6345.50637243548	-4.534917065220725	40265451.12261929	20.565472788430156	4277.657897064094	4.076985959297417	16.62181451230828	18298357.08431481	4339.094456630077	8192.060002681983	1.328809	29.481977	0.0604902349999999	0.0309069	-0.0631828534	-0.0209907764	-0.0672963685	-0.1090085655	-0.1153109053	0.0251382723	0.0122402477	-0.0085311394	0.0099422509	0.0312063321	0.0534992799	-0.0051298296	0.0472357443	-0.0006351152	-0.0547409638	-0.0591453431	0.0558928872	0.0705121359	-0.0137627623	0.0235820153	-0.0873429353	-0.0740970409	-0.0220736469	0.0978564399	-0.0800756725	0.0934135284	0.0214620635	-0.0028491368	0.039434396	-0.077023767	-0.0677020431	0.0687228653	0.0822211346	-0.0070799309	0.0799535887	-0.039678592	0.0128099886	-0.1124603781	-0.090136881	0.0515188442	-0.097588627	0.0547690765	0.0745636125	0.0406847685	0.0710576336	0.0261640395	0.0223275586	-0.0309321418	-0.0261073206	-0.0085215573	-0.0550163951	0.0822119646	-0.0550779272	0.0614925105	-0.0155064822	0.0419557308	0.0724329251	-0.08140894	0.0003721014	-0.0607056119	0.0376121348	-0.0422622508	-0.0788835203	0.0840098565	-0.0277127017	0.0143161914	-0.0344439162	-0.025481496	0.0780446951	-0.06986955	0.0517574181	-0.0357560512	-0.0515680005	-0.047471152	-0.0299268445	-0.0088174541	-0.0679704059	0.0622147623	-0.0250755403	0.0315266324	-0.1054524177	-0.0105179596	0.0085884874	0.0022028575	0.0232387987	0.0624691147	-0.0306752288	-0.0060996675	-0.0711990215	-0.0258104008	-0.0332685479	-0.0339857046	-0.0189232683	0.0666714336	0.0303217041	0.0426853557	-0.0349584096	0.056424574	0.0398245511	-0.054391459	0.0904770682	-0.0118146876	-0.0842759322	-0.1063201723	0.0228404869	0.0757063744	0.0106593427	-0.0678708652	-0.0320191321	-0.06903997	-0.0425322627	-0.0226681524	0.0185169984	0.0421131767	0.0490396969	0.0538053932	0.026077196	-0.0733336065	-0.0678112284	-0.0194252978	-0.0091738222	0.0568232347	-0.0195837845	-0.0166172859	-0.004051495	-0.2143142108	-0.0575042266	0.0236530064	0.0157896513	0.0327251285	-0.0652739473	-0.0614435624	-0.0050852815	0.0635882033	0.013674089	0.1288321992	-0.0117602315	0.0480152606	-0.038990019	0.0200658417	0.0224968624	0.0462509825	-0.0487032922	-0.0435207215	-0.062852057	-0.0280383925	0.0098252811	0.0259983123	-0.0512840677	-0.0879588096	-0.0255352157	0.0684342467	0.0999223571	0.0441193966	0.0967806695	-0.0632651084	0.0718642379	0.1032026909	-0.042379458	-0.010712368	-0.0133388809	-0.0050168676	0.0443011313	-0.0514909521	0.0427093826	-0.0270229044	-0.0664239257	0.010332636	-0.0178483529	-0.0559321922	-0.0499477458	-0.0352686642	0.0771018878	0.0154791621	-0.0261339687	-0.0414265681	-0.0149828156	0.0761716414	-0.0151641703	0.018401407	0.0438587299	0.0575448249	0.0204107941	-0.0910434123	-0.0140500702	0.0562047396	-0.0525113376	-0.0682192985	0.0277360443	-0.0593657378	-0.1133314623	-0.059824575	0.0046042802	-0.0556743205	-0.0179501718	0.0528813935	-0.03298135	0.0212678741	0.0266331372	-0.0455389978	0.1611648941	0.0262772862	0.026537004	0.0219812066	0.0061769976	0.0832609058	0.0736479869	0.0584400044	0.0387923142	0.0161975583	-0.0076277318	0.0	-0.0165959	0.0024521999999999	0.00027542389681	6.01328483999999e-06	-0.0602177	0.0141524999999999	0.0002002932562499	0.00362617139329	-0.0707042	-0.0246054999999999	0.0006054306302499	0.0049990838976399	0.000422211	5.8962999999999984e-05	3.476635368999998e-09	1.78262128521e-07	-1.96768e-05	-0.0001940128	3.7640966563840003e-08	3.8717645824000006e-10	-2.23471e-05	0.0001326249	4.9939287841e-10	1.758936410001e-08	0.0	0.0	0.0	0.0	0.0	0.0	0.0	0.0	0.0	0.0	0.0	0.0	0.0	0.0	0.0	0.0	0.0
6301.333838589952	-6.382067090312376	40.73078034524827	39706808.14535879	6391.342786913923	45.83641447844275	40849262.61983664	2100.976892239596	4271.358208481932	-6.299688582162162	39.68607623222431	18244500.945165977	4335.888449518889	8229.641679698823	1.08412	24.05312	0.187157985	0.0948832	-0.0422964168	-0.0736317428	-0.023255706	0.0789163773	-0.0518036817	0.0217305253	0.0248915331	-0.1075830823	-0.0082430261	0.0849632777	0.0191225573	-0.0706004186	0.0093669792	-0.062595998	0.0121332012	-0.0293956259	0.0328946309	-0.017120165	-0.0297910023	-0.0842387957	-0.0199480135	0.0344036548	0.0080341883	-0.0059619013	-0.0099958925	0.0356118844	-0.0817549536	-0.0029081709	0.0041597631	-0.01825786	0.0308879423	-0.0220840195	0.0336619502	0.018713225	-0.0038332065	0.1150512417	0.0412810664	0.0727477092	0.0439108865	-0.0880486879	0.0182631737	-0.0560484762	0.0725618308	-0.0362915734	0.0326658596	0.0541435016	0.0352655117	-0.0513312218	-0.0799135302	-0.0558479174	-0.0428667317	-0.0656773003	-0.0321824775	0.0003856626	-0.0754018483	-0.0549389954	-0.0121069247	-0.0642819743	0.136014514	0.0808483492	-0.0819247653	-0.0452351982	-0.1223422841	-0.0130841609	-0.1407470562	-0.0355498011	0.0587269481	-0.0061020237	-0.0348039091	0.0097416221	-0.0189258742	0.018947662	-0.0407008206	-0.0602351416	-0.0083969448	-0.1318836648	0.1084523535	0.0080947599	-0.0027511621	0.0191052833	0.0648637916	0.0029240852	0.0048237489	-0.0059276546	0.1320244912	-0.019351321	-0.0298435944	-0.0749953543	-0.068231712	0.1317926877	-0.0122725876	-0.1081221969	0.0464374954	-0.0580119903	0.1203564262	-0.0638094738	0.0378833121	0.0225499188	-0.0490366759	-0.0300615932	0.0046182679	0.012973724	-0.0542926818	0.0484486209	-0.0058588753	0.0772947152	-0.0323877778	0.0170999358	0.0394744935	-0.0257127485	-0.0043822482	0.0014205981	-0.0337792796	-0.0018883971	-0.0084687881	-0.0407395028	0.0474955818	0.0287593601	0.0324180614	-0.1397488908	0.0359465793	-0.0300341955	-0.0142934937	0.0220163935	-0.0049628428	0.0378020154	0.0687092937	-0.0214726791	0.0379260794	0.0408218476	0.0269087284	-0.1212748977	-0.0519760587	-0.0347524823	-0.087025323	-0.0334748748	0.0627589992	0.0070458675	-0.0083479958	0.0506952027	0.0324365263	-0.0803507415	-0.0742808164	-0.1282121342	-0.0279032881	0.0269926467	0.0182131398	0.0425601776	-0.0183353275	0.1469793942	0.1890826003	0.0007939819	0.0384330708	0.0743939824	0.0073167023	0.0007077799	0.0495753867	0.0425544565	0.0862774137	0.060762258	0.0391702338	0.0144325798	0.0280273972	0.1763473615	-0.0537977653	-0.049248996	0.0908409694	-0.0345556612	-0.1574835819	-0.0782420604	0.0326906753	0.0540625505	-0.1228120249	-0.0532208526	-0.0485133657	-0.091666283	-0.020153813	0.0387057059	0.0608306595	0.0360234444	0.0853005593	0.0140578441	0.0058889405	0.0252330218	0.0205281905	0.0845424934	-0.0433424687	0.0934687435	0.0251412254	0.0549874885	-0.0095285543	-0.0577603915	-0.0722548881	0.0700209614	-0.008331885	-0.0037371318	0.0449958646	-0.0828013582	-0.036510685	0.069689559	0.2061441843	0.0390187118	0.0762277432	0.0962691359	-0.0062404673	0.0829771415	0.0725579056	0.0561506324	0.0351093765	0.0111706243	-0.0136900138	0.0	-0.0254758	-0.0088799	0.00064901638564	7.885262400999999e-05	-0.00213385	0.05808385	0.0033737336308225	4.5533158225e-06	-0.0217512	0.0489529999999999	0.0023963962089999	0.0004731147014399	-0.000476262	-0.0008984729999999	8.072537317289998e-07	2.2682549264400003e-07	0.000285661	0.0003053378	9.323117210884001e-08	8.160220692099999e-08	-0.000243361	-0.0002210138999999	5.9224576321e-08	4.884714399320999e-08	0.0	0.0	0.0	0.0	0.0	0.0	0.0	0.0	0.0	0.0	0.0	0.0	0.0	0.0	0.0	0.0	0.0
6292.066891989065	-9.266946600887422	85.87629930369896	39590105.77326493	6354.021380476123	-37.32140643779985	40373587.7035477	1392.8873784954485	4275.24226104236	3.8840525604282448	15.085864292169203	18277696.390602592	4340.611003949804	8094.642809011641	1.062258	23.568066	0.1883051	0.0946271	-0.0130867239	-0.045662836	0.0282498382	0.0097490779	-0.0002648097	0.0737655146	-0.0244048277	0.015877477	0.0105089043	-0.0900152363	-0.0190632239	-0.0672269162	-0.0459963904	-0.0705869268	-0.0499974999	-0.0492798182	0.03557776	-0.0298407445	0.0743449968	0.0262797896	0.0533515004	0.009774474	0.0498676365	-0.0439616755	0.0322737982	0.0978297722	-0.0167975047	0.0735902553	0.0477059593	0.1343763383	-0.0279870142	-0.0272096976	0.0782096111	-0.0868957265	0.0309845909	-0.006153056	-0.0609068199	0.1034694093	-0.0083072791	-0.0111530616	-0.0395248798	-0.0968747919	-0.0560491076	0.0710501829	0.0687859785	-0.061099835	0.0275117652	-0.088634166	0.060462524	-0.0014061505	0.0431458758	-0.1098451673	-0.0075872167	0.0678643906	-0.0945506133	0.0118778877	-0.0071791186	-0.0580210077	0.0611968696	-0.0877440418	0.0771720557	-0.0694016756	0.0373652036	-0.0411803015	-0.1107859897	0.0315062865	0.1439817219	-0.0426797548	-0.0145028243	-0.0034588669	0.0393104331	-0.0635558426	-0.052244644	0.0005418072	-0.0322166389	-0.0031962448	-0.0355703388	-0.0771733483	-0.0611063157	-0.1820871343	0.020250948	-0.0659074163	-0.0647843145	0.0455284317	-0.0425070897	0.0210714305	0.0114075518	-0.0854028609	-0.0292794665	-0.0260554863	-0.0634373894	0.0459711894	-0.0806020235	0.0480564668	0.0268224932	0.0884836313	-0.1158322708	0.0153989142	-0.1231974491	-0.0269393951	0.0385078966	-0.035847878	-0.0270892283	0.0117869882	-0.0938387429	-0.0640576574	0.023452043	0.0130466362	-0.0296254226	0.0542525869	-0.0079976231	-0.0777291449	0.039102508	0.005718111	0.0835628586	-0.0972113377	0.071688063	-0.0476369398	0.0596933543	-0.0279382586	-0.002794911	0.1454631415	0.0065793921	0.0140413524	0.0762932968	0.0557747338	-0.0590607234	-0.0422378192	-0.1654065586	0.002684988	0.129258124	-0.1121763703	0.0697483499	0.0857173027	-0.0194261522	-0.0081928143	0.039785661	-0.0037723537	0.0254939371	-0.0030121559	0.0776850193	-0.0293114225	0.0053061805	-0.2013634128	-0.0069750673	0.0564914137	-0.0094510686	0.0528586689	0.0797716973	0.023169634	-0.0791745044	-0.0400379858	0.0294240927	-0.0443983461	0.0207439292	0.0602288695	-0.0190479018	-0.0365358351	-0.0696944164	0.0464092229	0.0548503822	0.007808126	-0.0123179127	-0.0498029553	-0.1052021684	0.0341620859	0.0090533663	0.014261984	0.0430085471	-0.1008733236	0.0357540904	0.0612325123	0.0054868642	0.0279158407	-0.0549303702	-0.1251582256	0.0016756298	-0.0184753101	-0.0538803812	0.0753940701	0.1742299901	0.0150683733	-0.0662048391	-0.0586754733	0.0520017312	0.0313932494	0.0072950176	-0.0045274397	-0.0775139793	0.0809350674	-0.0444723434	0.0328262158	-0.0334087174	-0.0395184059	0.0670079983	-0.059062385	0.0046387319	-0.0894539931	0.0757205646	0.0332513865	0.1066055413	0.1576419101	0.0671703498	0.1108507686	-0.0538022451	0.0826818895	0.0714276451	0.0537913037	0.0313486816	0.0061050386	-0.0196840927	0.0	-0.0347078	-0.0092319999999999	0.0012046313808399	8.522982399999995e-05	-0.0458623	-0.04372845	0.0019121773394025	0.00210335056129	-0.0703397	-0.0485885	0.00236084233225	0.00494767339609	0.000479682	0.000955944	9.13828931136e-07	2.30094821124e-07	-0.000493518	-0.000779179	6.071199140409999e-07	2.43560016324e-07	-0.000243361	0.0	5.9224576321e-08	0.0	0.0	0.0	0.0	0.0	0.0	0.0	0.0	0.0	0.0	0.0	0.0	0.0	0.0	0.0	0.0	0.0	0.0
6283.647994146865	-8.41889784219984	70.87784087739712	39484232.11434592	6345.571613887776	-8.449766588347302	40266279.10697831	71.3985553975504	4269.931321633569	-5.310939408791455	28.20607740385413	18232313.491467398	4337.513221340735	8197.104013094937	1.220167	27.07156	0.089656815	0.0448229	-0.0714202517	-0.0094580474	-0.07030988	-0.0125260299	0.0179851265	-0.0216996863	0.0741033758	0.0506801071	0.1337336413	-0.0260880548	0.0194614555	0.0394592861	-0.0448933474	-0.1010343749	-0.0848199281	-0.0470291485	-0.0376882408	0.0334595593	-0.0146227444	0.0120368671	-0.1064215448	0.0077400512	0.1122615004	0.0151201846	0.0629892538	-0.0012836285	0.0496453573	-0.0284248119	0.0765393127	0.0317525847	0.0342872023	-0.0001491289	0.0147615561	-0.0280382003	0.0516901099	0.0823159564	0.030720822	0.0048818722	-0.04825479	-0.0876928753	0.0086643334	0.0282632169	0.0442089184	0.0144645681	-0.0196465879	0.0392630261	-0.1034264591	0.0562007252	0.0703712682	0.0514052249	-0.0858101351	0.0473623256	-0.0039803799	0.0116837537	-0.0159263382	-0.0188147712	0.009249638	0.2014828509	-0.0580868389	-0.0470936759	0.0093245966	0.0210595941	-0.1257936498	-0.0011361549	-0.0279518936	0.1184061451	0.047031413	-0.0154105445	-0.025871276	0.1185274602	0.0488076115	0.000745698	-0.0168023522	-0.034238798	-0.0234842103	0.008078737	-0.15318388	-0.0476033779	-0.0259331757	0.0255686216	-0.0139608893	0.0163021387	0.0203763877	-0.0622672917	-0.0337646259	0.0081721848	-0.0021453364	-0.0135198665	0.0780259803	0.0550250548	-0.0789871442	-0.0031373483	0.0090808455	0.072215929	0.0218418877	0.0811415876	-0.0831180262	0.0770522126	0.016020301	-0.0271809257	0.022951996	-0.0586039877	0.005127163	-0.0300158811	0.0179890051	0.0663754448	0.0916639617	0.0406357761	-0.0499182073	0.0127345407	0.0794389541	0.0021974069	-0.013504085	0.1194498651	0.099164694	-0.0007399031	0.031737997	-0.0747889009	0.0117496735	-0.0413851082	0.0340422527	0.0420017707	-0.0888218465	-0.0420130197	-0.0099979479	0.0672128396	0.0053365529	0.015769078	-0.0479303375	0.0313827336	-0.1026168805	-0.0722678359	0.0171412268	-0.0144867463	0.0210096726	-0.0782727308	-0.0067264081	-0.0626185714	-0.1339115996	0.0129209824	0.0519214746	-0.0054898874	0.0760259432	0.0773114606	0.0547077861	0.0239742502	0.1326001808	0.0024653711	0.0530679651	0.0096239782	0.0499130491	-0.0640387688	-0.0048009735	-0.0100258359	0.022927322	0.1149880843	0.0690664094	-0.0852996483	-0.0019833308	-0.0714304121	0.0396097041	-0.079047749	0.0531399901	0.0263944675	0.1371223056	0.1507384875	-0.0849630578	-0.0282185281	0.0572236087	-0.0470139427	0.0650996905	-0.0257615572	0.1042502161	-0.029087377	-0.0818974587	-0.0694754174	0.019837315	-0.024812803	-0.0320128071	0.0682519846	0.0469721802	0.0665737993	0.0497764854	-0.0423475577	0.0549016745	0.0473293187	-0.0757404508	-0.0712120973	0.0424974254	-0.0317986385	-0.1218530523	-0.0182504332	-0.0763964047	-0.0769511795	-0.0139070237	0.0704749284	-0.0591213595	-0.1161615639	0.1335591173	-0.0136978295	0.0834582977	0.1038681931	-0.0178021288	0.0100785144	-0.0449640927	0.0823751908	0.0702578312	0.0513649577	0.0275185584	0.0010183286	-0.0255801066	0.0	-0.0444567	-0.0097489	0.00197639817489	9.50410512100001e-05	-0.0199512	0.0259111	0.00067138510321	0.00039805038144	-0.0489874	0.0213523	0.00045592071529	0.00239976535876	2.41227e-05	-0.0004555593	2.0753427581649e-07	5.819046552899999e-10	-0.000296187	0.0001973309999999	3.893952356099999e-08	8.7726738969e-08	-0.000243361	0.0	5.9224576321e-08	0.0	0.0	0.0	0.0	0.0	0.0	0.0	0.0	0.0	0.0	0.0	0.0	0.0	0.0	0.0	0.0	0.0	0.0
6274.439405308436	-9.208588838429025	84.79810839523958	39368589.85088728	6375.518029454766	29.94641556699025	40647230.14390279	896.7878053108763	4265.161261155657	-4.770060477912011	22.75347696293817	18191600.583662912	4332.245285604533	7997.257275722903	1.227721	27.239166	0.121128185	0.0635705	0.00233946	-0.0139186399	0.0540868995	0.1022106398	0.0603546868	-0.0170890912	0.0063768495	0.005425204	-0.0065148897	-0.0181528108	-0.0095711185	-0.0054872602	0.0166756302	-0.022158214	-0.0225214338	0.0036895467	-0.0411382056	-0.0619494202	-0.0268994164	-0.0439794569	0.0400704092	0.1030902784	0.0404751588	0.0236940968	0.0642797799	-0.0582787575	-0.0368319292	-0.0410997866	-0.0188223463	-0.0048385902	-0.0136527163	-0.0959041591	0.0933173751	0.0225616424	-0.0064818289	0.0285187294	0.171629279	0.0949922229	-0.0938312456	0.056220381	0.1387900111	-0.015607677	0.0626976629	0.0159558241	0.0151954983	-0.080690831	0.0208139739	-0.0240049467	-0.0952803101	-0.085896204	0.0140447821	0.0558454143	0.1002075057	-0.0989976146	-0.0448501311	0.0227290718	-0.0801167037	-0.0136048603	-0.0057975075	0.0050286886	-0.0416380764	-0.014850829	-0.0075259243	0.0049969066	0.0479697408	0.0503386744	-0.005766851	-0.0337743955	-0.0573372327	-0.0719384887	0.0158814851	-0.0896861699	-0.0002097513	0.0680588765	-0.0300301959	-0.0113753396	-0.0342664748	-0.0218560815	-0.0630834444	-0.1533575342	-0.0362924008	0.031538203	-0.0112724138	0.0501170822	-0.0707566307	-0.0118368464	0.0823611485	-0.0890628275	0.0454431885	0.0827755453	-0.0201766843	-0.0174185007	0.0471232054	0.0124850543	-0.0157371978	0.0342134659	-0.0079938852	0.0346330172	-0.0911607137	0.0110181487	-0.0219417729	-0.000386245	0.0173510779	0.1083296732	0.0048038024	-0.0144064912	-0.0150127338	0.0664849125	0.0545640128	-0.0293115333	0.073592084	-0.002252223	-0.0705342826	0.0664058661	0.0753556109	-0.0556555043	0.0322209155	0.0026594561	0.0516775034	0.0124616017	0.0754622519	-0.1024632018	-0.0265378449	0.1068697192	0.0422499961	-0.0723898633	0.0413503173	-0.1063181303	0.0693836305	-0.1450029168	-0.0106604813	-0.0192354665	-0.0048431683	-0.0312684825	0.0322032902	-0.021524314	0.0908550288	-0.0863572061	0.0512942294	0.0029917173	0.0412509729	-0.0031003399	-0.0061083677	0.0648915473	0.0032636437	0.0179435723	0.0129235671	-0.0268610563	-0.0432183856	-0.0410591224	0.0559204333	0.0043564732	0.0326850435	-0.0641002493	-0.1283197251	-0.0544095904	-0.0065075244	-0.0510740895	-0.1223104943	0.0424210903	0.0397835822	-0.0288388813	-0.0083814019	-0.0034231229	-0.1637120355	0.0350052946	-0.0386941097	-0.0100662814	0.0570809066	-0.1162136288	0.033527046	-0.017218613	0.0076565083	-0.0024244855	-0.147331149	0.0024300285	-0.0681845965	-0.0217950532	-0.1217712426	0.0217985843	0.0367260201	-0.0010391706	-0.0328318132	0.0726046049	0.0793248342	0.0197137616	-0.0889315842	0.0807719986	0.0195407435	-0.0206301997	-0.0133411919	0.0911365414	0.0186127169	0.0425701092	-0.0202481813	-0.0092921922	-0.0315348043	-0.0681942621	0.0105835842	0.0389430919	0.1087356582	0.0555574023	-0.045430202	-0.0189825836	0.1165974155	0.0820570877	0.0690491117	0.0488746174	0.0236274896	-0.0040719049	-0.0313486816	0.0	-0.0376282	0.0068285	0.00141588143524	4.6628412250000014e-05	0.0270071	0.0469582999999999	0.0022050819388899	0.00072938345041	-0.0230255	0.0259619	0.00067402025161	0.00053017365025	-0.000368735	-0.0003928577	1.5433717244929e-07	1.35965500225e-07	0.000138545	0.000434732	1.88991911824e-07	1.9194717025e-08	-0.000243361	0.0	5.9224576321e-08	0.0	0.0	0.0	0.0	0.0	0.0	0.0	0.0	0.0	0.0	0.0	0.0	0.0	0.0	0.0	0.0	0.0	0.0
6277.202472961641	2.7630676532053258	7.634542856189586	39403270.88655575	6343.341012721048	-32.17701673371812	40237975.20366889	1035.3604058819758	4266.824732392011	1.6634712363547806	2.7671365541797024	18205793.29695216	4332.452710116489	7929.849656023828	1.089954	24.18255	0.2316946	0.127589	-0.0124267428	0.0491652799	0.0554529988	-0.0335926237	0.0380966481	0.0316325302	-0.0296079025	0.0903230928	-0.0248942634	-0.0876673063	-0.0153826164	-0.0172076521	0.0642847148	-0.0371513059	-0.0011104331	-0.0240764738	-0.0655888904	0.0056475198	0.0781575273	0.0765431842	0.0769602839	-0.0090558455	0.0464193595	-0.0052240245	0.0294635378	-0.04426923	-0.1100571863	0.1323317932	0.077747798	0.0085185962	-0.0414278774	-0.0514100075	-0.0235533639	0.0728674174	-0.045839028	0.0577701878	0.0397509879	0.0522005826	0.1817159279	-0.0107413903	-0.0284518432	-0.0547443956	0.0651088616	0.0553861021	0.0086328428	-0.0017751261	0.0644369396	-0.0753054782	-0.009928937	0.0486764304	-0.0389388707	-0.0132581011	0.1783587443	0.128988414	-0.0330280687	-0.023763133	-0.0070892487	0.0563347417	-0.0242617321	0.1102452982	0.0095048069	0.1124896375	-0.0437103719	0.0229630819	0.0825636453	0.0123511918	0.018876701	0.0030702525	0.0054640807	0.0001092543	0.1211968814	0.0589683754	0.0953305806	-0.0874201646	0.0464990394	0.0464962548	-0.0073800456	0.0321460285	0.0665981514	0.0040141127	0.0489813091	-0.0151279732	0.0251290797	0.0731080914	0.0826429111	0.0479864794	0.1783193756	0.0362756738	0.0148460546	-0.0178429204	0.005872198	0.0604495922	0.0048291898	-0.0358616845	0.0963867036	0.0459631031	-0.0008086447	0.0572508928	0.0360635029	0.0318994444	-0.0648337138	-0.0630529158	0.0357634024	-0.0037352604	-0.0303696945	-0.1343589258	0.0069533557	-6.09854e-05	-0.0391046691	0.0007366994	0.0566218238	-0.0233029803	-0.074546615	0.0267919371	-0.067037698	-0.02942582	0.1463145918	0.0032516231	-0.0494961159	0.0189539759	-0.0463659538	-0.0170082202	0.0503016666	0.0227756574	-0.0248817109	0.0881701203	0.044406006	0.0595012085	0.0871878235	0.038621705	0.074706793	-0.0756597161	-0.064802142	0.0891345503	0.0183988938	-0.1295793038	0.0108010718	-0.0186649352	0.0020629677	0.0337409347	-0.0355584424	0.0856062911	-0.0718115685	-0.0789477025	0.0015066859	-0.0377412268	-0.0035129402	0.1870518969	-0.0344401284	-0.0366448686	0.0220860647	-0.032539836	-0.0875517645	-0.0619330219	-0.0448719291	0.0085451652	0.0202065067	-0.1101250497	0.1525087122	0.013753053	-0.0883722447	0.0053733574	-0.0643591208	-0.0516657355	0.0053276845	0.0557801992	-0.0046243931	0.023940986	-0.0542569929	0.0904644136	-0.0855304308	0.0551076681	0.0040769289	0.0488548955	0.0489950589	-0.0261251185	-0.1498380653	0.0619802808	-0.0321423275	0.0290463507	-0.0290742429	0.029955003	-0.0548886694	-0.0778717446	0.10956651	-0.0448823576	0.0299357673	-0.0157269879	-0.0826331743	0.0138227072	0.0076426226	-0.041342343	-0.1081079975	-0.0258861063	-0.0002906775	0.0118339613	-0.0390293717	-0.0326455201	0.005410514	0.0425605459	0.0448113972	0.0875311544	0.0111324231	0.0304803695	-0.006346761	0.0817276244	0.067802156	0.0463233854	0.0196840927	-0.0091480491	-0.036961079	0.0	-0.043607	-0.0059787999999999	0.001901570449	3.574604943999999e-05	-0.0715106	-0.0985176999999999	0.0097057372132899	0.0051137659123599	-0.0760770999999999	-0.0530515999999998	0.0028144722625599	0.0057877251444099	0.000392881	0.000761616	5.80058931456e-07	1.5435548016099997e-07	-0.000582769	-0.000721314	5.20293886596e-07	3.39619707361e-07	-0.000243361	0.0	5.9224576321e-08	0.0	0.0	0.0	0.0	0.0	0.0	0.0	0.0	0.0	0.0	0.0	0.0	0.0	0.0	0.0	0.0	0.0	0.0
6298.074247035789	20.87177407414765	435.63095300226206	39665739.22117543	6347.594890279308	4.253877558259774	40291960.89109998	18.09547428066613	4267.076453344819	0.2517209528077728	0.063363438082453	18207941.4586898	4331.076764878949	8141.649350465649	1.198371	26.58799	0.1119553499999999	0.0682424	-0.0696175157	0.0206456083	-0.0491037411	-0.0915831227	-0.0722359506	0.0087398944	0.0643186513	0.0305770309	0.0314960337	0.0543230546	0.0408314468	0.0420549697	0.0839759544	0.0572766089	-0.0618444478	-0.0059125264	-0.0221857906	0.0846750673	-0.0696165136	0.0266955077	-0.0382739847	-0.0125056879	0.0319185449	0.1344214548	-0.0764984885	-0.0910069545	-0.0586024655	-0.0383636096	0.0621969107	-0.0363453159	-0.1059711322	0.032079642	0.0006609474	0.0141108331	0.0228803214	0.0339606094	0.001548372	0.0277811362	0.0327878091	-0.0102822128	-0.0240783654	0.0386601599	0.0625206095	0.0441213768	0.0742002634	-0.0177275011	0.0383121254	0.0907515134	-0.0440619381	0.0247853826	-0.1066635745	0.0568250983	0.023003268	-0.0312168095	-0.089945254	0.0397799459	0.0441246292	0.0602976517	-0.0798019856	-0.0149687236	0.0092646159	-0.0418693065	0.0355799244	-0.1041788665	-0.0057846562	-0.0014323856	-0.0488357985	0.0029401519	0.1085960837	-0.0745391325	0.029118892	-0.0143590959	0.018356438	0.0007002437	-0.0487102274	0.0865459298	-0.0396031153	0.0805197078	0.0291764734	0.0292188187	-0.0208351286	-0.0521368074	-0.000802724	-0.0562745084	-0.0579112297	-0.082441019	0.0175232718	0.0671929341	0.0626689958	0.053527892	0.095100835	-0.1178700843	-0.0269100911	-0.0099030581	0.04473151	0.0705029666	0.0936469168	-0.0927046793	0.0252811584	-0.0545519206	-0.0937605399	-0.016523856	-0.0198447834	-0.087184402	0.0904627392	0.0360372675	-0.0157728102	-0.0205942956	-0.023376071	-0.0964340723	-0.019899099	-0.057021652	-0.0663646899	0.1085362721	0.0532519634	0.0705539392	-0.0219900359	-0.0454687449	-0.0130002135	0.0554982704	-0.0254133039	-0.0309543515	0.0728491144	0.0142750232	-0.0087657682	-0.0081249624	0.0296688614	-0.0079698966	0.0713633532	0.0548707164	-0.0560523614	-0.1128870516	-0.0706833946	0.0128437109	0.0739529369	0.0150043085	0.0179533512	-0.0065098149	0.0751595307	0.0289165865	0.028868446	0.1412561516	-0.0309558544	0.084032328	0.0138791634	-0.0558420599	0.0751900894	0.0566777194	0.0530114177	-0.1237983735	-0.0443066772	-0.0269640519	-0.0300625119	-0.0344515626	-0.0043725138	-0.0252389824	-0.0215684882	0.038922938	0.0348553134	-0.1260602326	-0.0548533369	-0.0228020887	-0.0325582281	0.1259110426	0.0011668474	0.0155622381	0.0180506003	0.0270196042	0.049186798	0.0070528363	0.0406973563	0.0001701718	0.0557313162	0.0173127311	-0.0730977775	0.1138464841	-0.0616496418	-0.1184266761	-0.0079589923	0.0476590556	0.0652839341	0.0702656798	0.0513540789	-0.0287289172	0.0706141273	0.0263586186	-0.13991417	-0.0489936618	0.0200987558	-0.0638544208	-0.0755891755	-0.0799563627	-0.0199320407	-0.0809562494	0.0265248289	0.0646879288	0.0086322274	-0.0309891804	0.0851079089	-0.0888621548	0.0587207488	0.0807800296	-0.0345583094	-0.0054994611	-0.0020534245	0.0813868465	0.0665176545	0.0437144402	0.0156971013	-0.0141925398	-0.0423893383	0.0	-0.0446261	-0.0010191	0.00199148880121	1.038564810000004e-06	-0.0169474	0.0545631999999999	0.0029771427942399	0.00028721436676	-0.0531377	0.0229393999999998	0.0005262160723599	0.00282361516129	-0.000151012	-0.0005438929999999	2.958195954489999e-07	2.2804624144e-08	-0.000457989	0.00012478	1.5570048400000002e-08	2.09753924121e-07	-0.000243361	0.0	5.9224576321e-08	0.0	0.0	0.0	0.0	0.0	0.0	0.0	0.0	0.0	0.0	0.0	0.0	0.0	0.0	0.0	0.0	0.0	0.0
6298.023568820379	-0.0506782154097891	0.0025682815171209	39665100.87341699	6367.788185749978	20.19329547066991	40548726.378576994	407.7691819657779	4271.874558784321	4.798105439502251	23.02181580858109	18248912.24598874	4334.258507041561	8112.543771070866	1.13256	25.127842	0.0510836699999999	0.0300886	-0.025289417	-0.0397864734	0.0664820646	0.0446795913	-0.0155698598	0.060438327	-0.0008366879	-0.0366133433	-0.091192079	9.88424e-05	-0.0170440952	-0.0162788903	0.046302229	-0.0659970376	-0.0636659828	-0.0272633452	0.0125861465	-0.0457655083	-0.028569216	-0.0106294973	0.0743168455	0.0416790528	0.0686675135	0.1834947599	0.0008538947	0.0183659538	0.0069520114	-0.0235543319	0.0254034931	0.0115749513	-0.0271460908	0.0125586783	0.0335979419	0.0703061558	0.0003108137	-0.0243525461	0.0579489272	0.0101212742	-0.0313170485	-0.0193849095	0.1359162036	0.0186555178	0.0141257482	0.0933122256	-0.0220847549	-0.0571486936	-0.0125788018	-0.0429032344	-0.0007183371	0.1865803096	0.1154364766	0.0081782418	0.0611344973	-0.0790989182	-0.0568234299	0.0243970333	-0.0296000592	-0.0702550848	0.012195276	0.0291261394	-0.0169071914	-0.0834993568	0.0443032985	0.1001353334	0.0439387896	-0.0006164929	-0.0438173953	-0.0254164781	0.1073653249	0.0670566612	0.0342469699	0.1486054034	-0.0296988938	0.0387760497	0.092804443	-0.0562718762	-0.0053827695	-0.0657653751	-0.0570572359	-0.0121199876	-0.0104349151	0.0310512239	-0.0318760853	-0.0120284202	-0.0167530021	0.047277495	-0.016727166	-0.0193832619	0.0520866383	-0.0226432652	0.0110740222	-0.0076674433	0.0466173721	0.1404408404	0.059004303	-0.0482354622	-0.0015888211	-0.0858370068	0.0302859997	-0.0188150118	0.0889717182	-0.0003939624	-0.051766436	0.0597267615	0.0150694901	-0.0403715306	-0.0653945771	-0.0082956053	-0.0050074272	-0.140425122	0.0556150006	-0.0593981626	-0.0342008138	0.0640897984	0.0633510798	0.021080229	0.0055308033	0.030624238	0.0543705035	-0.055219826	-0.0199802652	-0.0511855516	0.0224439009	-0.0485716941	-0.0173053129	-0.0379351232	-0.0121469628	-0.097649914	-0.0051421705	-0.0970661479	0.0419379974	-0.0049523653	-0.0334186881	-0.094471184	0.1539457991	-0.0389294554	-0.0643743503	-0.0663441581	0.1088423298	0.0404047139	0.0619088162	-0.0968765924	-0.0684998697	0.0676653173	0.0435117102	0.0686359448	0.0125400598	0.0226560337	-0.0106320235	-0.0403026141	0.0199657575	0.1319400579	0.0394753356	-0.009904394	-0.0461214386	-0.0590066451	0.0386923147	-0.0379104681	-0.0088400807	0.0594150457	0.010691689	0.0626200517	-0.1100313833	-0.1291290775	0.0606895667	0.0204687777	-0.0429361595	0.0200230511	-0.0791669212	-0.0133336377	-0.0182871815	0.0036321514	0.0893168843	-0.0234481533	-0.0798423297	-0.0440100909	0.0875909495	-0.0282054351	0.0465647341	-0.0334041861	-0.0512296763	0.0193226443	-0.070525439	-0.0144261914	0.1053137623	0.0320047786	-0.0580519541	0.0842973034	0.0182092195	-0.0046975254	-0.022759059	-0.0070693959	-0.0252240195	-0.0020955431	0.0065371738	0.025372488	0.0426037851	-0.0128572847	-0.0871788436	-0.0212340967	0.1964713871	0.0421049786	-0.0101864435	0.0024301056	0.0612030536	0.0810348011	0.0651963186	0.0410510323	0.0116753453	-0.0191879226	-0.0476064159	0.0	-0.0365897	0.0080363999999999	0.00133880614609	6.458372495999999e-05	-0.0321587	-0.0152112999999999	0.0002313836476899	0.0010341819856899	-0.0771054999999999	-0.0239677999999998	0.0005744554368399	0.0059452581302499	-8.02436e-05	7.076840000000001e-05	5.008166438560001e-09	6.43903534096e-09	-0.000464584	-6.594999999999973e-06	4.3494024999999645e-11	2.1583829305600003e-07	-0.000243361	0.0	5.9224576321e-08	0.0	0.0	0.0	0.0	0.0	0.0	0.0	0.0	0.0	0.0	0.0	0.0	0.0	0.0	0.0	0.0	0.0	0.0
6300.838340894116	2.814772073737004	7.922941827089712	39700563.79808132	6333.863890645172	-33.924295104805424	40117831.7852188	1150.8577983579253	4270.054954192076	-1.819604592245014	3.3109608721191437	18233369.31182029	4334.541087119093	8245.700517120733	1.143195	25.363813	0.0865465399999999	0.0504609	-0.0916817777	0.0022566904	-0.0368369747	-0.0894805883	-0.0010345775	0.050232849	-0.0324544458	0.0007215918	0.0365231927	0.0362497806	-0.027379265	-0.0016842061	-0.006502166	0.0121867071	-0.0520291833	-0.0381269226	-0.0327479511	0.0750115957	0.0438057241	-0.0077596905	-0.0534730393	-0.0061298577	0.0081706024	0.1211125867	-0.0317882518	0.0296049773	-0.0436766408	0.0485270535	-0.091932731	0.0154858135	-0.0838861046	0.0968266261	-0.0132946434	0.0547527847	0.0400653891	0.0809643202	0.0931298189	-0.0376366924	-0.0432473014	-0.0095410986	0.0389560164	0.0321317808	-0.0870474709	-0.0553972988	-0.000865071	-0.0956893942	-0.0780612525	-0.0835248035	-0.0063110253	0.0307769877	0.0726636495	0.0066608845	0.048215438	-0.0194898475	0.096080261	0.0187745573	0.0138358844	-0.0797043253	-0.1089522411	-0.1110831069	-0.1073606381	-0.0296811138	-0.0511119415	-0.0465532569	-0.0824835762	0.0672108214	0.0203821477	0.1044758093	-0.0020629693	-0.012725077	0.0382652571	0.0206093253	-0.1843694941	0.0628972965	0.0606873721	-0.018360511	0.120497631	0.0695269743	-0.0203266577	0.0112934061	0.0362460756	0.0757643545	-0.0361915993	-0.0012891488	-0.0850506952	0.021145802	-0.0550248513	0.0362277324	-0.0183755622	-0.0785031318	-0.0054569496	0.060100302	0.0215583495	-0.028744259	-0.1396855252	-0.0257176988	-0.0305083794	0.0010441062	-0.0204975336	0.0470154307	-0.0833258398	-0.0541056585	0.0112196707	-0.0926589334	-0.0064288796	0.0428237043	-0.0239536983	-0.0262757734	0.0401650788	-0.0804546387	0.0021801425	-0.0988754698	-0.0934156768	0.0015370973	0.0802352202	0.0024851755	0.0061418008	-0.0081680954	-0.110208698	-0.0338271932	-0.0360382272	-0.088187907	0.025453588	-0.0814329777	-0.0729429347	0.0087589113	0.0274920619	-0.0598657719	0.0125668403	-0.0403867549	0.0343019486	0.0423902638	0.0760950173	-0.0055954736	-0.0494538145	-0.0363626427	-0.0968549101	-0.1580381121	0.0732663241	-0.0332460286	0.0998909153	0.0180519598	0.0208114645	-0.0371370296	0.0516103803	0.0687811131	-0.0196670106	-0.0400556673	-0.1195190283	0.107991462	-0.076032347	0.0148848814	-0.0298731634	0.0451367142	0.0337730619	0.0326705185	0.0630796937	0.1704207577	-0.1116682479	-0.0375976534	0.0162837742	0.0689422059	0.040174924	-0.0966162231	-0.0099200788	0.0458284283	0.1463587005	0.0717450925	-0.01880407	-0.0729048956	0.0776970694	-0.0007549044	-0.0098712926	-0.0051855399	0.0302648074	0.0100208311	0.0230268839	-0.066969716	-0.041340866	-0.0647052513	-0.1102197142	0.0778162201	0.0661517351	-0.0256528559	0.0532790755	0.0562411723	-0.041244513	-0.0051407508	-0.0861684425	-0.0329028044	-0.099693876	-0.006356116	-0.0053456719	-0.1133043791	0.0531794594	-0.0081206671	0.0109458104	0.0331623128	-0.0481317666	-0.0956109691	0.0758068687	0.1453939421	0.0530216392	0.0733891399	-0.0212408716	0.0806715369	0.0638388799	0.0383364799	0.0076277318	-0.0241169128	-0.0525863208	0.0	-0.0330382	0.0035515	0.0010915226592399	1.2613152250000043e-05	-0.0169281	0.0152305999999999	0.0002319711763599	0.00028656056961	-0.034348	0.0427574999999999	0.0018282038062499	0.0011797851039999	-0.000151105	-7.086140000000001e-05	5.0213380099600025e-09	2.2832721025000006e-08	-3.53066e-05	0.0004292773999999	1.8427908615076e-07	1.24655600356e-09	-0.000243361	0.0	5.9224576321e-08	0.0	0.0	0.0	0.0	0.0	0.0	0.0	0.0	0.0	0.0	0.0	0.0	0.0	0.0	0.0	0.0	0.0	0.0
6308.545389201531	7.70704830741488	59.39859361282656	39797744.927615896	6385.0681395788815	51.204248933709096	40769095.14706532	2621.875108865249	4274.333256147849	4.278301955772804	18.3038676247694	18269924.784611475	4337.564628052943	8065.921882617793	1.691251	37.523396	0.28729863	0.165457	0.023834025	-0.1154799	-0.0027343358	0.065907459	-0.0550760803	-0.0801497954	-0.0444332712	0.0507444212	0.0259567457	0.1008309997	-0.112607375	-0.01779696	-0.0083823596	-0.0477647872	0.1286805858	0.0599738228	0.1146332914	0.0257341481	-0.019385135	-0.0356842043	-0.0411101985	0.1668464184	0.0462946212	-0.0217359256	-0.0710766961	0.0986762897	-0.014355074	-0.0771717046	-0.0514504693	0.0818509712	0.0058412156	-0.0969932646	0.041601219	0.0582403555	0.0429200318	-0.0857072041	-0.0053206132	-0.006842738	-0.0233195078	0.0377415888	0.0093880248	-0.034357716	-0.0908597736	-0.0129827817	-0.181645819	-0.0422147427	-0.0273131596	-0.0101024084	0.0900331911	-0.0844871609	-0.0419471665	0.0089016797	-0.0547351468	0.0235251933	-0.0151333132	-0.0062610178	-0.0878701626	-0.1086602093	-0.0458210651	-0.0491614771	-0.0895488339	-0.0584107317	0.1612450575	0.0142939402	-0.037109145	0.0937023165	0.1503595764	-0.0806842877	-0.0028531658	0.0645304433	-0.0455205513	0.0916650533	0.0214543614	-0.0143650998	0.0328401468	0.0333909139	0.0616955955	0.0102745841	-0.0214882626	-0.0226455372	-0.0300245199	0.0978054128	0.0278940564	-0.1355264686	0.0951354359	0.014979887	0.0896063175	-0.076888992	0.0261260144	0.0637583716	-0.0492029298	0.0702946931	-0.0426822117	0.0647332987	-0.0618007097	0.0610410993	-0.0310142221	-0.1316486168	0.0700000285	0.0315020122	0.0558820228	0.1024437491	-0.0235246663	-0.0193184252	-0.0165717681	0.0563940259	0.0308162837	0.1641796842	0.0734537916	-0.0464032854	-0.0969182607	-0.0039003455	0.0951505827	0.0623595928	-0.0007185506	-0.1355325326	-0.0194335165	0.1353493709	0.0559931772	-0.0352841953	0.0144077707	0.0588860221	0.0139246271	0.0597555025	-0.1211328198	0.0071112975	-0.015182022	0.0588120299	0.0078507404	0.0259561414	0.009698283	0.1566791031	0.1032890033	0.0001692309	0.0337577025	0.0768086445	0.0244551163	-0.1360056337	0.0173407939	-0.0600905713	0.083537566	-0.0371301994	0.0647984594	-0.0971586521	-0.0306478839	0.0550372507	-0.0080401045	-0.1014920466	-0.0003282027	-0.0114916998	-0.0024052659	-0.0407625583	-0.0140819446	-0.1589595149	-0.0076725405	0.0929206909	-0.1650600734	0.049953939	0.0281959571	0.0366862637	-0.0317241563	0.0323237399	-0.0515245272	0.0183125848	0.0841556555	-0.0303252282	0.0668158158	-0.0477584746	-0.1095123723	-0.1285444963	0.0078749922	-0.0636927902	-0.0576238301	-0.0571633453	-0.0188364958	0.0599477252	0.0191149538	-0.0272450637	0.0375174579	-0.1898714591	0.0119586355	-0.0823465937	0.030831657	0.145383999	0.0434208068	0.0859659831	-0.0546124902	-0.0272937614	0.0136950546	0.1855767055	0.1143547462	0.0316823566	0.0663565849	0.1352820692	-0.0082766891	0.1571661953	0.0028832105	-0.0327050211	-0.0661271746	-0.066156007	0.0513577272	-0.1011028502	-0.0879777808	0.1951266007	-0.2027897446	0.0802971043	0.0624460902	0.035574165	0.0035632251	-0.0289624554	-0.0573042433	0.0	-0.0338106	-0.0007724	0.00114315667236	5.966017600000099e-07	0.0636367	0.0805648	0.00649068699904	0.00404962958689	0.097949	0.132297	0.017502496209	0.0095940066009999	-0.000948836	-0.000797731	6.36374748361e-07	9.00289754896e-07	0.000326256	0.0003615626	1.3072751371875998e-07	1.0644297753599999e-07	-0.000557356	-0.0003139949999999	3.10645710736e-07	9.859286002499999e-08	0.0	1.0	0.0	0.0	0.0	0.0	0.0	0.0	0.0	0.0	0.0	0.0	0.0	0.0	0.0	0.0	0.0
6299.145025900308	-9.40036330122348	88.36683019498918	39679228.05732459	6371.399576301249	-13.66856327763253	40594732.56089173	186.8296220746445	4282.93739020599	8.604134058140517	74.03112289045359	18343552.68842449	4342.933683465754	7965.1362952211475	1.371946	30.439049	0.336665335	0.191694	0.074990337	-0.1202029281	0.0814890338	0.0406091147	-0.0973099145	-0.0747220573	-0.0409965652	-0.0047868135	-0.0195425679	-0.116441708	0.0414774083	-0.022422487	-0.0263759743	-0.1193367121	0.1527705621	-0.0013379627	0.1983069168	-0.0278667998	0.0148417521	0.1027247109	0.0152342316	0.0135339926	0.0749770503	-0.0459285019	-0.0326801137	0.1335472262	-0.0774296275	-0.1015859203	-0.1740619396	-0.0735991508	0.0323321051	-0.038241443	0.0166769365	0.137671108	0.0392496761	-0.0448693332	-0.0301355662	-0.0011374412	0.0512349759	0.0661638951	-0.0163281912	-0.0252499312	0.006453456	0.0218451198	-0.0469322874	-0.0592788918	-0.0115034815	0.0231288107	-0.0234284243	0.0855739808	-0.0670797878	0.015413547	0.0033913591	0.0416807645	0.0281253198	0.0462449506	-0.1004269324	0.0617947411	-0.0410137802	0.0694914431	-0.0097557202	0.0124653684	0.0636396127	-0.0961188169	-0.0026411448	-0.0853480392	-0.0342421068	0.0122089704	0.0196794766	-0.0233756824	-0.1447240018	-0.0637537359	0.0304216738	0.0639198759	0.0063782266	-0.0497883518	0.0220820952	-0.0136010346	-0.0267581811	-0.061639852	0.032626623	-0.0176563895	0.0350461352	-0.0616810943	-0.0542525911	-0.0729943217	-0.0101153413	-0.0995480377	-0.0122867111	-0.0084088259	-0.046570058	0.0910520207	0.0949430846	-0.12293769	-0.0365682713	0.0325656077	0.0039915519	0.1130855341	0.0873825875	0.0239406742	-0.1046217094	0.1015252409	-0.1265633444	-0.0074469641	-0.0685292576	-0.0731188224	0.0927494027	0.0638623557	-0.05995816	0.0074425946	-0.132609185	-0.0520460615	0.0557595288	-0.0578764103	0.0710298741	-0.1336964547	-0.112920297	0.1547388949	-0.0412236328	-0.1079185514	0.0074180824	0.0198885727	0.0528481396	0.0904908465	-0.1638014313	-0.003266374	0.0067120734	0.0227201853	0.0684616863	0.0031375692	-0.0026733692	0.1045885178	0.0283622631	0.0170616869	0.0436621636	-0.0172732317	-0.0244346175	0.0354421298	0.0210239574	-0.0559580126	0.0401794465	0.1210056264	0.001950292	0.0404209713	0.0508913761	-0.0740276731	0.0015147743	0.0468960499	0.0151172746	0.0634418135	-0.0401011184	-0.0525592814	-0.0228100457	0.0331163804	0.013066109	-0.0256946171	-0.2193883235	-0.0995620161	-0.079216979	-0.0045409159	0.0237359372	0.0453773082	0.0209682474	-0.0620785858	-0.028096758	-0.1013311023	0.0657114555	-0.0567170027	0.0529545706	-0.0194242319	-0.0041085102	0.048071336	-0.0312675035	-0.0211596719	-0.0239219444	0.0247524435	0.0400465833	0.0353636494	0.0214177873	0.0260710607	-0.0734106505	-0.0980119228	-0.1068020937	-0.0475678727	0.0125303644	0.0478769741	-0.0074992639	-0.0482178045	0.0641198944	0.1625121619	0.1530336782	0.0018396841	0.1519270633	-0.0102266657	0.024974652	0.0504083616	-0.0245890524	-0.0350960082	-0.0973005795	0.060046859	-0.0365279651	-0.1139735794	-0.081091154	0.1896738702	-0.1998717331	0.0799115551	0.0610187207	0.0327675292	-0.0005091731	-0.0337077843	-0.061736679	0.0	-0.0191069	0.0147037	0.00036507362761	0.00021619879369	-0.0812994999999999	-0.1449361999999999	0.0210065020704399	0.0066096087002499	-0.00677901	-0.10472801	0.01096795607856	4.5954976580100005e-05	1.10055e-05	0.0009598415	9.2129570512225e-07	1.2112103025e-10	-2.2735e-05	-0.000348991	1.2179471808099998e-07	5.168802249999998e-10	-0.00042024	0.0001371159999999	1.766016576e-07	1.8800797455999988e-08	0.0	0.0	0.0	0.0	0.0	0.0	0.0	0.0	0.0	0.0	0.0	0.0	0.0	0.0	0.0	0.0	0.0
6305.206776665274	6.061750764966746	36.74482233657493	39755632.4965057	6379.120670764195	7.721094462945985	40693180.53217103	59.61529970573514	4283.411752631054	0.4743624250641005	0.2250197103126943	18347616.24257784	4348.229212892403	8209.090516235416	1.508521	33.4692	0.116296515	0.0668949	-0.0476176109	-0.0489105843	-0.0385849764	0.009920381	-0.0272557174	0.0898662268	-0.0286036005	-0.1049437221	0.0876178058	-0.0333214416	-0.0222940794	0.1202898626	0.0078781147	-0.0341820672	0.0264368527	-0.1005273728	0.0825178225	-0.0621834174	0.0094166458	-0.0561680318	-0.0732307756	-0.0831346643	0.0636790466	0.0031905811	0.0246742857	0.0128422596	-0.0129540668	0.0211327399	-0.0124229691	-0.0322880323	0.0764532265	-0.0219190021	0.0205154475	0.0066130367	0.0114032735	0.0285031334	-0.077985042	0.0900263539	0.1957579706	0.0758418864	-0.1249375128	0.0357396002	0.0419937792	0.1196804732	-0.0309038034	0.1248099081	0.0314362268	0.064003795	-0.0804583507	-0.004668402	-0.0214596383	0.0230885366	0.0484512323	-0.0656268482	0.0118527088	-0.1126411879	0.023921261	0.0453692335	0.0150713354	0.0049974127	0.0300330917	-0.0190300582	0.0495802243	0.0365596916	-0.001394279	-0.1009406835	0.0338198747	-0.0566385075	-0.0343296413	-0.076166514	0.1204335868	-0.028866406	-0.0412777402	0.0882479988	-0.0707173852	-0.1020455445	-0.052190105	-0.0558204843	-0.0943428827	-0.0141301086	-0.0012077469	0.0166975491	-0.0524324202	0.1832220281	-0.1962020247	-0.0606645863	-0.0073382384	-0.1225827595	0.0036386815	-0.0347828755	0.0586235835	0.0234537512	0.0156684187	-0.0031989783	-0.0009715552	-0.0008258507	-0.0182441593	-0.0122859588	-0.0264201617	-0.0647563445	0.1107593485	-0.0429796523	-0.0669259358	0.0383473338	-0.1083634192	0.0976324431	0.0300601827	-0.0466358891	-0.0871865094	-0.0206937275	0.0218930814	0.0587825802	0.0749152156	-0.0564553622	-0.004156089	-0.042731934	-0.0399041637	0.0121837133	0.0381102285	0.0019344302	0.019943715	0.0324398687	0.1152370674	0.133401809	-0.0297379966	0.1127402409	0.0776721498	0.0061696275	0.0023392727	0.1519329215	-0.0505120095	-0.0038727915	-0.1971966707	0.0927584975	0.0020004223	0.0993196236	0.0944696083	0.0767831174	0.0188097711	0.0128225697	-0.0354256213	-0.0891375794	0.0186442536	0.0773724929	0.1414791014	-0.1275096599	-0.0525166557	0.1202052163	0.0825330378	0.0064519027	-0.077085848	-0.0287600468	-0.0057410684	0.0519375215	-0.0152005311	-0.0237986698	0.0648362433	-0.0019929629	-0.1080682752	0.0618002166	-0.0926673754	-0.0751012245	0.0448804608	-0.168331724	-0.1034505403	-0.0095417615	-0.0064415447	-0.0066683723	-0.0190450189	-0.0534260312	0.03729658	-0.0661873748	0.1233699275	0.0337969127	-0.0032311548	-0.0885235822	-0.0200523494	0.0575196099	-0.0768371764	0.0150723193	-0.0141311245	0.0367818422	0.007201204	-0.1025395321	-0.0279105452	0.0571245696	-0.0357721544	0.0728633226	0.020900439	-0.0370448024	-0.0056057196	-0.0017376082	-0.0320664247	-0.0489622214	-0.0073601434	-0.0674121117	-0.0687960872	-0.0176226011	-0.0177883491	0.0988934211	0.0347148979	-0.0074425787	-0.0259322231	0.0355121181	-0.0933437813	0.0795149427	0.0595575618	0.0299200691	-0.0045804437	-0.0383364799	-0.0658615456	0.0	-0.0290395	-0.0099326	0.00084329256025	9.865654276e-05	-0.0795257999999999	0.0017737	3.146011690000011e-06	0.0063243528656399	-0.0601878	-0.05340879	0.002852498849264	0.00362257126884	0.000381602	0.0003705965	1.3734176581225e-07	1.4562008640399998e-07	-0.000667925	-0.00064519	4.162701361000001e-07	4.46123805625e-07	-0.000412398	7.841999999999984e-06	1.70072110404e-07	6.149696399999974e-11	0.0	0.0	1.0	0.0	0.0	0.0	0.0	0.0	0.0	0.0	0.0	0.0	0.0	0.0	0.0	0.0	0.0
6281.858014361593	-23.348762303681724	545.1647011138286	39461740.11259897	6361.6383706117285	-17.48230015246645	40470442.75843945	305.6308186209285	4274.071523543715	-9.34022908733914	87.23987940397613	18267687.38836729	4343.376228710285	8202.694735190584	0.987396	21.907133	0.135541	0.0696687	-0.0573457103	-0.0210305665	-0.0487492188	-0.0103926715	0.0237938307	0.052539525	-0.0217769579	-0.0027809705	0.1334959658	-0.0098112823	-0.0543672775	-0.0245250439	0.0015627405	-0.0399499318	-0.0642831361	-0.0665610843	-0.0292298238	-0.0198685956	0.0870363962	-0.0378463285	-0.105280917	0.0508727651	0.0509816533	0.0088956487	0.11549646	-0.0621841587	0.1116057998	0.0085173038	-0.1162618764	0.0038185681	-0.0735711547	-0.0777097584	0.0644270439	-0.145342185	0.0740441525	-0.0489398905	0.0269979638	-0.0071162698	0.0672567092	-0.0144961716	-0.0024007191	-0.0001563328	0.0242585991	0.0625055242	-0.0066555149	-0.0084804982	-0.0799286845	0.0706431586	-0.1057319258	0.03530204	0.0731238047	-0.0770391994	0.1053248613	-0.0706707763	0.0244981486	-0.0223284285	0.0137591348	0.0392180782	-0.0704243207	-0.0511490985	0.0704658799	-0.0302608971	-0.0127574703	0.0394652647	-0.0079896437	-0.121617687	-0.0541023379	-0.0430467156	-0.0088156596	-0.0794930229	0.0767996238	-0.08657639	-0.0091281289	-0.0700304236	-0.063956447	0.0475546208	0.0459149227	-0.0529454561	-0.0815363297	0.0522414009	0.0225679932	0.0545686829	-0.0043190902	-0.0992018545	0.1479395231	0.1412061781	0.0509721037	0.0270229299	-0.0038389115	-0.0271437779	0.158851407	0.0026846035	-0.0968646435	0.0158485477	-0.0061862382	-0.1268208348	-0.0244930395	0.1286086221	0.0144241941	-0.0487897411	0.0192203143	-0.084976232	0.0389664164	-0.0045394326	-0.0957340007	0.0602368424	0.0699562247	0.0278612437	-0.0010076927	-0.0257849701	0.0920024232	-0.0362799068	-0.0407469281	-0.1249854967	0.101749507	0.0674807126	-0.0039884942	0.0190303291	0.0261422502	0.0356861002	0.0497739472	0.0754616112	-0.0011674247	-0.0221515526	0.0811768054	-0.006159321	0.0330620071	0.0737644778	-0.0399418773	-0.0240917131	-0.1200002953	-0.0180526328	-0.116603698	-0.0647948334	0.0709855763	-0.0579145886	0.0512899563	0.0232878228	0.0220301119	0.0417198344	0.093890592	-0.0394667572	-0.0507453957	0.0303536996	0.113227305	-0.044940773	-0.0315476889	-0.0597476961	-0.0495227729	0.0144510486	0.0144617042	-0.0407517346	-0.0751061454	0.0313597486	0.0858370004	-0.067512228	0.0620518679	0.0347097748	0.0268486364	0.142231433	-0.048779369	0.080078006	0.0142630346	0.1114721813	-0.0159520857	0.0312457967	-0.1471942614	0.1110441566	0.0233815479	-0.0459251121	-0.0211473035	-0.076988452	0.0390951525	-0.0765587428	0.0842704639	-0.0040828339	-0.0302399847	-0.0673703738	-0.0175282113	-0.0758263606	-0.0369851214	0.0470655232	0.0466266563	-0.038548823	0.0599748334	0.0582187924	-0.1006325413	-0.0201986374	-0.0428860913	-0.0199336	-0.043127475	0.0867234087	-0.023174556	-0.1419513074	0.0302076686	-0.0862946536	-0.07844471	-0.0972324182	-0.0751159642	0.0473185851	0.0141639866	0.0003133684	0.0197452792	0.01325584	-0.0294510186	0.079107322	0.0580634226	0.0270353323	-0.0086415699	-0.0428325265	-0.0696582933	0.0	-0.0501253	-0.0210858	0.0025125457000899	0.0004446109616399	-0.0287441	0.0507816999999998	0.0025787810548899	0.00082622328481	-0.0362387	0.0239491	0.00057355939081	0.00131324337769	-0.000167769	-0.000549371	3.01808495641e-07	2.814643736100001e-08	-0.000824835	-0.00015691	2.4620748100000003e-08	6.80352777225e-07	-0.000500605	-8.820699999999998e-05	2.50605366025e-07	7.780474848999996e-09	0.0	0.0	0.0	0.0	0.0	0.0	0.0	0.0	0.0	0.0	0.0	0.0	0.0	0.0	0.0	0.0	0.0
6261.7523483958585	-20.10566596573426	404.237803925685	39209542.47264105	6357.705828370532	-3.932542241196643	40420423.40009663	15.464888478795917	4268.448841455755	-5.62268208795922	31.61455386225745	18219655.51212498	4335.035003447301	7864.428106982053	1.440338	31.956436	0.13436825	0.0702665	0.0256530118	0.0078508674	0.0300212281	0.048247016	0.0185379669	-0.0918201951	0.0594354383	-0.0320191411	0.1007822586	-0.0034050147	-0.1130984044	0.0336243288	0.1295423743	0.0236503083	0.0763588377	0.0119205955	-0.0058612754	-0.09650344	-0.0687574414	0.0063655498	-0.0907233494	0.0900521917	0.0405022783	0.0373989762	0.026541703	-0.0732689955	-0.0757275497	0.028239353	-0.0421212752	-0.0863585335	-0.0196584001	-0.0838608838	0.094294261	0.0047203454	-0.0594870912	-0.1191785276	0.0418387963	-0.0102262957	-0.0868925187	-0.1524185929	-0.0397766911	-0.1278340517	0.0629223023	0.0215941144	-0.098127521	0.0636820525	-0.0690717804	-0.0352386359	-0.0266161546	-0.0218247116	-0.0487274494	-0.0650278566	0.0182884138	-0.0615241288	0.0676862851	0.0922018444	-0.0147263108	-0.0572623486	0.0016669923	0.0133843857	0.0443095733	0.1363220451	-0.0631068276	-0.0066541872	-0.0231405855	-0.0537104946	-0.0281759524	-0.0223868951	0.0449718094	0.0409240772	0.0124970044	-0.0217920999	0.0649196551	0.0067733086	0.0657784236	0.0635602506	0.0193260568	-0.016016883	0.0828749927	0.0289742506	0.0035926449	-0.0281039103	0.0555342959	-0.0277257877	-0.0237449865	-0.2013872504	-0.0807466892	0.0236242117	0.0351430957	-0.146160184	-0.0010307825	0.0871091188	-0.0487786093	0.0085361352	0.0893796444	-0.0622365309	-0.0369751575	-0.0323790647	0.0205511013	0.0456207464	0.074828591	0.019685289	0.0110615748	0.0919595906	0.0250128083	0.0712251979	0.1176638769	0.0381051962	0.0175001199	-0.06058662	0.054113119	-0.0080402165	-0.1117139153	0.0159060057	-0.0009561972	-0.0321928467	-0.0262952888	0.0298637452	0.1404844758	0.0074726955	-0.0799692157	-0.0403507138	-0.1252978396	0.0149969235	-0.0410457927	-0.1319061074	0.0837745175	-0.01406277	0.0489774012	0.0836018757	0.0647797777	0.1519199377	-0.0291521825	0.022135959	0.0210949821	-0.1256235882	0.0360946929	-0.0092926011	0.0389816188	0.0069415984	-0.0228311169	-0.0081856727	0.0220632986	0.0278489827	-0.1092981859	0.028972137	-0.0370194932	0.0341521709	0.1339486704	-0.0497437603	-0.0134097481	-0.0775188837	-0.0434425321	0.0364736324	0.0296917687	-0.0170467068	0.0445090193	0.0121155518	-0.0112934258	0.1036724212	0.0443366738	-0.0502894191	0.0692529735	-0.0224322122	0.0328211712	-0.016011466	0.0231183927	-0.094463668	-0.0036896781	0.0843666646	-0.019217043	0.1148691666	-0.0022160137	-7.80472e-05	0.0855340836	0.0270993858	-0.012045241	-0.1274234415	0.0132827117	0.0148049235	-0.0132432795	-0.0155521183	0.0028385898	0.0846415993	0.065510991	0.012669869	-0.1311433365	0.0249833491	0.0814483857	0.003406837	0.0563344542	0.1089163754	-0.0001565047	0.0259156731	-0.004475465	-0.0453168402	-0.183396924	-0.0065635916	0.0215885959	-0.0065144398	-0.0878062755	-0.0575840527	-0.0172334427	0.1138571483	0.0469742759	0.0786887493	0.0565371306	0.0241169128	-0.0126835575	-0.0471803671	-0.0731080069	0.0	-0.0447912	0.0053340999999999	0.00200625159744	2.845262280999994e-05	0.0108105	0.0395546	0.00156456638116	0.00011686691025	0.0097721	0.0460108	0.0021169937166399	9.549393841000002e-05	-0.000391998	-0.000224229	5.0278644441e-08	1.53662432004e-07	-0.000202612	0.000622223	3.8716146172900006e-07	4.1051622544e-08	-0.000477682	2.2923e-05	2.28180093124e-07	5.254639289999997e-10	0.0	0.0	0.0	0.0	0.0	0.0	0.0	0.0	0.0	0.0	0.0	0.0	0.0	0.0	0.0	0.0	0.0
6245.912926738433	-15.839421657425191	250.8872784417102	39011428.28839826	6342.994790188607	-14.711038181924778	40233582.90835981	216.41464439004864	4262.661375490744	-5.787465965011506	33.49476229616656	18170282.002100643	4331.581345767419	7830.879965898184	1.389498	30.828474	0.1354337799999999	0.072134	0.017956348	0.0870452394	0.0481242186	0.0409498037	0.147914855	0.0274052875	-0.0312364201	0.0246911924	-0.0136143996	-0.071784578	-0.0513103905	0.0272101696	0.1444265596	0.0812007252	-0.0390648197	-0.0195291477	-0.0991154242	-0.0678882178	0.0528038829	-0.0419059591	0.0376586661	0.0041520045	0.0658343864	0.0343191035	0.0321573725	-0.0487407653	-0.0331562811	0.0460699027	0.1037762421	0.0548647602	-0.1331319718	-0.0385905399	0.0684861735	0.0082129553	-0.0265604228	0.0277168708	-0.0127341779	0.0400838059	0.0406789712	0.0666920797	-0.0049681606	0.0024377477	-0.063402026	-0.0039571108	0.1125165264	-0.0051669384	-0.0062381489	0.0492568602	-0.0753622374	-0.0546969161	-0.1041530281	0.1134098136	-0.063607787	-0.0128818401	-0.025035516	0.0894603475	-0.1119134618	-0.0761362608	0.0395799874	-0.0514128398	-0.0734853388	-0.0475205277	0.0856228178	0.0246736968	0.1218072739	0.0388771774	-0.0105290786	-0.0950348764	0.0180610305	0.0126704176	-0.0156536664	0.0420977494	0.1742924359	0.0018438972	-0.0167774163	0.0339779811	0.0950218148	-0.1096224259	0.0956291878	-0.0045429147	0.0466889947	-0.0314213964	-0.0508905645	0.0137571393	0.0329348062	-0.0777220499	0.0268909418	0.0957761159	-0.0409981684	-0.0243935079	0.1251316675	-0.0262089154	0.037535071	0.1413743479	-0.0319312885	0.0250908164	-0.0057718665	-0.0011055112	0.062282849	0.0528043296	-0.061774844	-0.0703620212	0.0822837857	0.0755950479	-0.0446572473	-0.0281897217	-0.002450722	-0.0076473007	-0.0441055405	0.0055219001	0.0304314531	-0.0567792439	-0.034512902	0.1266202837	0.0395158234	0.0159983531	0.0878760947	0.0388373259	0.0611320681	0.0994137016	0.002228799	-0.0207747178	0.0678205334	0.0441140231	-0.0178883024	-0.0177671686	-0.0307032352	-0.0367486302	-0.0724027731	-0.0530417712	0.0173237462	-0.0699559165	-0.0520386393	0.0846449967	-0.0034491484	0.086125354	0.0040998644	0.0487867283	0.1677419592	0.0147716005	0.0007934828	0.0843916074	0.038278184	0.0816815503	-0.045627965	-0.0421878685	-0.0126399792	-0.0297869537	0.0361269446	-0.0533710593	0.0142088334	-0.0034916269	0.062061133	-0.0695056564	-0.0946517946	0.0037213824	0.0365881775	-0.0367578221	0.0330521546	0.0372334027	0.0938899688	0.023098917	-0.0464231729	0.0827413887	-0.0640875114	-0.0824703785	-0.016636372	0.1241356884	-0.1351495519	0.0134690907	-0.0409686097	0.071269911	-0.0867861864	-0.0505813188	0.0880436641	0.0961248911	-0.0324815598	0.0164083771	-0.01561454	-0.0527500442	-0.0500443765	0.0140636895	-0.0109237403	-0.0255849231	0.062759126	-0.0672092569	-0.019514289	0.0470348268	-0.046947308	-0.0173207768	0.0977220917	0.0541412947	-0.0814609729	-0.0752353738	-0.0050085938	-0.0333379069	-0.039410001	-0.0450831806	0.0745800664	-0.0354989215	0.0016337409	-0.084969774	0.0288524019	0.0499538232	0.0124756162	0.0782592828	0.0549795309	0.0211684467	-0.0166974547	-0.0513649577	-0.0761935001	0.0	-0.0425535	0.0022377	0.00181080036225	5.00730129000001e-06	-0.0385154	-0.0493259	0.00243304441081	0.0014834360371599	-0.0328425	-0.0426145999999999	0.0018160041331599	0.0010786298062499	3.8656e-06	0.0003958636	1.5670798980496004e-07	1.494286336e-11	-0.000302261	-9.964900000000002e-05	9.929923201000004e-09	9.1361712121e-08	-0.000148083	0.0003295989999999	2.1928574889e-08	1.08635500801e-07	0.0	0.0	0.0	0.0	0.0	0.0	0.0	0.0	0.0	0.0	0.0	0.0	0.0	0.0	0.0	0.0	0.0
6234.8179457399765	-11.094980998456776	123.09860335611693	38872954.81652126	6309.307424648535	-33.68736554007228	39807360.17872512	1134.8385970304491	4256.655002781602	-6.006372709141942	36.07651312112512	18119111.81270564	4325.481552331425	7739.092670338578	1.330715	29.52426	0.18093052	0.103964	0.0039233777	0.1355005217	-0.0026438733	-0.0669022726	0.1027681658	-0.0900698307	0.0802767069	0.0746485843	0.0710064373	0.0039175382	-0.0218819752	0.0230865077	0.1006820361	0.0457340775	-0.0470813613	0.0496239431	-0.1213408044	0.027846705	0.0012210978	0.0411798317	-0.0863192315	0.0918020929	0.0844965245	0.0112555453	-0.0334113117	-0.0609792814	0.0830322902	-0.086199541	0.0790639779	0.0898625094	-0.0351180989	0.075244424	0.0809712129	-0.0207249836	-0.0502782761	-0.0180819944	-0.1422814865	-0.0156704592	0.0120608923	0.0565419895	-0.0525063008	-0.0475288539	-0.0946812138	-0.0875937997	-0.0597475548	-0.0177046311	-0.0684724329	0.0933861693	0.0112486805	-0.0277218068	0.006312945	0.0459644744	-0.0539338172	-0.0079385773	0.0155410488	0.0343418398	-0.0244654647	0.0264339219	-0.0055672325	0.0824643071	-0.0176381055	-0.0639138011	0.047023745	-0.0210289131	0.0447616339	-0.0045198047	-0.0237675004	0.0304039328	-0.0320833984	0.0260465373	-0.0118866972	-0.0199331676	0.0351448283	0.0241103291	0.0026500994	-0.0839013241	-0.0256268735	0.0881947999	-0.0980082183	-0.0363731808	0.1072614681	-0.0336721045	0.0282147401	-0.0809843287	-0.0265479977	-0.088988554	-0.1210785013	0.0350586258	-0.0056702347	-0.008750633	0.0460659689	0.0296167036	0.0098908736	0.0072345232	-0.0554505757	-0.0441728879	-0.0366521014	0.1266481381	-0.0021280864	-0.0335763879	-0.0512920486	-0.0423477591	0.1267059345	-0.0215056585	0.079943515	0.0130284783	0.0799717667	0.0629870958	-0.0027949843	-0.0405911801	0.0381441322	0.0462571655	0.0447733643	0.0878699155	0.0144983713	0.0865480027	-0.0663568977	-0.0149063927	0.0009959089	0.1428663342	-0.0536855021	0.079074323	0.0897683834	0.0165827851	-0.0520503663	0.0280568722	-0.0737251662	0.0216948149	-0.1061761421	-5.83709e-05	0.0326438935	0.0509401587	0.0370298186	-0.0635110229	-0.0003709466	0.0313035616	0.0204667792	0.0767776812	-0.0303571559	0.0018542973	0.0923450483	0.0051615372	0.0558029685	0.0133680398	-0.0643460361	-0.1124023482	-0.0025819193	-0.0782184633	-0.0086300376	0.0370961366	-0.0015876261	-0.021255442	-0.0177226823	-0.0123614991	-0.0700443114	-0.0519415621	-0.0314268522	-0.0563381723	-0.0761123577	0.0074676335	-0.0686053901	-0.0013801922	0.0142846099	0.0449518096	0.0053869515	0.0683944639	0.0720314034	-0.0097766935	0.0406433652	0.0246442145	-0.0193803214	0.0615752252	-0.0608354059	-0.0960769747	-0.0337825527	-0.0781339481	0.0914526709	-0.0845650304	-0.0039023631	0.0451074096	-0.1193583214	0.0237847824	0.0825541135	0.0984090071	0.035332554	-0.0619585223	-0.0344132661	-0.0793812594	-0.0020215785	-0.0532894119	0.1209711674	0.0127664094	-0.070081605	-0.0107543074	-0.0101458731	-0.0060808332	-0.0819923424	-0.028809304	0.0735561174	-0.0345530494	0.0169636641	-0.107059248	-0.0115481249	-0.002496194	0.0051037856	0.0778189817	0.053391486	0.0181936073	-0.0206743719	-0.0553718191	-0.0788994011	0.0	-0.0426515	-9.800000000000086e-05	0.00181915045225	9.604000000000172e-09	0.0321006	0.070616	0.0049866194559999	0.00103044852036	0.0270055	0.059848	0.003581783104	0.00072929703025	-0.000709621	-0.0007134866	5.0906312837956e-07	5.03561963641e-07	-2.30692e-05	0.0002791918	7.794806118724002e-08	5.321879886399998e-10	-0.000162775	-1.4692000000000016e-05	2.6495700625000004e-08	2.1585486400000044e-10	0.0	0.0	0.0	0.0	0.0	0.0	0.0	0.0	0.0	0.0	0.0	0.0	0.0	0.0	0.0	0.0	0.0
6239.171720263852	4.353774523875472	18.95535260474709	38927263.7549402	6348.013619969034	38.70619532049932	40297276.91931236	1498.1695561886434	4257.038344201645	0.3833414200425977	0.1469506443202753	18122375.46400308	4323.0014501330925	7595.730560437316	1.407608	31.230284	0.175712705	0.0934336	0.0775471362	0.1206099055	0.1433750041	0.0606698421	0.0508663994	-0.0421001506	0.0575450425	0.0229113939	-0.1249076631	-0.0521054797	0.0345328203	-0.0083557125	0.1307246187	0.0328462304	-0.0100215631	0.0508750661	-0.0840890253	-0.0574365862	-0.0514237505	0.017367219	0.1221281874	0.0405500981	0.0572179294	-0.022145924	-0.0722053633	-0.0367609207	-0.0940247166	0.0097674396	-0.022750376	-0.0045357413	-0.0178895186	0.1116771992	-0.0348211466	0.0733960228	0.0332021411	-0.0037027409	-0.0415897451	-0.0265612131	-0.0506305123	-0.0555943248	0.0291587885	0.0104234807	0.0108534029	-0.0126075722	0.0284147945	0.0561616718	-0.0506799693	0.0104672636	0.0291423411	-0.1084514683	0.0380765956	0.0863018968	0.012309532	-0.0352079125	-0.0093446281	0.0251456054	-0.0061579161	0.0497738591	-0.0304023802	-0.0123216889	0.0841127584	0.0458498997	-0.0236300763	0.0035669447	-0.0563974514	-0.1063140385	-0.0271950539	-0.0842544741	-0.0418478171	0.0522900946	0.0570156825	-0.0082261904	-0.0313053493	0.0281590121	0.1056690095	0.0960357517	-0.0260949904	0.0616832067	0.0426416106	-0.0176877409	0.0398910297	-0.0495605782	-0.0601137288	0.0593159969	0.1703119046	0.0287270847	0.0053603212	0.0922223579	-0.1138999183	0.0689654146	0.0167281469	0.1089101352	0.0855546057	-0.0455787544	0.039535786	0.050650536	-0.0800309679	-0.0186480944	0.0512953304	-0.0515496794	-0.0090925108	0.0065946869	0.0464616712	0.1043411829	0.0890048247	-0.0838625585	-0.0298037506	0.0119942977	-0.038077276	-0.0060552614	-0.0876668463	-0.0584662528	-0.1083029913	0.0228278612	0.0334166404	0.0442069648	-0.0300753179	-0.0171725993	-0.0582454383	-0.0249232773	-0.0243594422	0.0090861181	0.0543853703	-0.0652810242	-0.0710097607	-0.0374109871	-0.0518354284	0.0298692818	0.0020035116	-0.0054243044	-0.0075855245	-0.0708891371	0.0568048577	0.0134517104	-0.002914267	-0.0099114216	0.0325714448	-0.0267573022	-0.0768166616	0.0358431225	-0.1413953817	-0.0449893742	-0.0336959237	0.0731799288	-0.0564744394	-0.0421363075	0.0245473088	-0.0719886495	0.0676416382	0.0285689579	0.0460136339	-0.0577765203	-0.0676742698	0.0459709941	-0.07655729	-0.0805968545	0.0015037052	0.02573706	-0.0659642628	0.0988025291	0.0083047777	-0.056594568	-0.0030566345	0.0419086545	0.1265099617	0.0245833996	0.0275446407	0.0682872669	0.0984093798	-0.0492789597	0.0113884526	0.0121240363	-0.1691701217	-0.0482897111	0.1259834585	0.0260283438	-0.0748981879	0.0651283991	0.0805005009	0.0929734683	0.0243409319	-0.0251184897	-0.0708915656	0.046201199	0.083998686	-0.1255674383	-0.0159840614	0.0412681907	0.06729388	-0.0440018932	0.1345065026	0.0242220233	0.042903152	-0.075187967	0.0740001273	-0.062653062	0.0392839863	-0.0268806981	0.0147664587	0.0385026555	0.03321142	-0.0416736719	-0.0254163475	0.027496349	0.0443201986	0.0773679072	0.0517738754	0.015196101	-0.0246055013	-0.0591870869	-0.0812122292	0.0	-0.0426306	2.090000000000425e-05	0.0018173680563599	4.3681000000017755e-10	-0.0204943	-0.0525949	0.00276622350601	0.00042001633249	-0.0308106	-0.0578161	0.00334270141921	0.00094929307236	1.37923e-05	0.0007234133	5.2332680261689e-07	1.9022753929e-10	-0.000534617	-0.0005115478	2.6168115168484005e-07	2.85815336689e-07	-0.00023343	-7.065499999999998e-05	5.44895649e-08	4.992129024999997e-09	0.0	0.0	0.0	0.0	0.0	0.0	0.0	0.0	0.0	0.0	0.0	0.0	0.0	0.0	0.0	0.0	0.0
6248.802702233297	9.630981969445202	92.75581369577856	39047535.21143816	6317.668992871233	-30.34462709780109	39912941.50348662	920.7963937046044	4261.59142046588	4.553076264235642	20.73050346794599	18161161.4349884	4328.895232502465	7798.870682361352	1.340526	29.741934	0.03652398	0.02376	-0.0201211552	0.1710745817	0.0198249032	-0.0925900504	0.0875044751	0.0789362454	0.0060381211	0.0772562604	-0.0475732118	0.0625615526	-0.0454724367	0.0726446144	0.1390512916	-0.0097808069	-0.0179659388	-0.0262044041	-0.12799022	0.0795610681	0.0396126237	-0.0296636225	0.0118193179	-0.0213663561	0.0706280779	0.0259342703	0.0792220979	-0.0686592045	0.0571225857	0.0487892308	-0.0112074842	0.0045843133	-0.0759123663	0.0909524318	0.0560973217	0.0243677278	-0.0483739669	-0.0419761918	-0.0028032142	0.0032446866	0.0502316717	0.0811114057	0.0996231429	0.0265143249	-0.0083492099	-0.0556909365	-0.1382109766	0.0051199833	0.1358382446	-0.0410752729	0.0828311857	0.1307921984	0.0581717972	0.0213760531	-0.0121470306	-0.0786273842	0.1454849031	-0.0049472522	0.1229796279	-0.0556712973	0.0241734124	-0.0169521501	0.0160752837	-0.067553534	0.1178358478	-0.049785467	-0.0390665268	-0.0500731427	0.0426347149	-0.0261569439	-0.1668087966	0.0306846068	-0.0170909106	-0.0267250995	-0.0043834743	-0.0237918729	-0.0263815687	0.0048188085	0.0053296771	0.00487823	-0.0306840975	-0.0143799353	0.0132949934	0.0572148793	0.0032863815	-0.0774702445	0.0531996536	-0.1458842802	0.0381742712	-0.0310437283	-0.0570114438	-0.0321934365	-0.0657701724	-0.1575967742	0.0451939531	0.0373657557	0.0871261691	-0.0348526462	0.0033055049	-0.0393168879	0.0264438988	0.0032172802	0.0305024272	-0.1015404272	0.0895286224	-0.045844964	0.0105075278	-0.0345534481	-0.0605137678	0.0052237724	-0.050637005	-0.0236647605	0.105855487	0.0094419158	-0.015241661	-0.0552714239	0.0487969629	0.0193860561	0.0332491475	-0.0319648196	0.0331223852	0.1203717549	-0.0396307861	-0.0542331389	0.0621654951	0.0185421873	-0.0958324201	0.0027811674	-0.024084737	0.0394287301	0.0623026481	-0.0827879303	0.1146551867	0.0585234334	-0.0574553374	-0.1124021821	0.0022416467	0.0625415642	-0.138059972	0.0261975268	-0.0690605588	-0.0283765124	0.0178975206	-0.1034482714	0.03328416	-0.0318755627	0.0563022447	0.0224707028	-0.0381444531	0.0252113078	-0.0231373505	0.0591195373	-0.1460609044	-0.0601087862	0.0922529456	-0.0542272816	-0.0269758651	0.0389046607	0.0142661369	-0.0005513415	-0.1121822843	0.0897329995	-0.0473299813	0.0327457682	0.0522399552	0.0524375714	-0.0024851879	-0.0057402261	-0.0060002752	-0.1381670874	-0.0043297862	-7.94388e-05	-0.0454086015	0.0387757907	0.0408643157	-0.0435462903	-0.0755021031	0.1007907879	-0.0499528609	-0.0236401592	0.0364888203	0.000195953	0.1218409847	0.0653404174	0.0377241057	-0.0233351058	0.0749412258	-0.0903119387	0.0108718979	-0.0197844883	-0.0704449453	-0.1808331114	-0.0148151447	0.0136613579	-0.0692666586	-0.0252209009	-0.0336232748	0.0394411264	-0.0587862726	0.051100884	0.0387695568	-0.0671712058	-0.0114193406	0.0379222018	0.0552444643	0.0449097908	0.0032135273	0.0769061215	0.0501275948	0.0121796622	-0.0284821367	-0.06279756	-0.0831204621	0.0	-0.0388219	0.0038086999999999	0.00150713991961	1.4506195689999986e-05	-0.0202814	0.0002128999999999	4.532640999999936e-08	0.00041133518596	-0.0532193	-0.0224086999999999	0.0005021498356899	0.0028322938924899	-5.93723e-05	-7.316460000000001e-05	5.353058693160001e-09	3.52507000729e-09	-0.000534617	0.0	0.0	2.85815336689e-07	-0.000104721	0.000128709	1.0966487841e-08	1.6566006680999997e-08	0.0	0.0	0.0	0.0	0.0	0.0	0.0	0.0	0.0	0.0	0.0	0.0	0.0	0.0	0.0	0.0	0.0
6256.680454959316	7.877752726019025	62.05898801230018	39146050.31546991	6341.332773583567	23.6637807123343	40212501.34532506	559.9745176014449	4265.844055906971	4.252635441091115	18.084908194824227	18197425.50931684	4331.215293580583	7784.524962153748	1.304895	28.951414	0.180845125	0.0928869	0.0185071828	0.0958194418	0.0252651646	-0.0296154944	0.0043918677	-0.0645742778	0.0540001029	0.0800000331	-0.0327731498	0.0639522265	-0.009129943	0.0376930633	0.0844466742	0.0072077276	0.1161005579	0.0221183292	-0.0343294051	0.0431420098	-0.0034156861	0.0008194758	-0.0356994347	0.0785161543	0.0684601588	0.006018506	-0.0167819424	0.0188805235	-0.042636744	-0.0249536791	0.1313537027	0.0164358723	-0.0539783777	0.0482770564	-0.0152898272	-0.1013760551	0.0031264609	-0.0167691819	0.0042536198	-0.0072007061	-0.0669523587	-0.0405082638	-0.0567588567	-0.0047006861	-0.0514983297	-0.1326563353	-0.0147301471	0.0106705381	0.1417129	-0.0071587474	0.0010671364	0.0779440229	0.0014052091	0.0017914476	-0.0473962177	0.0772919832	0.0406489246	-0.0275158335	-0.0356959697	-0.0035223552	0.050851277	-0.0188353771	0.0808294787	-0.0806339588	0.0297861416	-0.1064397585	-0.0687411689	0.036271101	-0.0713135851	-0.0166427112	-0.1156410801	0.0705752539	-0.186997143	0.0482331479	0.0822205863	-0.0343482385	0.0486902853	-0.0342235085	-0.0154589202	0.0175963754	-0.0274939368	0.0608078725	-0.0460068173	0.0197653854	0.0143955359	0.008976997	-0.0634841329	0.1161349511	0.0022104481	0.0870538127	0.0623378411	0.0711468232	-0.0286342931	0.0153775193	0.0241863652	-0.1022344569	-0.0129311229	0.0087916021	-0.0395587733	0.0511809091	-0.054744714	0.0543378947	-0.0203624193	-0.0100861587	0.0479091249	-0.0244927592	0.0450667394	0.0035899324	0.0205233441	0.0857803775	-0.0080629474	-0.0633590764	-0.0231503082	-0.0172149464	0.0269689824	0.1384064275	-0.0349205708	0.035022155	0.0070183571	-0.0758466729	0.0974184333	0.0273615499	-0.0273391247	-0.0248461472	-0.023647666	-0.0168405097	-0.0104000015	-0.0098976327	-0.0796895659	0.1005343727	-0.0510726851	-0.0284178742	0.0487948425	0.0077921713	0.0327901552	-0.0547941371	-0.10373463	0.0245937375	-0.0598057674	0.0360969124	-0.032979921	0.0295491208	-0.0933819258	-0.0111060674	0.0123482247	-0.0972884722	0.0518663226	0.0707862414	0.2251358793	-0.0818162702	-0.0038962047	0.1231254085	-0.0143979649	-0.0339371713	-0.0539718685	-0.0180033083	-0.040123074	-0.0903109101	-0.0938079151	0.0298256482	-0.0254660827	-0.0706525677	-0.0107980502	0.0262421243	-0.0042921123	0.0267162484	-0.0641002059	-0.0409255733	-0.0654103404	-0.0290769831	-0.0515549636	-0.0390826935	-0.0307287211	0.0030416124	-0.0109737342	0.1103227164	-0.0171365236	0.0047487671	0.0730597566	0.1056054382	-0.027052302	0.039234704	0.046860065	-0.0024673158	0.0338765777	0.0904669759	0.087826943	-0.0604342954	-0.0524462496	-0.0607725039	-0.0205402572	0.0164076633	0.1519445304	-0.0934274688	-0.0332575821	0.0369081245	0.0544012687	-0.0088400747	0.0135229691	-0.0661805137	0.0486787018	-0.0024024095	0.0609702892	-0.0630139797	-0.0321047671	-0.0052220911	0.03188777	0.0764336887	0.0484535557	0.0091480491	-0.0322956923	-0.0661907455	-0.084614593	0.0	-0.0459513	-0.0071294	0.00211152197169	5.082834436000002e-05	0.00760099	0.02788239	0.0007774276721121	5.77750489801e-05	0.0131567	0.0663759999999999	0.0044057733759999	0.00017309875489	-0.000988042	-0.0009286696999999	8.624274116980898e-07	9.762269937639998e-07	-0.000177002	0.000357615	1.2788848822500002e-07	3.1329708004e-08	-0.000407583	-0.000302862	1.66123901889e-07	9.1725391044e-08	0.0	0.0	0.0	0.0	0.0	0.0	0.0	0.0	0.0	0.0	0.0	0.0	0.0	0.0	0.0	0.0	0.0
6260.94686486969	4.266409910374023	18.20225352333768	39199455.644721605	6355.580149158793	14.247375575225306	40393399.0323813	202.9877107815266	4269.631554544649	3.787498637677345	14.345145930407744	18229753.611563355	4334.122139273338	7769.099442287083	1.118629	24.818768	0.1524730899999999	0.0824798999999999	0.0442898292	0.0798666876	0.0853133012	0.0308619832	-0.0116792974	-0.0252591592	0.0388425955	-0.0279373746	-0.0856991847	-0.0145122053	0.0118376143	0.0485547667	0.057565365	0.003921235	0.0147415099	-0.0119530575	0.0086321223	-0.0673761749	-0.0649240268	0.0107791766	0.0138125389	-0.0028582947	0.1037733315	0.0555646598	-0.0824638737	0.0111156178	0.0329213192	-0.0582778061	-0.1038869504	-0.0474076329	-0.0249683618	0.0665965365	0.02481693	-0.0549075791	-0.022251506	0.0181739436	0.0251112311	0.0580201374	-0.0407346911	0.0060863071	0.0516982704	0.0171140488	-0.025036705	-0.0130746329	0.0386074149	-0.0563030573	-0.0140123751	0.1142859769	0.0402869485	-0.0977795911	0.0372364204	0.0463231047	-0.1073354955	0.000960244	-0.054736846	-0.0802204351	0.0333376842	0.0573676205	0.0289524831	0.0741737143	0.1360537256	0.039326675	-0.0499575899	0.0759008312	0.0309573889	0.0636001626	0.1103187757	0.0010345261	-0.0719304388	-0.0934114926	-0.0654913393	-0.0575510714	-0.1021073611	0.0204798542	0.0503191837	-0.0104508586	-0.0081819078	-0.0055476952	-0.0219979112	0.0587863446	-0.0064677693	-0.0103960566	0.0365889861	0.0078756505	-0.0298412992	0.0145374935	0.0842151893	0.0223625583	-0.0625325498	-0.0409635335	-0.013979704	-0.0157928841	0.0342360197	-0.1040138389	-0.0065667305	-0.0463587469	0.0839096276	-0.0151063044	0.1090154014	0.0151832556	-0.0885476636	0.0029129853	-0.0219189642	0.0691143953	0.0205001139	-0.0081887312	0.0051644003	-0.0022352164	-0.0759677271	-0.0991071396	-0.0541461263	-0.0349962954	-0.0058451804	-0.0512663309	0.0940694456	0.0102369295	-0.1167834366	-0.0592395219	0.0191591109	0.0094897848	-0.0023685808	0.0073680338	0.01452865	0.0581318013	0.0204323536	0.0087617452	0.0054954344	-0.0233437259	-0.0017653291	-0.0879629224	-0.0839447684	-0.0004984535	0.0868542198	0.0171842661	0.0129933638	0.0986423533	0.1240744672	0.028048595	-0.1470814761	-0.0867692939	-0.0460253554	-0.042009614	-0.0700858568	0.0139082787	-0.0059428529	-0.0404809023	0.0176840111	-0.0205988301	-0.0948964126	0.0167216636	0.0331560823	0.0833224561	-0.0154113526	0.0689965192	-0.0356416416	0.0371638064	-0.1094130507	0.0368077246	0.0071830365	0.0154452858	-0.0034770843	-0.0513928642	0.0090400134	0.0251582299	0.0013748403	0.0576577611	0.0508619826	-0.0315909439	-0.0416771754	0.0421165389	-0.0280435448	-0.0780276387	0.0585347265	0.0760923903	0.0864275418	0.0521541628	0.0136944325	-0.0209623077	-0.0136213759	0.0576603689	0.0231100272	-0.0106438277	-0.0457640405	0.0173302358	0.0706054651	-0.0816817505	-0.045810531	0.034441757	0.0624585648	-0.0483288376	0.0553619686	-0.0401109191	0.0646343142	-0.0126630545	0.0820555677	-0.0480140389	-0.0070689459	0.0735337621	0.0214515067	0.0265241181	0.0022088341	0.0247513598	-0.0095380651	0.0273454771	0.0623168216	0.0759506742	0.0467526853	0.0061050386	-0.0360377223	-0.0693549027	-0.0856871783	0.0	-0.0425853	0.003366	0.00181350777609	1.1329956000000006e-05	-0.0325042	-0.04010519	0.0016084262649361	0.0010565230176399	-0.0402878	-0.0534445	0.00285631458025	0.00162310682884	-0.000198434	0.000789608	6.234807936640001e-07	3.9376052356e-08	-0.000408529	-0.0002315269999999	5.3604751729e-08	1.6689594384099997e-07	-0.00031757	9.001300000000001e-05	1.0085070490000001e-07	8.102340169000002e-09	0.0	0.0	0.0	0.0	0.0	0.0	0.0	0.0	0.0	0.0	0.0	0.0	0.0	0.0	0.0	0.0	0.0
6275.89046163514	14.943596765449913	223.31108428836504	39386801.08644293	6341.206994472406	-14.373154686386442	40210906.14674576	206.58757563879252	4269.399640962425	-0.2319135822235694	0.0537839096197682	18227773.29425009	4336.731460823134	7938.7659196319955	1.072553	23.796482	0.0508424	0.0248336	-0.0175178213	0.0866173324	-0.0055385992	-0.0453250292	0.0416404932	0.0729167844	-0.0402777724	-0.0039825868	-0.0549842541	0.065127143	-0.0718623727	0.0248268507	0.03995944	0.0010948552	-0.0179251771	-0.0239966137	-0.040461623	-0.0241500183	0.0538128991	-0.037916045	0.0311941808	-0.0249865843	0.0356249114	-0.025580027	-0.0489049805	0.0839669426	-0.0336090726	0.0377208632	-0.0118006716	-0.001632945	0.0284976293	0.0720459678	0.0162879508	-0.0062783537	0.047776526	0.0974516678	0.0680460383	0.0015033751	0.0418497865	0.1326893905	-0.1265469616	0.0151049189	0.0279687485	0.0309427682	-0.0086028457	0.0279825457	-0.1158286138	0.0160151912	-0.0056522954	0.0208696859	0.0898418854	0.0070834129	0.0896458776	-0.0354582745	0.0187570372	-0.0447887499	-0.0973867551	0.0176898165	0.1484539135	-0.0479583806	-0.0368455846	0.1038945182	-0.0105190512	-0.013053084	-0.0351729373	0.0506196837	-0.1042576613	0.0922118875	-0.0948235442	0.0126725811	-0.0706351491	-0.0026843525	0.0662291582	0.0534768824	0.0540960077	-0.0316467573	-0.0338516345	-0.0206280021	-0.0276879498	0.0228016075	0.0197867855	-0.0201487043	0.0198880813	-0.0466605815	0.0259794809	-0.0386915519	-0.001977004	0.1244938573	0.0970828877	0.0057898856	0.0626087362	0.034166045	0.0270272077	-0.0058369196	0.1765787399	0.0918317148	0.0518531783	0.0245351492	-0.0485352552	-0.0550337048	-0.0516540536	-0.0523681363	0.0472025296	0.0120601269	-0.0652544675	-0.0001498313	-0.0331861666	-0.0330671468	-0.0317052149	-0.0233970577	-0.0498250247	-0.0628655421	0.0519933084	0.0058442145	0.0113417051	-0.0622021121	0.0797495408	-0.0777146762	-0.0554103207	0.0814660045	0.0572696341	-0.0428776547	0.018468159	0.1197208201	0.0307261107	0.0100501723	0.0646092311	0.0664763582	-0.0515411356	0.1025076914	-0.041961248	-0.0285453653	0.0003996022	0.0594473616	0.0554830271	-0.1093879383	-0.0678344683	0.0048532594	0.0218134491	-0.0639973107	-0.0252331773	-0.0642823507	-0.0133815829	0.0229706696	0.0748037277	0.0570841881	-0.0812340392	-0.0372412914	-0.0253088005	0.1270879474	0.1251101664	0.0147418202	0.0304724643	0.0544594497	-0.0060780804	-0.0580444507	0.0406914349	-0.0476374209	-0.0702149692	-0.0832588485	0.0078294	0.0074397016	-0.0128602147	0.0036185144	-0.0411668387	0.0771772008	0.0559051372	-0.0453949974	0.0160754619	-0.0059842845	0.0165447603	0.0827795723	-0.0081290765	0.019496649	-0.0122089356	0.0768763867	-0.0613086504	0.045707654	0.0769771036	0.1074594392	-0.0913542222	0.0325062181	0.0383596315	-0.0146328018	0.046433857	-0.0512990482	0.0223671183	0.0322950835	-0.0817512876	-0.0714609111	0.0339075545	-0.0628487714	0.0365797685	-0.0416786797	0.0678125004	-0.0414599003	0.0643501063	0.0040343248	0.0654641658	-0.0932037226	0.029847671	-0.004484275	0.0568319986	-0.0045965959	-0.0593901552	0.0754571448	0.0450259254	0.003054422	-0.0396999392	-0.0722790832	-0.0863328744	0.0	-0.035476	0.0071092999999999	0.001258546576	5.054214648999999e-05	-0.0401448	-0.0076406	5.837876836000007e-05	0.00161160496704	-0.0239565	0.0163313	0.00026671135969	0.0005739138922499	-0.000462941	-0.000264507	6.996395304900001e-08	2.1431436948100006e-07	-0.000399671	8.857999999999989e-06	7.84641639999998e-11	1.59736908241e-07	-0.000195711	0.0001218589999999	3.8302795521e-08	1.4849615880999996e-08	0.0	0.0	0.0	0.0	0.0	0.0	0.0	0.0	0.0	0.0	0.0	0.0	0.0	0.0	0.0	0.0	0.0
6290.124432524312	14.23397088917227	202.6059272738036	39565665.37663931	6360.322857631238	19.115863158831417	40453706.85330639	365.41622430716825	4274.807263868604	5.407622906179313	29.2423854954352	18273977.143223785	4338.407587269903	7990.901130657707	1.077286	23.901506	0.0839069	0.0491678	0.0163757973	-0.0015575246	0.0372956769	-0.0567454575	-0.0550892437	-0.0055465152	0.0071366749	0.0563359123	-0.0081895298	-0.0271863335	-0.1623023913	0.0755192768	-0.0236974246	-0.0115979282	0.0839566933	-0.0069177721	0.03695743	0.0255037818	0.0838486892	0.1083736459	-0.0194566834	0.0718901636	-0.0249121065	0.0685308761	-0.0355406128	-0.0302604212	0.0500665251	0.0197272669	-0.0712659433	0.0170355543	0.0667890455	-0.0587045225	-0.0101388326	-0.0123429043	0.0151814797	-0.0765493559	-0.0283872658	0.0723295292	0.0375330606	0.0339344618	-0.0120602501	0.091305791	0.0396009124	-0.09955542	-0.0122766232	0.0257220279	-0.1300939359	-0.0035480134	-0.0517888803	-0.0431681461	-0.0276906306	-0.0609583764	0.0116268224	0.0197023249	-0.0163474841	0.0404016828	0.1242732307	-0.0441817751	0.0495397341	0.0308711495	0.0400941335	0.034158951	0.0453046526	-0.052877368	0.0809189674	-0.0163618901	-0.0160707101	0.0767994256	0.1134640147	-0.0744654453	-0.0781937634	-0.0483795096	-0.070783641	0.0631675896	0.028020884	0.1050233107	-0.0559859559	-0.0691263857	0.0834734463	0.0686207649	-0.0030730952	-0.0076243765	-0.0828287919	0.0783733146	-0.0337288883	0.0326274058	-0.0217959374	-0.0388283864	-0.011060539	0.0412115932	0.0086615536	-0.0166227897	-0.0610881024	-0.0263685857	-0.093494251	-0.0073925612	0.0451357506	-0.035820826	-0.060844062	-0.0219695577	0.0656392242	0.0089521109	-0.0219520445	-0.0573801761	-0.0499993012	-0.0690240018	0.0825630357	0.0264340161	0.0561450635	-0.1089955385	0.0480583142	0.078653908	0.0060141493	-0.0664177392	0.0306031418	-0.0139826326	-0.0184540908	-0.0368145665	0.0449559702	-0.0010109727	0.0119100177	0.0186577903	0.0623503539	0.0659888066	0.1002269947	0.0142397808	0.0629841978	0.0680775924	0.0584606643	0.0445755604	0.0187464734	0.0654015309	0.0475721834	0.0013988713	-0.1398198589	-0.0334134272	0.0425106193	0.0693603761	0.0220998006	0.0336682103	0.0223736721	0.0023012414	0.0209918115	0.0481137368	-0.0472968133	0.0506706483	-0.1069844618	0.0261273089	0.0258641766	-0.0842484178	-0.0870792069	0.0803020261	-0.0001049573	0.1197999816	-0.0364407181	-0.0564267449	-0.0323344214	0.0776784363	-0.0341977448	-0.0940355083	0.0751729999	0.0050129387	0.0476455635	0.0559107063	0.0628821921	-0.0026857707	-0.0480103465	0.13389848	0.0666868022	0.080237461	0.1048284199	-0.036437733	0.0084036205	0.0299333595	0.0241359676	-0.0118405173	-0.0006628007	0.030928761	-0.0528398265	-0.0372983142	0.0640061028	-0.0108373978	-0.0422077437	0.0292475038	0.0232988995	-0.0021243504	-0.0851669515	-0.0825695345	-0.0446001233	-0.0416520103	-0.0105927993	0.063748948	0.0836325088	0.0939097471	0.0733176614	0.0009164292	-0.011594311	0.1555726999	0.0100514096	0.0437765737	0.0165685248	0.0072837961	-0.0079494526	0.0217400876	0.066905063	0.0749531689	0.0432742322	0.0	-0.0432742322	-0.0749531689	-0.0865484645	0.0	-0.0426083	-0.0071323	0.00181546722889	5.086970329000002e-05	-0.00212165	0.03802315	0.0014457599359225	4.5013987225e-06	-0.0534876	-0.0295311	0.00087208586721	0.00286092335376	-0.000462941	0.0	0.0	2.1431436948100006e-07	-0.000359189	4.0482e-05	1.6387923239999994e-09	1.29016737721e-07	-0.000339636	-0.000143925	1.15352612496e-07	2.0714405624999995e-08	0.0	0.0	0.0	0.0	0.0	0.0	0.0	0.0	0.0	0.0	0.0	0.0	0.0	0.0	0.0	0.0	0.0
6287.067345921996	-3.0570866023163035	9.34577849406184	39527215.81215865	6367.012741219284	6.689883588046541	40538851.2468487	44.75454242161447	4269.134666067655	-5.672597800949006	32.1783658113315	18225510.79702059	4334.065091305335	8142.378693524938	1.053849	23.381493	0.0847592499999999	0.051032	-0.0393828572	0.0037273392	-0.0049212031	0.0149883995	-0.0332542809	-0.0105964696	0.0125437057	-0.0077989829	-0.0027516176	0.0187408296	0.0287632753	0.0780597518	0.0242210419	0.0367544795	0.0068193979	-0.0099953646	0.0009358395	-0.0221735647	-0.059575219	0.0041519286	-0.0534023642	-0.0330694241	0.0389950075	0.0441767063	0.0080441933	-0.0335823731	-0.0177217576	-0.0142983053	-0.0490342441	0.0288892914	0.0138652969	0.0164803005	-0.0292515641	0.0157895137	0.0175670132	0.0751589337	-0.0536198317	-0.0320752519	-0.0281154818	-0.0066468495	0.0101281194	-0.0263106727	0.0985347676	-0.022710904	0.0132042327	0.0016560814	-0.038473183	-0.0289479175	-0.0260971985	0.0116697862	0.069557129	0.0190219904	0.0158008048	0.0805290753	-0.0101859226	0.0118985452	-0.025320907	0.0112801028	-0.0170970287	0.1127500605	-0.0297639827	-0.0584086675	-0.0262259002	-0.0078817052	0.0637217972	-0.0374729043	0.0420282936	0.0414334568	-0.0372222643	0.0310787112	-0.0449256597	0.0075911345	-0.0204263374	-0.0963778577	-0.0049637061	-0.0807197972	-0.0603454876	0.008105332	0.0396716493	-0.0689543911	0.0017800184	-0.0472394219	0.0524420175	0.0656513353	-0.0461059116	-0.0417916954	0.0296879113	-0.0554382496	0.0285964968	-0.0543767492	0.0715540036	-0.0320565455	0.0408984771	0.0492920469	0.0319263654	0.0028901227	-0.0588957736	-0.0923728027	-0.0229291787	0.0769743738	0.0767258744	-0.0056612648	-0.0125554174	0.0296701151	0.0372898277	0.0472184688	0.0302446184	0.0024126011	-0.0657033611	-0.048213093	-0.0065174713	-0.036945834	-0.0395397835	-0.0064944233	-0.0758791607	-0.0360633501	-0.0490352063	0.0310883923	-0.0238779762	0.0616095925	0.0550900334	0.0747966978	-0.0099474962	-0.0178679135	-0.0136751808	0.0002349631	-0.0063041132	-0.0470903958	0.0332483851	0.0339109711	0.0055170762	-0.071820894	0.0701248233	-0.0227730861	-0.0054853469	-0.0708493442	-0.0121975773	0.051890615	-0.0366793443	0.052053767	-0.0406591684	-0.0335650893	-0.0269765768	0.0488465681	-0.0331881547	-0.0804839394	-0.0365461844	0.0023953306	-0.0624006744	0.1106664773	-0.0142501436	0.0676207075	0.0375736228	-0.0356725249	-0.0927707578	0.0438567413	-0.0394333254	-0.0506384559	0.059606807	0.0104857715	0.0314489967	-0.0135576939	0.0258490166	-0.0875930031	0.0470934375	-0.0644628835	-0.0563295198	-0.0633499958	-0.0284644236	0.0764420347	0.0316108634	-0.0239233529	-0.0404736828	-0.016183571	-0.0871982835	-0.0141736148	-0.0335676084	-0.007896895	-0.1144237996	-0.0191992451	0.0788792075	0.0251088097	0.0292802313	-0.0028223545	0.0464979786	-0.0073473069	-0.0051042208	0.006620583	0.0550647376	0.01698886	0.042760012	-0.0799676379	-0.0584528064	-0.056245382	0.0375005252	-0.0508762737	0.035120479	0.0751860394	0.0064881545	-0.0558132349	-0.0654425023	0.0273444187	0.0071482531	0.0421966245	-0.001055013	0.0744388162	0.0414985757	-0.003054422	-0.0467526853	-0.0773679072	-0.0863328744	0.0	-0.042587	2.1300000000001876e-05	0.001813652569	4.536900000000798e-10	-0.0412331	-0.03911145	0.0015297055211024	0.00170016853561	-0.0240299	0.0294577	0.00086775608929	0.0005774360940099	-0.000213734	0.000249207	6.2104128849e-08	4.5682222756e-08	-0.000373753	-1.4564000000000003e-05	2.121100960000001e-10	1.39691305009e-07	-0.000399241	-5.960500000000001e-05	1.59393376081e-07	3.552756025000001e-09	0.0	0.0	0.0	0.0	0.0	0.0	0.0	0.0	0.0	0.0	0.0	0.0	0.0	0.0	0.0	0.0	0.0
6286.49402786551	-0.5733180564857321	0.3286935938925771	39520007.16238873	6369.205522673083	2.1927814537984887	40566778.990049295	4.808290504122613	4273.530192660203	4.395526592547867	19.320654025795463	18263060.307578355	4337.819981502792	7993.002509648492	1.139598	25.283998	0.07676481	0.0482838	0.0318703431	-0.0237351038	0.051662471	0.0344240548	0.0287293549	0.0153751261	-0.0228484272	0.0117364577	-0.0050057229	-0.0146187127	-0.065731104	-0.0310248958	0.0685729115	0.0415909775	0.0389857436	-0.0054506908	0.0367350367	-0.0769815764	0.043050448	-0.0493564235	0.0089420064	0.0420295229	-0.034297546	0.0815197734	-0.0421414291	-0.0012441875	0.0655611021	-0.1186915036	-0.0642135209	0.0291122408	-0.0015191991	0.075620689	-0.0819746752	-0.0416788116	-0.095463721	0.0561835382	-0.1045915763	0.012188289	-0.0495114741	0.0411514033	0.0512374325	-0.0412331248	0.0258268766	0.1239195303	0.1231923574	0.0046758986	-0.1010106189	-0.0479522562	-0.0774860004	-0.0990010905	-0.031520081	0.0929754047	-0.0438440912	0.0496012082	0.1297703049	0.1573650704	0.1342359875	0.0492852698	0.020863529	-0.0400166823	-0.0405055371	0.024961527	0.0742823048	-0.0154567235	0.0310657493	-0.0363977861	-0.0319723665	-0.0360443374	-0.0120296054	0.0138737791	0.0602158815	0.1466153383	-0.1037797299	0.0354551425	-0.0602067598	-0.0221906834	0.0334192455	0.0394556627	0.0052201934	-0.057982595	0.0093897381	-0.0571809365	0.0607305608	0.0644524255	0.0008671613	0.0009346897	0.0243338999	-0.045066172	0.0301137583	0.0310322341	0.0018336239	-0.0650313356	0.0036688208	-0.0293957902	0.0151544699	0.0367721801	0.0342029747	0.0651698945	-0.0646454221	-0.0801163179	0.0361239865	0.0194604	-0.0115635741	0.0620745716	-0.0606358001	0.0199282757	-0.0296675133	-0.0083547299	0.1016161214	-0.0648305259	-0.0224381876	-0.0151699108	0.029459475	0.0303378948	0.0778056738	0.0377694915	-0.1659636684	0.0034074411	-0.0977038587	0.0896570186	0.0638479688	0.0032271496	-0.0472452553	0.0079592376	-0.0141126229	0.0745878177	-0.1540817162	-0.0899295396	0.0045303078	-0.037168648	0.0242801963	-0.0552959575	-0.1376473752	0.0445960273	0.0269083642	-0.0097102799	0.0425919279	0.0720330851	0.0821504325	-0.0287004567	-0.0700115101	0.0821136177	0.0785432986	0.1260579694	-0.1542803248	0.0615292143	-0.0545063631	-0.0539479276	0.0222962597	0.0535192102	-0.0237496749	0.0483794453	0.1509699435	0.0452895027	0.0138635754	0.0081373752	-0.0179701127	0.0527278858	-0.0133874206	0.0368321931	-0.0990200109	0.0529104377	-0.0371621326	-0.077199242	0.0547126826	-0.0282811664	0.1048870204	0.0105896781	0.0585673345	0.0582288074	-0.0603544549	-0.0603176847	-0.0256244041	-0.0030759002	-0.0237731955	-0.1004817217	-0.1356167522	0.0499957475	-0.0207433961	-0.0419233624	-0.0408611047	-0.0304490109	-0.0297033369	0.0384895622	-0.00301801	0.0164667697	-0.0957560553	0.0917382565	-0.0282396669	-0.0449632071	0.0506785134	0.1026182428	0.1199782254	0.0074151473	0.0733940196	-0.0358484614	0.0336552887	0.0917650881	0.0431520526	-0.0452102364	-0.0223575726	-0.1203508068	-0.0673278796	0.0487044298	0.0283415309	0.0739141579	0.0396999392	-0.0061050386	-0.0501275948	-0.0795149427	-0.0856871783	0.0	-0.0425992	-1.2199999999996936e-05	0.0018146918406399	1.4883999999992522e-10	0.00209876	0.04333186	0.0018776500910596	4.4047935376e-06	-0.0311385	-0.0071086	5.053219396e-05	0.00096960618225	-0.000503764	-0.0002900299999999	8.411740089999996e-08	2.53778167696e-07	-0.000240663	0.00013309	1.7712948099999996e-08	5.791867956900001e-08	-0.000296118	0.000103123	8.7685869924e-08	1.0634353129e-08	0.0	0.0	0.0	0.0	0.0	0.0	0.0	0.0	0.0	0.0	0.0	0.0	0.0	0.0	0.0	0.0	0.0
6281.326436954805	-5.167590910705258	26.703995820403595	39455061.80758735	6342.733388786642	-26.472133886441043	40230266.84122887	700.7738725016601	4270.676509823505	-2.853682836698681	8.14350573246863	18238677.85155827	4335.776378624185	8054.733640188138	1.12392	24.936163	0.13379826	0.0753405	-0.0237325973	0.0263168794	0.0485775924	-0.0542035661	0.0310867139	0.0515668844	-0.0239879989	0.053319522	0.0414728342	-0.0824506568	-0.0352452209	0.0501119561	0.1028154996	0.0530431434	0.0391162584	-0.0424782967	-0.0136026716	0.0034869326	0.0970986153	0.0233502733	0.0085831421	-0.0337192326	0.0175119924	0.0202883664	0.1275574102	-0.0696242206	0.0123023757	0.1365294129	0.032417873	0.0501917698	-0.0190240391	0.0321298006	-0.1445955252	0.0138305016	-0.0292100794	0.0711994644	0.0213661475	0.03060478	-0.0143401317	-0.1168321017	-0.0320899528	-0.0746910188	0.0968246006	-0.1211035193	0.0354989688	-0.0029063735	-0.0426009751	0.0998711395	-0.0472004416	0.0136801617	0.0312262442	0.0084509254	0.0531462122	0.068085215	-0.0076301747	-0.1411836943	-0.0007402895	0.0029344798	-0.0318091538	-0.0153294292	-0.1040679673	-0.0395118913	-0.0159596542	-0.0367510435	-0.031503983	-0.0080900132	0.0695310829	-0.008080403	0.1319148455	0.0107794497	0.0735567479	0.066270353	-0.0027193523	-0.0773794112	0.0817204674	0.030550555	-0.0016893646	0.0692948042	-0.0935831422	-0.0222767368	-0.0159784223	0.0105443765	-0.0450713609	-0.0576601427	-0.0516025084	-0.0633826241	-0.07138876	0.0095591663	-0.168757598	0.0370252069	-0.0105844317	0.0631222553	-0.0462941034	0.0442597841	0.0034166212	0.0481054665	0.0001024373	-0.0524456245	0.0696143395	-0.0803813946	-0.0054566382	-0.0609981887	0.0160397586	-0.0351321851	-0.0675194196	-0.048843482	0.036756416	-0.0216494279	-0.0409561712	0.0128848715	0.1120888089	-0.0126030419	-0.0684709826	-0.0964687223	-0.0844088163	0.0070916832	0.0228702561	-0.0062820696	0.0307491422	0.0448543427	0.0333545007	-0.0883735137	-0.0164243789	-0.1529782587	-0.0860360551	0.083046208	0.0005388124	-0.0148999302	-0.0301821891	0.0327438086	0.0373969654	-0.1357693847	0.0882441296	0.020324566	-0.060293395	0.0141953138	0.0575845466	-0.0768253329	0.120923578	0.0887093313	-0.0100058155	-0.0557481463	0.1586613446	0.0076132834	-0.0356662699	-0.0964239106	0.0379771649	0.0878358408	-0.0458132501	-0.0301855359	-0.0020478026	-0.0376354354	-0.0973617178	0.0516225444	0.0335473389	0.0070332065	-0.0122385252	0.0127267755	0.0139990262	-0.0363350854	-0.0309209306	-0.0113848423	0.0861053037	0.0045348144	0.0481869147	0.076122317	-0.0508492742	0.0081091983	-0.018460836	-0.0542701999	-0.068421308	-0.0009215299	-0.0643963925	-0.0278766656	-0.0010272048	-0.0321099842	0.0294943375	-0.0673631879	0.0662642579	-0.0283540901	0.0361453207	0.0242530555	-0.0189975475	-0.0483235131	0.0464884448	-0.0232703519	0.0237091482	-0.0446687689	-0.0475572708	-0.0023241794	0.0462836062	0.0123416664	-0.1289091917	-0.025218815	-0.0174754666	0.0053075243	0.0005714162	0.1159161966	-0.1314925993	0.0249128185	0.0005145799	-0.0336105611	0.0020873638	0.0135204673	0.0677844271	0.0733792667	0.0378793187	-0.0091480491	-0.053391486	-0.0813868465	-0.084614593	0.0	-0.0426263	-2.710000000000212e-05	0.0018170014516899	7.34410000000115e-10	-0.0469073	-0.04900606	0.0024015939167236	0.00220029479329	-0.0680594	-0.0369209	0.00136315285681	0.00463208192836	0.000213164	0.0007169279999999	5.139857571839999e-07	4.5438890896e-08	-0.000426777	-0.0001861139999999	3.4638420995999994e-08	1.82138607729e-07	-0.000242276	5.384199999999999e-05	5.8697660176e-08	2.8989609639999983e-09	0.0	0.0	0.0	0.0	0.0	0.0	0.0	0.0	0.0	0.0	0.0	0.0	0.0	0.0	0.0	0.0	0.0
6280.610170152553	-0.7162668022519938	0.5130381320082967	39446064.10942368	6362.867999476245	20.134610689603505	40486089.17875884	405.4025476218957	4264.422292086396	-6.254217737108775	39.115239503166	18185297.48524339	4331.439536255772	8109.972713860282	1.043741	23.157248	0.1614083999999999	0.0948409	-0.0291963024	0.0162363029	-0.009884017	-0.0021542631	-0.0281320672	-0.0620568591	0.0808548572	-0.0245146594	0.0701028814	0.0659584691	-0.0024365715	0.0556862116	0.0248497586	0.0480525389	0.0488849719	0.0210944106	-0.0228325736	0.0279264151	-0.0866476535	-0.04694575	-0.0835168893	0.0286085586	-0.0226716881	-0.0038609403	-0.0080597588	0.0245611176	-0.0750174838	-0.0114681439	0.0287116577	0.0721987182	-0.0253445298	0.0265073165	0.0186670515	-0.0242749666	0.0432213289	0.0062094704	-0.0437394889	-0.0459146734	-0.1197666925	-0.0904917486	-0.0644638396	-0.0038828732	0.0554624658	-0.1433431973	0.0167312805	0.0104505323	-0.0312255834	-0.0204679005	0.0124134213	0.0541515288	0.0584531386	-0.0115043939	0.0014161165	0.0387371713	0.0309176972	0.0925561096	-0.0040397302	0.087116762	-0.0390504523	-0.0305442877	-0.0043382879	-0.0866103947	0.0537970329	0.0385341001	-0.0442597664	-0.0393542149	0.0060805823	-0.1098634123	0.0780530622	0.0305179313	0.0012113443	-0.0812388738	0.1102497008	0.0355361588	0.0679298495	-0.0142616703	0.0694472592	-0.1223531679	0.0579277907	0.0813958712	-0.0046896599	-0.0051143961	-0.0310427589	0.019757065	-0.031247466	0.0440866401	0.0365445628	0.0071850588	-0.0928957754	-0.0079988444	-0.0344931188	0.0062399035	-0.0395052953	-0.0125577983	-0.1263759345	0.079279357	0.058107857	0.0529621766	-0.0418767654	-0.065620397	-0.0778736012	-0.0007243768	0.0201874885	-0.0133704936	0.0765619054	0.1099225397	0.0200408771	0.0290608974	0.0197972879	0.0302751536	-0.0314602042	-0.0638507326	-0.0602947095	0.0378607465	-0.0153880231	-0.0757772404	-0.0466967305	-0.0143555905	0.0649154327	0.0532464636	-0.0120725174	0.0095954169	-0.0156089707	-0.0787112255	-0.0165780166	-0.0713503302	-0.0497312542	0.0139199787	-0.0254392411	0.0408171013	0.0417511006	-0.0621604564	0.089686189	-0.0895686497	-0.0447077586	-0.0478233767	-0.0387014907	0.0893639515	-0.0114540384	0.1396608399	-0.0200401684	0.0734893025	0.0489459037	0.0449914651	-0.0385193004	-0.0362255024	-0.0035042614	-0.0345757603	0.0610803315	0.0265388049	-0.0379650338	0.0183696734	-0.059171816	-0.0489286917	0.0514509852	-0.0036399563	-0.0150198759	-0.0104385739	-0.0512121511	-0.006683144	0.0775989107	-0.1024064392	-0.0793456177	-0.0276473762	-0.0250446135	-0.0138647077	0.0083373368	0.1094309062	-0.1153006496	-0.1243116756	-0.0193815828	-0.0494130151	-0.0102901465	0.0313706218	0.1059811863	0.0870802591	0.0295428448	0.0357215237	0.0491013505	-0.0418073679	0.0507506191	0.0215911226	0.0769207267	0.039552098	0.0084931564	0.009090085	-0.0877848166	0.0002957405	0.0406714014	-0.01585372	0.062872871	-0.0327202499	-0.0324665647	-0.0965131295	0.0584656075	0.0008953268	0.0801310132	0.0376940425	0.0645290957	0.0038345963	-0.1199330788	0.023903915	-0.011424164	0.0816191278	-0.0086791374	0.0728342167	0.0360377223	-0.0121796622	-0.0565371306	-0.0829771415	-0.0831204621	0.0	-0.0426833	-5.700000000000149e-05	0.00182186409889	3.2490000000001702e-09	0.00798768	0.0548949799999999	0.0030134588292003	6.380303178240001e-05	-0.00214598	0.06591342	0.0043445789360964	4.6052301604e-06	-0.000401316	-0.0006144799999999	3.775856703999999e-07	1.6105453185599998e-07	-0.000405346	2.1430999999999975e-05	4.5928776099999904e-10	1.64305379716e-07	-0.000417225	-0.000174949	1.7407670062500004e-07	3.0607152601000005e-08	0.0	0.0	0.0	0.0	0.0	0.0	0.0	0.0	0.0	0.0	0.0	0.0	0.0	0.0	0.0	0.0	0.0
6270.486786710887	-10.123383441666192	102.48289230700124	39319004.54231583	6374.434007867449	11.566008391203468	40633408.92065706	133.77255010538903	4266.608995858538	2.1867037721422093	4.781673387100968	18203952.323541	4332.072709166888	7900.153796026597	1.239738	27.505777	0.07320172	0.0432934	0.0522365229	-0.0052149948	0.0853824095	0.1015959899	0.0699293804	-0.0122829474	-0.0340694831	0.0049701522	-0.0342016005	-0.0637114472	-0.0479770587	-0.0124316028	-0.0205818981	-0.0563941789	0.0556023027	0.0120034399	-0.0157276125	-0.0677386196	0.0104765048	-0.0526593063	0.1047990762	0.0472392844	-0.003962891	-0.0507777356	-0.0090257625	-0.0306132685	-0.0130120176	-0.1581983089	-0.0440566458	0.065274327	-0.0399157105	-0.0510801055	-0.0786742703	-0.0858533098	0.0162250003	-0.0591995427	0.0704096282	0.0080542228	0.0078140148	-0.0097112339	0.0364140516	-0.1433657072	-0.0051934673	0.0300489813	0.033326723	-0.0754897556	0.0538937947	-0.0614463903	0.0013353727	-0.0707505379	-0.0339063599	-0.0444893537	0.007106508	0.0542664855	-0.0337556372	0.0091146288	-0.0042569282	0.0466442327	0.0826082833	-0.0055851306	0.0871976438	0.01834091	-0.0309976377	0.0904408017	0.0858395495	0.0241828957	-0.0282457209	0.0975724551	0.0191974343	0.0466867888	0.0619263292	-0.0530888979	0.0273351546	0.0065449327	0.0556344691	0.0194976411	0.0489576884	0.0332487771	0.0946502228	0.03842732	0.045470615	0.0050251371	0.0125220207	0.0395245312	0.0139714419	0.0187711253	0.0427219729	-0.0266856796	-0.0914496906	-0.0128992573	0.0412370439	-0.0552310019	-0.0102438632	0.0499518928	-0.0008373121	0.1111755099	-0.0159184262	0.0354724698	-0.028256573	-0.0348390165	0.0304498461	0.0113014997	0.0126337774	0.1010952065	-0.0253425659	-0.0582585779	-0.0560506556	0.0400452239	0.0355851702	0.0349124637	-0.0174277661	0.0419730315	0.0152123569	0.0760285545	0.045393671	0.0073971445	-0.136023503	0.0587427168	0.0373943001	0.0380377072	0.1083826481	-0.0031724822	-0.0835307058	-0.0008198794	0.0894226932	-0.0253248267	0.0565132051	0.0324854606	0.0591802644	-0.1057801921	0.0771662387	-0.0068239033	-0.017985354	0.0374601022	0.0266184846	-0.0362176117	0.0598342856	0.0407627615	0.0359735079	-0.0327785259	-0.1234504305	0.0522642914	-0.038986451	-0.1169692539	0.0078137756	0.0270068707	0.0122133634	-0.0767479436	-0.0100903555	-0.0182774471	0.0191073737	0.0066881939	-0.1104365978	-0.0320042892	-0.0558072499	0.0030731238	0.0722527292	-0.077190524	0.0738814739	-0.033723989	0.027196473	-0.0316851677	-0.0368935023	-0.0078288579	0.0746868142	0.0305475159	-0.0093703495	0.047752434	-0.0777442224	-0.0229697457	0.0994542859	-0.0423057781	0.0654666702	-0.0649072394	0.0836189139	-0.0458179292	-0.08398576	0.0553431506	-0.025384667	0.044757495	0.0689675725	-0.0384923837	-0.0620550105	0.0327760853	0.0466909561	-0.0400452176	-0.0365693358	0.0764980367	-0.014952525	0.050639192	0.0820483145	0.0860832254	0.0115279863	0.0172169233	0.058891223	0.0038536216	0.0431294289	0.0504433512	0.0582598188	0.0352812866	-0.032802438	-0.0947889425	-0.1041975371	-0.0168211977	0.0594041193	0.0722790832	0.0341761699	-0.015196101	-0.0595575618	-0.0842803251	-0.0812122292	0.0	-0.0458724	-0.0031891	0.00210427708176	1.017035881e-05	-0.00484352	-0.0128312	0.00016463969344	2.34596859904e-05	-0.0362282	-0.03408222	0.0011615977201284	0.00131248247524	-1.6559e-05	0.000384757	1.48037949049e-07	2.74200481e-10	-0.000379229	2.611699999999998e-05	6.82097688999999e-10	1.4381463444100004e-07	-0.000366115	5.111000000000005e-05	1.3404019322499997e-07	2.6122321000000046e-09	0.0	0.0	0.0	0.0	0.0	0.0	0.0	0.0	0.0	0.0	0.0	0.0	0.0	0.0	0.0	0.0	0.0
6263.632556710471	-6.854230000415555	46.98046889859662	39233092.80548336	6327.644764696431	-46.78924317101792	40039088.26819015	2189.2332765166466	4260.803773627456	-5.805222231081643	33.700605152244535	18154448.797357973	4328.705953127666	8004.286825602362	1.238483	27.477947	0.04159093	0.021579	-0.020466176	0.0665444688	-0.0349023983	-0.0696699823	0.0528433314	-0.0190610437	0.0268066659	0.0512092586	0.036111213	-0.0069182869	0.0398152203	0.0809945706	0.0032979183	-0.0742194616	0.0231349193	0.0216610431	-0.0926073463	0.0691864803	0.0562499685	0.0372591329	-0.0288181991	-0.0184243205	0.0449865808	0.026842707	0.0549754791	-0.1225609146	0.1095290731	-0.0741884077	-0.1225885369	-0.0520824391	0.0390536763	-0.0024529167	-0.0357340095	-0.0264011271	-0.0081287971	0.0334561123	0.0759558591	-0.0723466817	-0.0427402366	-0.0413807161	-0.0390029543	0.1149577902	0.0171994687	-0.014506648	-0.0034744109	-0.0372119814	0.0003309748	-0.0217785681	0.1014376469	-0.0165775508	0.0715422863	-0.0107796226	0.0316693559	0.0077507709	0.0058617635	0.0358364267	-0.0635668251	-0.0357679648	-0.0148210082	0.0570777771	0.0701715995	-0.031035688	0.0115002121	0.0078095217	-0.0260165318	-0.027660519	0.0318960628	0.0315455541	-0.0307135498	0.0130584983	0.0012377643	-0.0461461442	0.0367883226	-0.1094531824	-0.0043385095	-0.0232574789	-0.0487899783	-0.063365291	0.0162531796	0.0332434791	0.0679217354	-0.1178108702	0.0191457568	0.0546294889	0.0412875661	-0.0064768499	-0.0244014057	-0.1036690354	0.0416021511	-0.0497353674	0.0411325149	0.0295964031	0.0215227674	0.0548556427	-0.113092404	0.1620135842	0.0331337997	-0.1021333033	-0.0028455976	0.0031990289	0.0926529993	-0.0442019845	0.0829092407	-0.0707687475	0.0240714223	-0.0313251224	0.0324940898	0.0076091405	-0.00202833	0.0023805046	0.0954209404	0.0535037313	-0.0818393923	-0.0772670312	0.0838111026	0.0749375505	-0.0953977837	0.0689253645	-0.0449983488	-0.0271793868	-0.0046708896	-0.0673412871	-0.0503354645	0.001538274	0.0313081198	0.003092709	-0.0090871281	0.0744058398	0.0148304931	0.0304335635	-0.092315603	0.0020357468	0.1246808453	-0.0324197002	-0.0160149652	-0.0198515294	-0.0731187346	-0.0213021038	-0.0857961641	-0.0513407769	-0.0297538353	-0.0080930019	0.0112311138	0.0143405067	0.0058197631	-0.01483226	-0.0250135798	-0.0214052516	0.0049046188	-0.005044739	-0.0973200498	0.0473510093	0.0012961869	-0.0061752916	-0.042613462	0.0193483965	-0.0076284506	-0.0757441704	0.0795755391	0.1113333627	0.0126295321	-0.0295030389	0.0508921863	0.0078166567	-0.016535068	0.0242712283	0.0121569765	-0.0288774179	-0.0893328815	0.0096901601	0.0191160687	-0.0038144093	0.0516200608	-0.0253124356	-0.0081142299	-0.0606211294	0.0480466948	0.0114684259	-0.0827143255	-0.0195697283	0.0153154317	0.0384434054	0.0513005113	-0.0225833162	0.0314588303	-0.039175206	-0.0196023671	-0.0696724151	-0.0184334098	-0.0520685637	-0.066876372	0.0463197357	0.0173900059	-0.0497801579	0.0409804547	-0.0284910934	-0.0352878106	0.1004175331	-0.062975906	0.0519111678	-0.0749458321	0.0084600804	0.0179154857	-0.0660514299	0.0473388584	0.0717139431	0.0322956923	-0.0181936073	-0.0624460902	-0.0852918881	-0.0788994011	0.0	-0.042676	0.0031964	0.0018212409759999	1.0216972960000013e-05	-0.0171331	-0.0122895799999999	0.0001510337765763	0.0002935431156099	-0.0397397	-0.0035115	1.2330632250000003e-05	0.00157924375609	0.000269138	0.0002856969999999	8.162277580899997e-08	7.2435263044e-08	-0.000273996	0.000105233	1.1073984289000009e-08	7.5073808016e-08	-0.000305176	6.093899999999998e-05	9.3132390976e-08	3.7135617209999972e-09	0.0	0.0	0.0	0.0	0.0	0.0	0.0	0.0	0.0	0.0	0.0	0.0	0.0	0.0	0.0	0.0	0.0
6276.632567628958	13.000010918486623	169.0002838807714	39396116.38902049	6361.266491925275	33.621727228844065	40465711.38129129	1130.4205418507945	4264.888666718183	4.084893090726837	16.68635156266785	18189275.3395012	4328.358429310622	7897.976574890805	1.160089	25.738617	0.07962745	0.0576556	0.0517781969	0.0107271842	0.0382170749	0.0167595137	-0.0534706612	-0.0768681355	0.0403193865	0.0043251501	-0.0972353342	0.0225321474	-0.0125154122	0.0584830295	0.0205209677	-4.51313e-05	-0.0314246726	0.0658776534	0.0110199825	-0.0211253122	-0.0750845781	0.0430485872	0.0053167755	0.0447265039	-0.0672611926	0.0617758183	-0.0759078009	-0.0611583905	-0.0285904892	-0.0183084214	-0.0624629069	-0.0538223656	0.0915539408	-0.0836488218	0.041235665	0.0483003007	-0.0541587334	-0.0727401828	-0.0396376638	0.0181156746	0.0086337853	0.0006086766	-0.0010604292	0.044253156	-0.016257217	0.0758805113	-0.0093065855	-0.0224132545	0.1053552836	0.0114689232	0.0847630653	-0.0724789053	-0.0444267519	-0.0511372807	0.0812546586	0.0410303609	0.0437554466	-0.0363901119	-0.0104328774	-0.1255204477	-0.0662960849	0.0360158851	0.0936592956	-0.018951754	0.053693292	0.000794994	-0.0012097674	-0.070110867	0.0536116395	0.0913299582	0.0388071948	-0.0117742877	0.0146918858	-0.0330414753	0.0742198072	-0.0335050319	-0.0100333355	-0.010487979	-0.046839071	0.1020907468	-0.0044101232	0.050261563	-0.0186799961	-0.0186951196	0.0220312803	-0.0975514046	0.0765680305	0.0725600491	0.013227327	-0.0373542286	-0.0126872846	0.0882349841	0.0132084561	0.1485238539	-0.049255276	-0.0292529517	0.0836011726	0.029080894	-0.0794510585	-0.029122298	0.0010551009	-0.0316126787	-0.0287846031	0.0711812638	-0.0204569246	0.0275321489	0.0846566208	-0.0174293539	0.0032313056	-0.0029238059	0.0528121924	-0.0631161611	-0.0363993432	0.0428050404	-0.0681038781	-0.0133454858	-0.0362790974	-0.0165596443	-0.0426948172	0.0344061598	0.0279470566	-0.046828246	-0.0778583818	0.0125682632	0.0446519245	0.1112051375	0.0444342423	-0.0102105473	-0.0248686627	-0.0466314826	0.0705184134	0.0363550853	-0.0553697891	0.0934783944	-0.0026620809	-0.0096165171	0.0115955115	0.0387914388	0.010401317	-0.0724093068	0.0042994725	-0.0490409554	-0.0718402908	-0.0028382943	-0.0457163877	-0.1003815376	0.0166516181	-0.015230577	-0.0364163026	-0.0285358929	0.0008888686	-0.0440342345	-0.1836909594	-0.0359055618	-0.0874276595	-0.0248662054	0.0112523162	-0.0276805815	-0.0705083991	-0.041981855	0.1332173979	0.0037152702	0.0260401119	-0.0630664534	0.0015886585	0.081476591	0.0163235176	-0.0261860936	-0.05143571	-0.064850148	0.0535391848	0.023270461	-0.0082266034	-0.0789296013	-0.0388583231	-0.0414370504	-0.0347806955	-0.1083444608	-0.0748746534	0.0670865033	0.085333475	0.003703637	0.0301594152	-0.0383069283	-0.040323975	0.0715240066	0.0045085031	-0.0197625591	-0.0695063635	-0.0103190912	0.0442693501	-0.0211386552	0.0542190145	0.0001843088	0.0363218894	0.1631222747	0.0010674318	-0.0402969874	0.0187144846	0.0175252745	0.023430269	-0.0446700373	-0.0811214453	0.0609881823	-0.0031124705	-0.007913468	-0.0162311388	0.0711388748	0.0303973308	-0.0211684467	-0.0651963186	-0.0860083304	-0.0761935001	0.0	-0.042676	0.0	0.0018212409759999	0.0	0.0250694	0.0422025	0.0017810510062499	0.00062847481636	-0.0372476	0.0024921	6.2105624100000204e-06	0.00138738370576	-0.000429519	-0.000698657	4.88121603649e-07	1.84486571361e-07	-0.000273996	0.0	0.0	7.5073808016e-08	-0.000305176	0.0	9.3132390976e-08	0.0	0.0	0.0	0.0	0.0	0.0	0.0	0.0	0.0	0.0	0.0	0.0	0.0	0.0	0.0	0.0	0.0	0.0
6291.149481743449	14.516914114490646	210.74079540749773	39578561.80164086	6354.348484571843	-6.918007353431676	40377744.66338048	47.85882574213475	4271.511279997279	6.622613279096186	43.85900664446113	18245808.615144	4336.466779719973	8091.129678462834	1.115715	24.754101	0.15468515	0.0867297999999999	-0.031927002	0.0160479277	-0.0049080355	-0.0095013291	0.0058689566	0.0626116103	0.0116831559	-0.0691731036	-0.0679784591	0.007890626	0.0438541583	0.0853459167	-0.0705782459	-0.0537039832	0.0065116262	-0.0322261483	0.0053066046	-0.0035745131	-0.03728677	-0.0415440325	0.0567886259	-0.072098553	-0.0058895068	0.0410865542	-0.0118493802	-0.0303570018	0.0570790914	0.0393634472	0.0504662671	0.0242753459	-0.0704795101	-0.0270973684	-0.064053695	0.0494525863	-0.0111512639	0.0179480303	-0.0182650213	0.0112867338	0.0216398213	0.0098934856	0.0049642251	0.0632007772	0.01705667	-0.0295325316	0.0060909932	-0.0594503325	0.1155443345	0.0815070443	0.1073898076	-0.020654389	-0.0557965595	-0.0267994908	-0.0183707797	0.0152288993	-0.0393782009	0.0678834273	0.0339518779	-0.0418494209	-0.0266490572	-0.1593115445	-0.0053749795	0.0473835745	0.052244692	0.0444744982	-0.0244648981	-0.0464387513	-0.0314059657	0.1369965383	-0.0778314567	0.0629039926	-0.1105748608	0.0117530934	0.0789578698	0.0077106448	-0.0524710916	-0.07137423	-0.0200381148	-0.0508938429	-0.1095124085	0.0731071334	-0.0020883106	0.1018517327	-0.0917094893	0.0789843402	0.1604180692	0.0613415063	0.000149234	0.0040795085	-0.0286523989	-0.0404846947	0.0734497987	-0.0862401302	0.0284513847	-0.09394966	-0.0054603423	-0.0771884772	0.1293990701	0.0516667508	0.1523548782	-0.003694717	0.1292437756	-0.0232504109	-0.0345129207	0.0139450571	-0.0022850589	0.0143739084	-0.0751113593	-0.0435092312	-0.0514148304	-0.0428832288	0.0245282795	0.0466194044	0.0262902846	-0.0051686447	-0.0165959026	0.0129488546	0.027308004	0.015366769	0.0526096455	-0.0050445953	0.0202792264	-0.0851616989	0.1289714951	-0.0296879833	0.0678937511	0.001511901	-0.0104933126	0.0202829736	0.0081055541	0.0185467184	-0.0875007319	-0.0918870285	0.0146119614	0.0263780388	-0.0343999198	0.1179245222	-0.0101339617	0.0060644275	-0.1163428694	-0.0147710906	-0.0423963612	0.0858699495	-0.0501953397	-0.0773016534	0.0439545926	0.1203407222	-0.0497395894	-0.0172966453	-0.022449045	0.0237258293	-0.0252604452	-0.120212872	-0.0736894846	-0.0850911541	0.0385481103	-0.0280635449	0.0845481783	0.04568866	-0.0947626887	-0.0291600436	0.0476577105	0.1219383422	0.087045507	0.0451851373	-0.0113064432	-0.0487547137	-0.0087644972	-0.0555872681	-0.0962721255	0.1397259561	-0.0886545771	0.0488576253	-0.0313784895	-0.0877308986	-0.0131297492	0.0669646157	0.0003613719	0.0131949478	-0.0587062942	-0.0492059372	-0.0858191338	0.0319463796	-0.0037577128	-0.0535867969	0.0524845463	-0.0075938671	0.0556470082	0.0524171166	0.0287869312	-0.0825530742	-0.0443614464	-0.0507740913	-0.0095103052	0.0188714438	-0.0197891037	-0.0146827597	0.0242688587	0.0315039094	-0.0819629765	-0.0794539113	0.0425656914	0.0076231919	-0.052288316	-0.1466409534	-0.0449725933	0.0705539577	0.0284821367	-0.0241169128	-0.067802156	-0.086427173	-0.0731080069	0.0	-0.0448282	-0.0021522	0.00200956751524	4.631964839999999e-06	-0.0410885	-0.0661578999999999	0.0043768677324099	0.00168826483225	-0.079945	-0.0426974	0.00182306796676	0.006391203025	0.000106592	0.000536111	2.87415004321e-07	1.1361854464e-08	-0.000447546	-0.00017355	3.0119602500000015e-08	2.00297422116e-07	-0.000141284	0.0001638919999999	1.9961168656000002e-08	2.6860587663999995e-08	0.0	0.0	0.0	0.0	0.0	0.0	0.0	0.0	0.0	0.0	0.0	0.0	0.0	0.0	0.0	0.0	0.0
6303.820710528989	12.671228785540734	160.5600389355161	39738155.55049421	6358.791946932801	4.44346236095771	40434235.02437744	19.74435775324787	4280.893959497594	9.382679500314223	88.0346746056168	18326053.092462987	4344.741694144832	8198.215693940212	1.041955	23.117622	0.177078475	0.0899782999999999	-0.0179117903	-0.0636264624	-0.0165635558	-0.0139521175	0.0281208505	0.0375607956	-0.0780461679	-0.0080788939	0.066669629	0.0541184233	0.0296292436	-0.0613896339	-0.0565452724	-0.0083247934	-0.0203200017	-0.0420577338	0.0861904274	0.0027266118	0.0979868462	-0.0865307659	-0.0305095541	0.0845716335	-0.0258975851	0.0206445301	0.001443244	-0.0269012007	0.0019766216	-0.0261665404	0.0151438239	0.0056182858	-0.0522865307	-0.0901526468	-0.0772697681	0.0221030542	0.0203604894	0.0106124074	-0.0020381347	0.0103535274	0.0819326328	0.0699512206	0.0086505469	-0.1145331433	0.0948548093	-0.0618191644	-0.0481205876	0.0523755527	0.0154368539	-0.0900523007	0.0739202349	-0.0179386561	-0.020125579	-0.1040988774	0.0531024314	-0.0762901563	-0.0469109382	0.059478063	0.0580678402	0.054539956	0.0537060857	-0.0567513202	-0.0567136663	0.0355651052	-0.0440278137	-0.0422919497	0.0120844334	0.0113797663	-0.1558189623	0.0734442065	-0.1246451614	0.0154154649	0.016130933	0.1198280754	0.0614400837	0.0465115128	0.0113982079	-0.093434359	-0.0120738158	0.0811238355	0.0166594904	-0.0751662639	-0.0019616219	-0.0764747981	-0.0067313055	0.0081878386	0.1037489524	0.0547705776	-0.1151734879	0.0863839505	-0.000474115	0.0389809761	-0.0344383467	0.0832591734	-0.048858887	-0.0131710645	-0.1174502789	-0.1304733841	-0.0449083673	-0.0468563551	-0.0047805171	0.048992046	-0.0081953346	-0.008218702	-0.0260252834	-0.0265953296	-0.1281248085	0.0486763768	-0.0283002558	0.0528825556	0.080455115	-0.0559738901	0.0097925072	-0.0284992304	0.0114336426	-0.023699089	-0.0881584099	0.0405801109	0.0169888753	0.0629976764	0.017362469	0.0820152473	0.042235826	0.0175853328	-0.0210254829	0.0048923763	-0.0214991572	0.027508436	0.0206621094	0.077250472	0.1072637053	-0.0146420601	0.1017261601	-0.0700314471	-0.0570698991	-0.0245774293	-0.0205862151	-0.1052625382	0.0091213884	-0.0251179864	-0.1232238018	0.0053143641	0.0399228361	0.0040632605	-0.0890985221	-0.0707629879	0.0099699641	0.0671304315	0.0187571337	-0.0759669029	0.0447405574	-0.019751562	0.1079867603	-0.0407451322	-0.0103712018	-0.0332861114	-0.0042665021	-0.0167768935	0.0042504342	0.0271486789	0.0048438841	-0.0560707182	-0.0674960043	0.0043550932	0.0412848287	-0.1074520497	-0.0799535651	0.0361467547	0.0339654398	0.0392841198	0.1388781705	0.0502648984	-0.0631703359	-0.051235759	-0.1795865881	0.000960658	-0.0306852647	0.0216826014	0.0461964842	-0.0187520622	0.0638930066	-0.0759313072	-0.1837768861	-0.0125059331	0.0156244674	0.0300319074	-0.0029639039	0.0504695047	-0.0411552893	0.0295574598	-0.1016110099	0.029067417	0.0440987912	0.0177256254	-0.0539438838	0.12290439	-0.005873774	0.0369666233	0.0286683122	0.0079623956	-0.0368775985	0.0314718836	-0.075066167	0.1102798452	-0.0927260856	-0.032525737	-0.0267457262	0.0699592729	0.0265511704	-0.0270353323	-0.0702578312	-0.0865469667	-0.0696582933	0.0	-0.0466599	-0.0018316999999999	0.0021771462680099	3.355124889999995e-06	0.0205466	0.0616351	0.00379888555201	0.00042216277156	-0.0298699	0.0500751	0.00250751564001	0.00089221092601	-0.000418529	-0.000525121	2.75752064641e-07	1.75166523841e-07	-2.39965e-05	0.0004235495	1.7939417895025e-07	5.7583201225e-10	-0.000463345	-0.000322061	2.14688589025e-07	1.0372328772100001e-07	0.0	0.0	0.0	0.0	0.0	0.0	0.0	0.0	0.0	0.0	0.0	0.0	0.0	0.0	0.0	0.0	0.0
6289.67293447523	-14.147776053759117	200.1595672673199	39559985.622670256	6374.408756266972	15.616809334171194	40633086.99197304	243.88473377985653	4279.719712208078	-1.1742472895157334	1.3788566969350466	18316000.815062396	4343.825500384581	8175.817827131917	1.09307	24.251692	0.1643448749999999	0.0831292	-0.012429507	-0.0597928725	0.0161057557	-0.0017422323	-0.0536359445	-0.0297350254	0.0083604192	-0.0056071406	0.0896939858	-0.067064432	0.0113200639	-0.0202755583	-0.1251379031	0.030685758	-0.0269825525	-0.065010177	0.0727792212	-0.0779963431	0.0401986438	0.0898606387	-0.0699952262	-0.0404483234	0.0396162344	-0.1053453825	0.042199105	0.0423463124	0.0237739663	-0.0402098543	0.0844971641	0.026078855	-0.1249124216	0.0118265731	-0.0396443585	0.054477503	-0.0109567194	-0.0282076044	0.0443220835	0.0210663669	-0.0007140212	-0.0841267422	-0.1293780234	0.0897234938	0.0018126084	0.0367353816	0.0891659359	-0.0127072966	-0.1002110239	-0.0291443085	-0.0237750074	0.0215733174	-0.0471066759	-0.0390406228	-0.0061088788	-0.0064881055	0.0976778487	0.021201905	-0.0299163404	-0.0059130476	-0.1071241648	-0.0495284355	0.0211272356	-0.0482198381	-0.0419888135	0.0266742257	-0.0238785658	0.0272966782	-0.0454342766	-0.0902390289	-0.0915706566	-0.0419719515	-0.0327259644	0.0116527575	-0.1290664011	-0.0289085918	-0.0163202745	0.0444684348	0.0307053252	0.032517106	0.0567213807	-0.0205902722	-0.0136091231	-0.0027153313	-0.069354142	-0.0376305965	-0.0147033075	0.0818343282	0.0282569618	0.0242375155	0.0992512338	0.0190274515	-0.1770989868	0.0755184944	-0.0387813814	-0.0446684236	0.0610128093	-0.0504812843	0.0728441029	-0.0671949359	0.0367840986	-0.0510599137	-0.0129985593	-0.0121125595	-0.060250843	0.0107435778	-0.0689450719	0.003353905	0.1509308124	-0.0136696033	-0.0674938817	0.0652271427	-0.0058409844	-0.0357245478	0.0741312638	0.0466686966	0.0208317471	0.0800951123	0.0516043274	-0.0027319934	0.0271931825	0.0013490911	-0.0179139365	-0.06888713	0.0169179921	-0.1285526674	-0.0152818352	-0.0732873137	-0.0085004522	0.0037625215	0.0003953191	0.1108512395	-0.001311016	-0.0082541613	0.0101370826	0.0222900469	-0.0295871007	-0.1236738122	0.0029444041	0.0034951895	-0.0143920709	-0.0460149066	0.0716567525	0.0876117489	0.0028546326	0.0096829326	0.0757535791	-0.0423301251	0.0606746813	-0.0882437567	-0.0705986168	-0.0027709867	-0.0699954997	0.0064736238	0.0443216168	0.082283732	0.0106362796	0.0408386281	-0.0241506531	0.034931896	0.0573802872	0.0576730197	0.0304010558	-0.0431372524	0.0053460908	-0.0320423091	-0.0149247296	0.0048726837	0.1053674642	0.0722426559	0.1472720808	-0.0177561591	-0.0194729641	-0.0460901524	0.0962868876	0.106791689	-0.1180793849	0.0719840071	-0.011931535	-0.0256912328	0.0364468683	-0.1059478756	0.0394340529	-0.0059509808	-0.0329596691	-0.0302274122	0.0260568679	0.0188758183	0.0096160025	-0.0929862915	0.0456789889	0.0566524219	0.0167779941	0.0521838934	-0.0453014946	-0.0634203848	0.0217069866	0.0126154916	-0.0090045634	0.0189801637	0.0317812093	0.0281483491	-0.0152912537	0.0244801282	-0.1559511415	-0.0916302836	0.0373946371	0.0693549027	0.0246055013	-0.0299200691	-0.0725579056	-0.0863672969	-0.0658615456	0.0	-0.0520708	-0.0054109	0.00271136821264	2.9277838810000037e-05	-0.032959	-0.0535056	0.00286284923136	0.001086295681	-0.0697406	-0.0398706999999999	0.0015896727184899	0.00486375128836	0.000271868	0.0006903969999999	4.766480176089999e-07	7.3912209424e-08	-0.000545418	-0.0005214215	2.7188038066225e-07	2.97480794724e-07	-0.00036401	9.933499999999998e-05	1.325032801e-07	9.867442224999996e-09	0.0	0.0	0.0	0.0	0.0	0.0	0.0	0.0	0.0	0.0	0.0	0.0	0.0	0.0	0.0	0.0	0.0
6279.00842251443	-10.664511960800157	113.73181536204956	39425946.77000715	6381.425880279976	7.017124013003922	40722596.265507065	49.24002941387627	4275.197540398654	-4.522171809423526	20.450037873944844	18277314.009430703	4341.4239912681205	8063.466036940433	1.076926	23.893501	0.17221925	0.0858653	0.0024118103	0.0005396406	-0.0102419573	0.0919236669	0.0291671143	-0.0201259085	0.0099621611	-0.0742021074	0.0485642811	-0.0075529514	0.0035784354	0.0074665412	-0.015905739	0.0173654624	-0.0364134104	-0.0200168621	0.0328023021	-0.1533565304	0.0114086878	-0.0798714351	-0.091014611	0.0132648159	0.023029745	0.0286039121	0.0411421247	-0.0187695021	0.0445581733	-0.0181744966	-0.0471463533	-0.0450138152	0.0929720409	-0.0207521806	-0.0023740694	0.1179929292	-0.013648991	-0.0292756416	-0.0212157806	-0.1027294473	-0.054202826	-0.0197834096	-0.0178086651	0.0866353898	-0.0080152889	0.0643490342	-0.0280152537	0.1188921687	-0.0277141797	-0.0362812782	0.1378892267	0.0407622585	0.0247199733	0.0157625894	-0.0520796947	0.0144978423	0.0068487883	-0.1312086123	0.0097914999	-0.068360399	0.0333943541	0.147733455	-0.0269727057	-0.0543020852	-0.1340948915	-0.0322884057	0.0552127558	0.0915009738	3.27731e-05	0.0320431804	-0.0756148346	-0.0498586988	-0.0321932563	-0.0328731939	0.0347353427	0.0131031301	-0.0118943295	0.0056207694	-0.0547486077	-0.0005818055	-0.0990425498	0.0340547551	-0.0593557195	0.0841644234	0.0380350796	-0.038317795	-0.0655923964	0.0108721982	-0.0138515164	0.0940548197	-0.0170707477	0.0404235826	-0.0375293511	-0.0476641389	0.1039361006	0.0260705422	0.0452019931	-0.0727094642	-0.0210253929	0.0059796036	-0.0254880291	0.0092111091	-0.1116204814	0.0040779666	0.0012816885	0.1161755987	-0.0639364994	0.1003870351	0.0572736841	-0.0170627799	0.013836042	-0.0642182121	0.0345503863	0.0229262919	0.0152062042	-0.0311247904	-0.0422486599	0.0584962693	0.0099230651	0.1231100243	-0.0593325174	-0.0888817187	-0.0089138576	0.0410042241	0.001375837	-0.0410126169	-0.0501488328	-0.0436680322	0.0011217641	-0.0501915072	0.0015462042	0.0532595661	-0.0463185855	0.066065864	-0.0463449251	-0.0029239985	0.0048645467	-0.0399548581	-0.0843732122	-0.0875404109	-0.1117462685	-0.0760134144	-0.0094272763	-0.1215397652	0.0288761233	-0.0208765825	-0.0333437332	-0.0573324221	0.0290749506	-0.0236959993	-0.0542417542	-0.145548136	0.0498729461	0.0571973927	0.1318451327	0.0496582696	-0.029825422	-0.0550188076	-0.0463447694	-0.0303639896	0.0135855789	-0.0937169716	-0.0270782422	-0.0102110596	0.0198314354	0.0472126726	-0.0057255815	0.0346223643	-0.0930614337	-0.1726430629	-0.0126339339	-0.0439956716	-0.0822247456	-0.0058940435	0.0048268949	0.03451156	0.0116395482	0.0460056228	0.0848015707	0.0707706498	0.0671954922	0.0815299422	-0.015462283	-0.0071643748	0.0450343243	0.0364594623	-0.0068900663	-0.0035496855	-0.0302693872	0.0919938357	0.028869229	-0.0041946791	0.030540432	-0.0003730778	-0.0646909597	0.0471950453	-0.0210052338	-0.0077537395	-0.0322328546	0.0521317938	-0.0358745993	0.1306873006	-0.0462258132	-0.0226637029	-0.0608458453	-0.0461502795	0.067932108	0.0687409308	0.0226462068	-0.0327675292	-0.0746972852	-0.0858887854	-0.061736679	0.0	-0.042749	0.0093217999999999	0.001827477001	8.689595523999996e-05	-0.00257525	0.03038375	0.0009231722640625	6.631912562499999e-06	-0.0106161	0.0591244999999999	0.0034957065002499	0.00011270157921	-0.000432526	-0.000704394	4.96170907236e-07	1.8707874067600002e-07	0.000119536	0.0006649539999999	4.421638221159999e-07	1.4288855296000001e-08	-0.000462446	-9.843599999999998e-05	2.1385630291600003e-07	9.689646095999997e-09	0.0	0.0	0.0	0.0	0.0	0.0	0.0	0.0	0.0	0.0	0.0	0.0	0.0	0.0	0.0	0.0	0.0
6271.922589745111	-7.085832769319495	50.20902603476198	39337012.97175501	6363.847369680378	-17.578510599598303	40498553.34458786	309.0040349001899	4270.960788144741	-4.236752253913437	17.95006966104059	18241106.053869948	4338.860008706399	7942.315475083325	1.026158	22.767122	0.125810675	0.0650606	0.0368672554	0.0155638722	0.0390055479	0.0149696955	0.0573631312	-0.0051140366	-0.0390629041	0.0533721831	0.0312381955	-0.0737247979	0.0247545582	-0.0585330726	-0.0248685045	0.0948233545	-0.0827911798	-0.0033387577	-0.0272554528	-0.0786154372	0.1377287068	0.037674721	-0.0058063843	0.0053871709	-0.0067895107	-0.041036071	0.015748421	-0.0502843186	-0.0366677587	0.0889498232	-0.0343242938	0.0468985726	0.0239833586	0.0365800795	-0.0347538899	0.0513514053	-0.0076924763	0.0542638962	-0.0462875934	-0.0040506302	0.0785943326	-0.0174658135	-0.0104986573	0.0211600394	0.0339945303	0.0870230131	-0.0685452381	0.0532808195	0.0055422889	-0.0529635097	-0.0679003864	-0.0165271856	0.0296760071	0.1072751857	-0.012187277	0.0329191829	0.0356970427	0.0557726312	-0.0597114918	0.0504523887	-0.0552536016	-0.0676021108	0.0773206358	0.0125987211	-0.0648386482	-0.0640177151	0.1037724079	0.0025378121	-0.0756866189	-0.048411682	0.0528698929	-0.0555819414	-0.0457971726	0.0752660704	0.0911185804	0.07996242	-0.0177635395	0.059567952	0.1005073167	0.0168498034	-0.0324045086	-0.0250675928	0.0118472144	-0.0572177646	0.1038067768	0.0423731684	-0.0386448529	0.0084892699	-0.0265639195	0.0080694264	-0.1189839909	-0.0286996247	-0.0691204729	-0.0742639371	0.0161940475	0.125391175	-0.0767730392	-0.0888950431	-0.0021795412	-0.0659385477	-0.0645726166	0.1315897622	-0.0248812475	-0.0285375171	0.0562640035	0.0294744258	-0.0996873196	-0.0703444592	0.0679575402	-0.0218511354	0.025496399	0.0343789688	-0.0269789821	-0.0553585471	-0.0591004808	-0.0113703296	-0.0149783862	0.0003000679	0.071689043	0.0121301549	-0.1002918129	0.0508094298	0.0149189393	0.0555604335	0.0231354043	-0.0672447481	-0.0323136953	0.0937561603	-0.0127921437	-0.0450633486	0.0124003929	0.039373182	0.0243107062	0.0788538103	-0.0986919967	0.0656162837	0.0053884324	-0.0663616315	-0.0164837848	0.005885552	0.0139863311	0.1171560599	-0.0585415757	-0.025596673	3.92662e-05	0.1320649949	0.0183830881	0.0301381828	0.1338792745	-0.0297211078	-0.0163613953	-0.1168370595	0.0483465633	-0.0006663429	0.0100264851	0.0419552881	0.0098825516	-0.0501375929	-0.0060004356	-0.0373339839	-0.0133997463	0.0021127407	0.0248631131	0.0658488236	-0.0104099414	-0.0192733828	-0.0806437782	-0.1221628646	-0.0114013472	-0.0406347775	-0.0182122633	0.018490376	-0.0071452497	0.0204613026	-0.0243640346	-0.0651910319	0.0502093912	-0.026068463	0.0349289575	-0.002877829	0.094407752	0.0596976104	-0.0603461908	-0.0228230983	-0.0313478726	-0.0142859637	-0.0113402869	-0.0303355138	0.0356302988	-0.0150316054	-0.0828764946	-0.0019124444	0.062776887	0.0445768059	0.0018585616	-0.0059462658	0.0176508688	-0.0958832245	0.0339903699	0.0145200625	-0.0753906807	-0.0689799725	-0.0916096691	0.018550449	-0.0225124124	-0.0434031788	0.0065130548	0.0681174421	0.0206743719	-0.035574165	-0.076671232	-0.0851130878	-0.0573042433	0.0	-0.0363255	0.0064235	0.0013195419502499	4.126135225000007e-05	-0.0249103	-0.02233505	0.0004988544585024	0.00062052304609	-0.0568018	-0.0461856999999999	0.0021331188844899	0.00322644448324	0.000203967	0.000636493	4.05123339049e-07	4.1602537089e-08	-3.39155e-05	-0.0001534514999999	2.354736285225e-08	1.1502611402499999e-09	-0.000235062	0.000227384	5.5254143844e-08	5.1703483456e-08	0.0	0.0	0.0	0.0	0.0	0.0	0.0	0.0	0.0	0.0	0.0	0.0	0.0	0.0	0.0	0.0	0.0
6274.957186503357	3.0345967582461526	9.20877748515806	39375087.69245012	6349.517042719741	-14.33032696063674	40316366.67578844	205.35827079875224	4267.104408716344	-3.856379428397304	14.871662295765915	18208180.034886457	4332.002464909229	7988.745241067705	1.041369	23.104618	0.0672201499999999	0.049585	-0.0019555606	0.0491911818	-0.0251982141	-0.0342231017	-0.03050706	-0.0594459146	0.0363653551	0.0030091186	0.0638743013	-0.0170047241	0.062399465	0.0575353454	-0.002486899	0.0211559366	-0.0459242352	0.0210362094	-0.0232196165	0.0120028966	-0.0443043782	0.0864429149	-0.0871920366	0.020301147	-0.0262414653	-0.0263593928	-0.0312554475	0.0030579542	-0.0247922144	0.0603307107	0.0213449092	-0.0121063036	-0.0095555633	0.1010138945	0.0958738429	0.0731918506	-0.0695308023	0.0385214653	-0.0994225545	-0.0194866852	0.0509760788	0.0288842054	0.0442413376	0.0404821766	0.0056092172	0.0680683107	-0.1566828029	-1.96279e-05	0.1059284956	0.0145241589	0.0249391761	-0.0427604407	-0.0514504267	-0.0794448105	2.9406e-05	-0.0206703017	0.0350626527	-0.0244200321	0.0205916386	0.0382969593	-0.0806636037	-0.0453094276	-0.0246402888	-0.0117081112	0.0142332547	0.1311177041	0.0693678407	-0.0378127783	0.0897115954	0.0189209169	0.1263871168	0.0253445009	-0.0710876934	-0.0263478175	0.0025771709	-0.054549542	0.0552013574	-0.0261744497	-0.0733955478	0.0336453377	-0.0203406215	0.0546999777	0.0379665697	0.0207655113	0.0460925957	0.0458514188	-0.0021675973	0.0634810362	-0.0128085168	-0.0293928861	-0.0921345414	-0.0859102695	-0.0684798279	-0.0102590717	-0.0600949279	-0.0228776012	0.0658058766	-0.0777719878	0.0774354125	0.0135013541	-0.1242154208	0.0827652964	0.0413285374	0.0119774911	0.0105258764	-0.0276825994	0.0641452247	0.0199797777	0.088387941	-0.005224768	-0.0005327541	-0.0236133581	0.0134680083	0.0551382404	-0.0113907186	0.0418833875	-0.0257519489	-0.0430685649	0.0460370536	-0.0471090799	-0.0987162252	0.010053915	-0.0685265875	0.0108292062	0.0410290505	0.0110204294	-0.0963393623	0.0210144103	-0.0716805475	-0.0537513509	0.1484047591	0.0372574916	-0.0636328169	0.0583330165	-0.0632710439	-0.0607060452	0.0513211838	0.1029706284	0.0240929829	0.0561204138	-0.0725425141	0.0383550837	-0.0078554601	-0.0027745885	-0.0181644999	-0.140423142	0.0364868335	0.0350148335	-0.086057945	-0.0608447123	-0.0215533333	-0.0960340492	-0.0206435011	-0.0181402774	-0.1335168415	-0.0106899033	0.0503619366	0.0627510441	-0.028453206	0.0227271496	-0.0061353416	0.0071076346	-0.0228626748	0.0272034512	-0.0539191063	-0.0294442445	0.0772335596	-0.0478939291	-0.0756703283	0.0114655526	-0.0731754872	0.0874907004	0.0071530046	0.108697755	0.128971412	0.012537054	0.005525349	-0.1176353729	0.1168477248	-0.0095885878	-0.0584113593	0.0619404817	0.0360694512	0.0122585168	0.0318898874	0.0097325656	-0.0430665253	0.0004902373	0.0131949208	-0.0609232269	0.0412501928	-0.0992075245	0.0055821699	-0.0257340634	-0.046984812	0.0367654312	-0.0982238371	0.0397446257	0.0107288927	0.0090435426	-0.0537110995	-0.1313297467	-0.0209579793	-0.0153661921	-0.0435749567	-0.0684667562	-0.0222027106	0.0674845231	0.0186910884	-0.0383364799	-0.0784753741	-0.0840428882	-0.0525863208	0.0	-0.035056	0.0012694999999999	0.0012289231359999	1.6116302499999996e-06	0.0243601	0.0492704	0.00242757231616	0.00059341447201	-0.0573066	-0.0005047999999999	2.548230399999997e-07	0.0032840464035599	0.000319834	0.000115867	1.3425161689000005e-08	1.0229378755600001e-07	8.70025e-05	0.000120918	1.4621162724e-08	7.56943500625e-09	-0.000321786	-8.672400000000002e-05	1.0354622979600001e-07	7.521052176000003e-09	0.0	0.0	0.0	0.0	0.0	0.0	0.0	0.0	0.0	0.0	0.0	0.0	0.0	0.0	0.0	0.0	0.0
6291.485600489188	16.52841398583132	273.18846888702444	39582791.0611628	6374.73344408345	25.216401363709338	40637226.483116046	635.8668977356822	4268.119507990448	1.015099274104614	1.030426536287714	18216844.134488627	4333.063547878821	8046.37338727408	1.086781	24.112158	0.163564545	0.0938947	-0.0016475675	0.0116715217	0.0081677886	0.0448879519	0.009679834	0.0677036426	0.0042405915	-0.0184236854	-0.0719670918	-0.0338074473	0.1028555472	-0.0503043074	0.0405122585	0.01239789	0.0246133195	-0.0177839451	-0.0140823605	0.0113470245	-0.0492389538	-0.0237876285	0.1469111443	-0.0725043661	-0.00505181	0.005754299	-0.0163324449	-0.0326756175	-0.0336361246	-0.022486491	0.009160995	0.0119035673	0.0683709767	-0.0348195565	0.0826019068	-0.0344764805	0.0144260514	0.0261758703	0.0490596858	0.0626048804	-0.0139146843	0.0920634663	0.0010552478	0.0250433995	-0.0809848638	-0.0930213838	0.0037860102	-0.0406381122	-0.0114281842	-0.0235558844	-0.0259069071	0.0280686804	-0.064821558	-0.1310541943	-0.0957311713	0.1454555982	-0.0051290034	0.0173892474	0.0060701073	0.0520619518	0.0284973078	0.0406843822	-0.0850550605	0.0925767921	0.0359123595	-0.0094266953	0.0074291698	0.1397764277	-0.0223129434	-0.0780653526	0.0169472898	-0.0205353737	0.0773522244	0.0322833458	0.059535946	-0.0224770994	0.0915465655	0.0380895054	-0.0555349113	-0.1118909616	-0.0155088832	-0.0773449524	-0.0521971914	-0.0093199573	0.1450628819	0.078274106	0.0539318905	0.0282785246	-0.0145557539	0.0863794886	0.0766711498	0.0208286238	-0.0140489497	0.0395045649	-0.0055316285	-0.0038193448	0.0240610916	-0.0054222945	0.0310351703	0.0513584658	-0.0464671771	0.044847317	-0.1000102924	-0.0124011999	-0.025212818	0.0443031919	0.03352445	-0.0687571399	-0.1068908081	-0.0231655632	-0.0609824571	0.0526349516	-0.0120701316	0.006367071	-0.0364627354	0.038701866	-0.0467154426	-0.0281029235	-0.0067318995	-0.0114899838	-0.0309452652	-0.007745498	0.0884137099	0.0233896271	0.0277430922	0.1024989635	0.0492169781	0.0190999323	0.0466346758	-0.0501392158	-0.0587279762	-0.0835808056	0.0028008886	0.0298355768	0.0482498874	-0.0276144939	-0.0721199255	-0.0378203235	-0.0118782596	0.1089771897	0.0059583972	0.0177845892	0.0949762664	0.0955625751	0.0975751222	-0.0643205377	0.0132286443	0.0111711495	0.0609425086	0.0539373715	0.0785565569	-0.0824095725	0.147414583	0.0073867984	0.0894119895	-0.0537932025	0.0744173044	-0.0084367164	-0.033297985	0.0296890828	0.0745408049	0.0263096507	0.0015989458	0.0849733552	-0.1164971454	-0.0366464806	-0.0217489623	0.1421872645	-0.0354910617	-0.0378553889	-0.0842452269	0.093459609	-0.0993918712	0.0223842523	-0.0885218344	0.0637764281	0.0519146947	-0.0076930556	0.0226764286	0.0097173857	0.0190148102	0.0016485864	-0.0259091108	0.004807861	-0.0526722027	-0.0686238966	-0.0071569311	-0.0323648517	0.1609613575	0.0470395961	0.0574250249	-0.0167471487	-0.0424830469	-0.0209157628	-0.0308221508	0.0330653575	-0.0094880973	0.0480378197	0.1162342223	-0.0477295968	-0.1271582472	-0.0737859002	0.0476028629	-0.1056540187	-0.0521739933	-0.0744999105	-0.050093062	0.0668422612	0.0166974547	-0.0410510323	-0.080105716	-0.0826818895	-0.0476064159	0.0	-0.0329666	0.0020893999999999	0.0010867967155599	4.365592359999993e-06	-0.0367978	-0.0611579	0.00374028873241	0.00135407808484	-0.106426	-0.0491194	0.00241271545636	0.011326493476	0.00116417	0.000844336	7.12903280896e-07	1.3552917889e-06	-5.88704e-05	-0.0001458729	2.127890295441e-08	3.4657239961599996e-09	-0.000355534	-3.3748e-05	1.2640442515600002e-07	1.138927504e-09	0.0	0.0	0.0	0.0	0.0	0.0	0.0	0.0	0.0	0.0	0.0	0.0	0.0	0.0	0.0	0.0	0.0
6292.813324899058	1.3277244098699157	1.7628521085644158	39599499.54202714	6348.62141753194	-26.112026551510095	40304993.90314526	681.8379306267683	4267.056335102865	-1.0631728875832778	1.130336588892165	18207769.76694149	4334.575715963123	8244.15424008149	1.175082	26.07127	0.10805083	0.0611262	-0.0560902271	-0.0032667524	-0.1180312143	-0.051738537	0.0318064948	0.036611538	-0.0144498581	0.0432336398	0.061336485	0.0321973497	0.1332120963	-0.0886653099	-0.0193464202	0.0046793041	-0.0286576698	-0.0058834961	-0.0442059264	0.196682504	0.0027134087	-0.0507575256	0.0228591224	-0.0464510966	-0.0523329155	-0.0571259817	0.0456443722	-0.0051767839	0.0696427416	0.0040855719	-0.1514360472	-0.0117754156	0.0140232244	-0.0804974444	-0.011031802	-0.0019565255	0.0309882475	-0.0743970062	0.0031498301	0.0174189772	-0.0318098955	-0.0574795423	0.0037253989	-0.0108553802	-0.0296980989	-0.0010435144	-0.0301702842	0.0171038992	0.0870025392	-0.0257648393	-0.0281504675	0.0186827717	-0.010389904	-0.1193791501	-0.0136499381	-0.0049682029	0.0471426452	0.0530069603	-0.059528285	0.0413089504	0.044135038	-0.0427753964	-0.0477454754	0.0204055701	-0.1005733256	0.0137140707	-0.0947222681	0.0413709304	-0.0500800753	-0.0602700266	0.0411818251	0.0475506807	-0.006490355	0.0711639196	-0.0204900916	-0.0789611336	-0.120994679	-0.0558825321	0.1108007794	0.0247736548	-0.0080821899	-0.0258730724	-0.0348989011	0.0105233776	0.012846295	0.0758284859	-0.0772838905	-0.0599304902	-0.0432488639	0.0130322242	0.1859741263	-0.0630001754	0.0294800506	0.0239740211	0.0864604904	-0.0697082947	0.0781044435	0.0261162052	-0.0294745701	-0.0145415696	0.0792918084	-0.0176891302	0.0344612199	-0.0418084889	0.0338854581	-0.1338155289	0.0339731339	0.0114050918	-0.0957798954	0.039496692	0.0237223859	0.1302006735	0.0333483414	0.0271866312	-0.0382928878	-0.130258471	0.052233173	-0.0390982064	-0.0056284922	0.1094374178	-0.0138288066	-0.000789523	0.0362231872	0.0217236765	-0.0429465028	0.008674859	0.0230207599	-0.0137022343	0.0068606679	0.0175300872	-0.0018588432	0.0326718434	0.0325231306	0.1020161957	-0.0166038506	-0.0479290841	0.0314247359	0.0110627438	-0.0033839837	-0.0156032626	0.016928325	0.0093299738	-0.0232110973	0.0819809718	0.0686266209	-0.0281336687	0.0597394654	0.0841960777	0.0398789548	0.0167206628	0.0713245605	0.0014246947	0.0784742802	0.0377366777	0.046934954	-0.0044915075	0.0890540327	0.1256955966	0.0800864316	0.0178491134	0.1029755092	-0.0236200963	-0.0250985017	0.0395719235	-0.0753468544	-0.0803592561	-0.0751313851	-0.1153841175	0.0437803081	-0.0363473585	0.0430012903	-0.0462145676	0.0583037173	-0.0449112901	-0.0319462051	0.1240010016	-0.0490123532	0.04162669	0.0212923373	-0.1699241999	-0.0789490315	0.0651595885	-0.0288520169	0.0485626647	0.0839151719	-0.0719868125	-0.0718366363	0.0426505848	0.063426819	-0.0517026152	-0.0557414889	-0.0795400714	-0.0946547403	0.0286419907	0.0078048593	-0.0248840918	-0.0110972125	0.0286258896	0.087708299	-0.0709613962	-0.1584962203	0.049929189	-0.0775503909	-0.0566678527	0.0278937947	0.033372516	-0.1996119645	0.0661907455	0.0146945747	-0.0437144402	-0.0815586469	-0.0810348011	-0.0423893383	0.0	-0.037716	-0.0047494	0.001422496656	2.2556800360000008e-05	-0.0151087	0.0216891	0.00047041705881	0.0002282728156899	-0.0718775	0.0345485	0.00119359885225	0.00516637500625	0.000369668	-0.0007945019999999	6.312334280039998e-07	1.3665443022400006e-07	-0.000146285	-8.741460000000002e-05	7.641312293160003e-09	2.1399301225000004e-08	-0.000296174	5.936e-05	8.7719038276e-08	3.5236096000000003e-09	0.0	0.0	0.0	0.0	0.0	0.0	0.0	0.0	0.0	0.0	0.0	0.0	0.0	0.0	0.0	0.0	0.0
6293.716496603317	0.9031717042589662	0.8157191273740455	39610867.33961673	6378.752203003973	30.130785472032585	40688479.66732804	907.8642331616498	4270.20672037863	3.1503852757650748	9.924927385757384	18234665.43476681	4334.256011022178	8126.760046153753	1.304477	28.942129	0.053086	0.0346214	0.0162258758	-0.0681666628	0.0236829187	0.0387417647	-0.0845825857	-0.0472645722	0.0407963286	-0.00651169	-0.0012823548	0.0221093303	0.0684928377	-0.0206492339	-0.0630246482	-0.018457648	0.0927818373	0.0282356661	0.0613192497	0.0659287864	-0.1324098018	0.0405455034	0.0517050722	0.0352330758	-0.0496660371	-0.0933795846	0.0490486104	0.0090871044	-0.0224532013	0.0956394487	0.0227749151	-0.014328413	0.0277538865	-0.0296085338	0.0886727401	-0.0539181917	-0.0794187852	0.0336742837	-0.0311944513	0.0610814245	0.0376792452	0.0414230626	0.0375405451	0.0574571799	0.1045257634	0.014476249	0.0351594558	0.0043766225	-0.0059893136	0.126786905	-0.0494403259	0.0737708193	-0.0275393075	-0.0385590888	-0.0555576365	0.0664831354	-0.0035013045	0.0625364388	-0.003210644	0.061810866	-0.0262510723	0.0380792775	-0.0435714554	0.0674794505	0.0757464684	-0.0726348459	-0.0253881815	-0.0495433571	-0.0080153601	0.1784418172	0.0409880031	0.025260715	0.0033516568	0.0603205685	-0.0838883876	0.0107998015	0.0675836465	-0.0561437513	0.0381040137	-0.1165477855	-0.0214527344	0.1226895563	0.1103087089	0.0181997849	-0.0743608758	-0.0297103361	0.0258549671	-0.1211473846	0.0292265308	0.0137383628	-0.0827496962	-0.0398219172	-0.0857367007	-0.1472145052	0.0220036795	0.013135587	-0.0525840358	-0.0092369068	-0.1160973791	0.0995911593	-0.1089453726	0.0092224406	0.0924275533	0.0571547019	-0.0725122517	-0.0114625691	0.0837470375	-0.0222889997	-0.0108698869	0.0698571213	-0.0097104279	0.1098443755	-0.0059684973	0.0405371865	-0.0109455842	-0.0773122643	-0.0378578897	-0.1067123409	-0.0107587625	-0.1132832318	0.1245937221	-0.0084179116	-0.0026007608	-0.0333069658	0.0255576708	0.0362928546	-0.0169906147	0.0241442364	0.0342858277	-0.0970250882	0.0238103312	-0.019155226	-0.1361300732	-0.0098875561	-0.044492069	0.0301079746	-0.0360394483	0.0174979098	-0.044246641	0.0722846223	0.0435266376	0.0898118025	0.059812506	0.0577618754	0.1216957646	0.0784074302	0.0608705442	0.1100769834	-0.0747219303	0.090255416	0.0503718364	0.087600253	-0.0604533571	0.0151411036	-0.055961859	0.0507683685	0.0741954226	-0.029444332	-0.0360834272	-0.0239838792	0.0201826168	-0.0464542709	0.0129016989	0.0709670645	0.0261168858	0.0172081436	0.1039270219	0.0506453573	0.0483959527	0.0243894013	-0.0663529626	0.0812015129	0.0503815222	0.0542979409	-0.0543697346	-0.1217260235	-0.0434273485	-0.000451027	-0.0062113874	0.025359705	-0.0836548092	0.0655533699	0.0533928714	-0.0298743522	-0.0556194455	0.0293838104	-0.0267874055	0.0436924663	0.0415839391	-0.0450787646	0.087611602	-0.0206662331	-0.033274485	0.0430172859	-0.0049139772	0.0626580166	-0.0772109141	-0.0301956088	0.0514961029	-0.0750982381	0.0152299417	-0.0594642814	-0.0622459858	0.0994552341	-0.0090038025	-0.0663101108	-0.0035251867	0.0655300661	0.0126835575	-0.0463233854	-0.0828309489	-0.079107322	-0.036961079	0.0	-0.0428096	-0.0050936	0.00183266185216	2.594476096000004e-05	0.0175358	0.0326445	0.00106566338025	0.00030750428164	-0.082316	-0.0104385	0.00010896228225	0.006775923856	0.000410106	4.0437999999999954e-05	1.6352318439999963e-09	1.68186931236e-07	-0.000122005	2.4280000000000015e-05	5.895184000000009e-10	1.4885220024999998e-08	-0.000329644	-3.346999999999996e-05	1.0866516673599998e-07	1.1202408999999972e-09	0.0	0.0	0.0	0.0	0.0	0.0	0.0	0.0	0.0	0.0	0.0	0.0	0.0	0.0	0.0	0.0	0.0
6285.111807620835	-8.604688982482003	74.04067248524716	39502630.43429484	6360.762450911041	-17.989752092931667	40459298.95691984	323.6311803651393	4269.795388605376	-0.4113317732544601	0.1691938276886586	18231152.66055573	4336.876635994032	8199.027883965893	1.181335	26.210001	0.0960726	0.0660433	-0.0467269742	-0.0054955542	-0.0648850853	0.0099602817	0.0552576939	0.0794479719	-0.0289587653	-0.0283275053	0.0102726079	0.0278022347	0.0254442331	0.0524312318	-0.0778430175	-0.1072192709	0.0239663106	-0.0224997976	-0.0177017844	0.0701597722	-0.0152404701	-0.0947136415	0.0882192457	-0.0698729082	0.0191915469	-0.1067733729	0.1120924203	0.0738941789	0.0604349023	0.042597239	0.0959381607	-0.104880757	0.016015635	-0.1031184697	0.0476734552	0.0213971636	0.0058502325	0.0357341957	0.0436454474	0.031907696	0.0217363602	0.0085930078	0.0520819222	-0.0428017779	-0.0064981657	0.089337179	0.0477618703	0.043139567	0.0441458774	0.0392735197	0.0547313263	0.0574467336	-0.0839879031	0.0230065589	-0.098146082	0.1828529639	0.0282527959	-0.1266329403	0.0351355833	0.0532374202	0.0007560906	-0.0415847235	0.0279623353	0.0347510573	0.1200762222	0.0429111472	-0.0911174556	0.031688703	-0.04714444	-0.1232598741	0.0837150672	-0.0565195159	-0.0250655251	-0.0372863311	0.054632383	-0.004091443	-0.0860000258	-0.0755037092	-0.0088899192	0.0166255586	0.1240803263	-0.0115891304	-0.0265446516	-0.0258181621	-0.0369261032	-0.116390648	-0.0580375942	0.0508906842	-0.0471885837	0.0046346315	0.0081952524	-0.0752050321	0.0121835873	0.0091452669	-0.07278274	0.0583323222	-0.0534642997	-0.1064319458	0.0114728558	-0.1198639649	0.0854842616	-0.0019029397	0.0930266357	-0.0441153097	0.0147924898	-0.0130454272	-0.0080884986	0.0060397977	-0.131317664	0.0181122533	-0.0750416904	0.0945814836	0.0658254651	0.0474306344	0.1322183985	-0.0081691532	-0.0127148979	-0.00761104	0.122552986	0.0126369243	0.0843733374	-0.0721666914	0.0821500238	-0.0038263971	-0.0269004163	0.0825718942	-0.0616236581	0.0241138199	0.0360726188	-0.0218059789	-0.0112485842	-0.0788841875	-0.057995757	-0.0216260353	-0.011834016	0.0815667422	0.0173976136	-0.0347691485	-0.0427169255	0.0647565062	-0.02778297	-0.0432429428	-0.0493315093	-0.0387673815	0.0638372993	-0.0326836832	-0.087199217	-0.0646211467	0.1249853322	0.1163125588	0.0291119812	-0.0420624591	-0.0204994055	-0.0342476849	-0.0413400383	-0.112708981	0.102841255	0.0608952008	0.00415808	0.1097533087	0.0332576929	-0.0279160506	0.0635186314	-0.0713161643	-0.0841966289	0.010705304	-0.0317082145	-0.0788691439	-0.0780996124	0.0744095264	0.0671498532	0.0668113489	0.0161771074	-0.009717042	0.0996317047	0.0512321975	0.0025199368	0.1182721547	0.0545321634	-0.0133121778	0.0493754179	-0.1562340667	-0.0113861803	0.0399666939	0.0398317475	-0.0748934681	0.0007796114	0.0116717877	0.1556183583	0.0335502904	0.0095757722	-0.0513476193	-0.1266088476	0.0405312516	-0.0211659572	0.0029410126	-0.0719700982	0.0357209901	-0.0183297556	-0.0424487728	0.0024135444	-0.0148052006	-0.0241530422	-0.0951965119	-0.0811988002	-0.1181648032	-0.1352871038	0.0648603145	0.0106655167	-0.0488746174	-0.0839198044	-0.0769061215	-0.0313486816	0.0	-0.0427805	2.9100000000004123e-05	0.0018301711802499	8.468100000002401e-10	-0.0425302	-0.0600659999999999	0.0036079243559999	0.0018088179120399	-0.0755076999999999	0.0068083000000001	4.635294889000137e-05	0.0057014127592899	0.0008436319999999	0.0004335259999999	1.8794479267591333e-07	7.117149514238313e-07	-0.000210415	-8.841000000000002e-05	7.816328100000002e-09	4.4274472225000004e-08	-0.000268196	6.144799999999997e-05	7.1929094416e-08	3.7758567039999965e-09	0.0	0.0	0.0	0.0	0.0	0.0	0.0	0.0	0.0	0.0	0.0	0.0	0.0	0.0	0.0	0.0	0.0
6287.838710464893	2.726902844057804	7.43599912093054	39536915.6488208	6368.045129324975	7.282678413934263	40551998.76911954	53.03740488078408	4269.148853893689	-0.6465347116863995	0.4180071334154158	18225631.9367018	4334.924547088031	8073.624665225509	1.10333	24.479336	0.149149905	0.0894390999999999	0.0269693472	-0.0429845434	-0.0477076487	-0.0213230948	-0.0356461795	-0.0264402579	-0.0424815657	0.0616949732	0.0558270625	0.0505595039	-0.0087466382	-0.0801517536	-0.0924601611	-0.0330701143	0.0280211142	0.0307549881	0.025369425	0.0573614389	0.0219978945	0.0434520739	-0.0187378609	0.0249056986	-0.0353007447	-0.066564676	0.0534753668	0.0134976868	-0.0010082834	-0.0248285705	-0.0175354453	-0.123347774	0.0686553936	-0.0899767944	0.0454658629	-0.0833938368	0.0013215632	-0.0692756476	0.0060388963	0.0063462694	-0.015528882	0.0310174953	0.1584273884	0.0308917497	0.0281553488	0.0752186145	-0.052245459	-0.0161123396	-0.0196376114	0.0162318335	0.0283626427	0.0063328131	-0.0966376706	0.0372882443	-0.0466724283	0.0941330096	-0.0448496228	-0.0501680195	0.0188157035	-0.0346848284	0.097686595	-0.1092896482	-0.051301091	-0.0578409217	-0.010263426	0.07705766	0.0516792135	0.0146428604	0.0374278389	-0.0100681248	0.013148353	-0.0130558221	-0.0424684351	0.058110975	-0.0547224593	0.0056986974	0.078931785	0.1504947585	-0.0681508075	-0.023224904	0.0605304059	0.0459341867	-0.0886292377	-0.0463640837	-0.0458380654	-0.0166914566	-0.0358330633	0.0163062827	-0.0736154328	0.0915804362	-0.0129911907	-0.0519833039	-0.0528740258	-0.0775535536	-0.0420674795	0.0495816404	-0.0044590141	-0.0681642204	-0.023243092	0.0318611067	0.0225447734	-0.0710645514	-0.1425383623	0.0277954699	0.0026374208	-0.0705526904	0.0023344084	-0.0174377553	0.0241127853	0.0385029995	0.0368874886	0.0494884692	0.0005780394	0.0336518274	0.0269128212	-0.0534146517	-0.0285642914	0.0534374634	-0.0278088831	-0.0256519178	0.0981834204	-0.0971539223	0.0469766495	0.060291485	-0.056428523	0.0944981689	0.0263640239	-0.0133737929	-0.0237282805	-0.0059291344	0.0821187048	-0.1221667551	-0.0616054121	-0.0081166758	-0.0668647858	0.0725864241	0.0213981692	-0.0276689044	0.0744152432	-0.0297133341	0.0504251277	-0.0150837927	0.0530478532	-0.0169488888	0.0403953526	-0.0731219637	-0.0012402069	0.095265963	-0.0308178258	0.0028006824	-0.0476189149	-0.0710038295	0.0106432885	0.0256352858	0.1212077551	-0.0494677485	0.0078397962	0.0265048925	0.0416608782	-0.004072924	-0.0324709326	-0.0020176049	0.0206284262	-0.077465303	0.0179797828	0.0441068069	0.0790930699	-0.0136289978	-0.0769981169	0.079428658	0.0189343583	0.0409557187	-0.1122575017	0.055395184	0.0245512633	0.0588442393	0.0717165446	0.0491926013	0.0705188675	-0.0168136597	0.1933062915	0.0614078969	0.0302212049	-0.0311548126	0.0067634118	0.039813633	-0.0637646336	0.0380428116	-0.0121894355	-0.0927911173	-0.0338624454	0.0210396883	-0.0409308627	0.0650215193	0.0187070665	0.10424853	-0.0289478367	-0.0254738539	-0.0324669275	-0.0719104154	0.0109649648	0.0995302443	-0.0208856826	0.0076303085	0.0559407567	-0.1347735087	0.0101161582	0.0641815835	0.0086415699	-0.0513649577	-0.0848228017	-0.0744388162	-0.0255801066	0.0	-0.0469301	-0.0041496	0.00220243428601	1.7219180160000026e-05	0.0302108	0.072741	0.005291253081	0.00091269243664	-0.0488723	0.0266353999999999	0.0007094445331599	0.00238850170729	0.000122771	-0.0007208609999999	5.196405813208558e-07	1.5072718441000003e-08	-6.99599e-05	0.0001404551	1.9727635116010012e-08	4.8943876080099995e-09	-0.000319358	-5.1162e-05	1.01989532164e-07	2.6175502439999995e-09	0.0	0.0	0.0	0.0	0.0	0.0	0.0	0.0	0.0	0.0	0.0	0.0	0.0	0.0	0.0	0.0	0.0
6276.121728905705	-11.716981559187843	137.287656858348	39389703.956042334	6388.445487519614	20.40035819463901	40812235.747009724	416.1746144695751	4267.598549995567	-1.5503038981223654	2.4034421765334013	18212397.383924264	4333.423865368297	8098.539484576298	1.021101	22.654936	0.1401806049999999	0.0833276	0.0011449171	-0.0070986727	-0.0175807942	0.0667408678	-0.0345137315	0.0006342146	0.0072567137	-0.0179799985	-0.0123241319	-0.0378232687	0.1192781487	-0.0710777818	-0.0153663865	0.0182374271	0.0207770082	0.0107691356	-0.0145255852	-0.0659009948	-0.0895840413	0.0217827241	0.0109133592	-0.0878342121	0.039561096	-0.0518529788	-0.0242459533	-0.0805434927	0.0380976048	0.077948337	-0.0364232545	-0.0696371107	-0.0331470413	-0.0562527085	0.0338785544	0.0083581891	0.0194932735	0.0251214344	0.0216520577	-0.0507996705	0.0170394649	-0.0131536075	0.0451586828	-0.0452608052	-0.00030509	0.1027380841	0.0668588721	-0.0353753813	0.0154799724	-0.0542955337	0.0776912565	0.0089580448	0.0300942848	0.0354941136	-0.0497365628	-0.0406298853	-0.0332675399	0.0038850842	-0.0145874566	-0.049428278	0.0411610252	-0.0033137882	0.0440992096	0.0156733496	-0.0679161683	-0.0564526619	-0.0840167199	0.0300597431	0.0240792109	0.0627759292	-0.122239355	-0.0448049248	0.1083010728	-0.0366556394	-0.1133847995	0.0172893219	0.0277614365	-0.0498910987	0.1437949484	-0.0186212673	0.0267349927	0.0386421087	-0.077558039	-0.1126787247	-0.0037920749	0.0060974391	0.1298861874	-0.0053830643	-0.0013856632	-0.130753829	-0.0005808629	-0.0810794322	0.0138998058	0.0168554296	-0.0971312461	0.0554913535	-0.1247465313	0.0588076623	0.0712238706	-0.0042456279	-0.0412525628	0.0525331896	-0.1250575806	0.01654551	-0.0211545391	0.0711751699	0.0622836065	0.00579694	0.0209788756	-0.0287958908	-0.1059114184	0.0304059426	-0.0134194635	0.0286086503	-0.0750623519	-0.0818044615	-0.0239259075	0.0652854532	0.035349043	0.058283698	-0.0197495183	0.0185881209	-0.0128210714	0.0890847419	-0.0385383992	0.0180660585	0.0403381209	-0.0417193012	0.0687305652	-0.072952148	0.0210310366	-0.040178558	-0.0027826405	-0.0471508848	0.0289569774	0.0964254196	0.0526729326	0.0033794212	-0.074990457	-0.0524065363	-0.0741820485	-0.0745584492	0.0094667798	-0.0134790278	-0.1269750038	-0.0403216932	0.0284438517	0.0593742387	0.001912262	0.0437907229	-0.0299106186	0.0872328255	0.0368014632	-0.0154053694	0.1340061996	0.0140708756	0.0942933889	-0.0050398453	0.0046514707	0.0196528951	0.103981121	0.0485480634	0.0704473333	-0.0095924173	0.0013577202	-0.0359707763	0.0095620891	-0.0056852532	0.1615136714	0.0562021411	-0.0322595552	-0.0126247017	-0.0974793359	0.0108747812	0.0720421402	-0.0346352605	0.0182403358	-0.0713553134	-0.0952226192	-0.0245971932	0.0387188537	-0.0268552488	-0.0099516772	-0.0030869003	-0.0158925989	-0.0417469793	0.0081064823	-0.0108612548	0.0844115813	0.0098546236	0.1093143719	0.0061679308	-0.0471919842	-0.0275372842	-0.0789309857	0.0088294476	-0.052464601	-0.0378551234	-0.0380542884	-0.0421971409	-0.031271005	0.0240115264	-0.0787332805	-0.0251717426	0.0494186022	-0.0461081111	-0.0196644727	0.0634939669	0.0066128377	-0.0537913037	-0.0855379411	-0.0717139431	-0.0196840927	0.0	-0.0427912	0.0041389	0.00183108679744	1.713049321000001e-05	-0.0349041	-0.0651149	0.00423995020201	0.00121829619681	-0.0829837999999999	-0.0341114999999999	0.0011635944322499	0.0068863110624399	0.000741092	0.000618321	3.8232085904100004e-07	5.492173524640001e-07	-0.000181903	-0.0001119431	1.2531257637610001e-08	3.3088701409e-08	-0.0003254	-6.041999999999994e-06	1.0588516e-07	3.6505763999999925e-11	0.0	0.0	0.0	0.0	0.0	0.0	0.0	0.0	0.0	0.0	0.0	0.0	0.0	0.0	0.0	0.0	0.0
6273.435525929727	-2.686202975977721	7.215686428151567	39355993.29799719	6359.486943954076	-28.958543565538093	40443074.190322354	838.5972454371677	4266.732162263926	-0.8663877316412254	0.750627701538428	18205003.344497398	4333.371310469248	8063.472624743362	1.075106	23.853138	0.1728527475	0.0895100999999999	0.0031662194	0.0272947999	-0.0833043737	-0.0190345964	0.042054765	0.0446598864	-0.0665809202	-0.0022302929	-0.0140897243	0.0528912962	0.022025502	-0.0382269263	0.0010838958	0.019113011	-0.0272309257	0.0181250902	-0.0508068717	0.0135884601	0.0680302872	-0.0645057548	0.0058060774	-0.0366060362	-0.0377903995	0.0014913363	-0.0149402627	-0.0112593812	-0.0333606996	0.03755875	-0.0012647944	-0.0705212511	-0.0246549008	0.0296301909	0.014250289	0.0534865885	0.1230028844	0.0741797213	-0.0898059929	-0.0711713339	-0.0269480307	-0.0457429215	-0.0146750796	-0.0567754518	-0.0731672087	-0.0415628812	-0.0771011711	0.0445801975	-0.0097633082	0.047647803	-0.0497372225	-0.0668207031	-0.0504349991	0.0560413385	0.0214849552	-0.074728841	-0.0602833505	-0.0767797359	0.0284246833	-0.0488489137	0.0375161833	-0.0068903713	0.0191773178	0.0276310629	-0.0211470167	-0.0846769639	0.0574373263	0.0569627302	0.0023297631	-0.1170991283	-0.0544566723	0.0606611637	0.0625309113	0.0084337902	-0.0239535058	0.0902465967	-0.120826538	0.041579299	-0.0224246545	0.0583792848	-0.0079453865	-0.0701009999	0.044184831	0.0627779486	0.0173176702	-0.0304660865	0.0565648586	0.058627526	0.0761671348	-0.0417457991	0.0290068043	0.075182313	0.0186428697	-0.0830608929	0.0404407289	-0.0578393723	0.152446302	0.038294978	-0.0525612045	-0.0036241466	0.0510473146	0.0975572742	0.0597077863	-0.0179589121	0.0667244386	-0.0352396148	-0.027725523	0.0273014115	-0.0551086034	-0.0423017284	0.0369963876	0.0302555242	-0.0663147955	-0.089951777	-0.0372267332	0.0042594756	-0.0422110791	0.0473720436	0.0879993576	0.0042931208	-0.0905625568	0.0687924559	0.0051610218	0.0936401315	-0.0475420892	0.0328498168	-0.0985340875	-0.0331043837	0.0674526639	0.0297418483	-0.0381883349	0.0681655576	-0.0017413895	0.0343760629	0.0285636967	-0.0788569757	0.0179602479	0.1065465967	0.0905266931	-0.0465952478	0.0558694149	0.0022795694	-0.0600579774	-0.1056057447	0.0088532508	0.0339330783	-0.0192666157	0.0284576169	0.0753306866	0.0416681916	0.0917909408	-0.0302372794	0.0695471012	-0.048482781	0.1007540153	-0.0203688574	-0.0528505177	0.0402935651	0.0275052745	0.0051805212	-0.0647366033	-0.0210840273	-0.0099145698	-0.0144266024	0.0176046331	0.01435304	-0.0303907107	-0.0346445462	0.0387137512	-0.0423215538	0.0288091232	0.0279394818	0.1253776502	-0.0247564195	-0.0574918503	-0.0119700296	-0.0310240506	-0.0382238458	-0.0668736988	0.1114675594	0.00352007	-0.0087619817	0.0098914214	-0.0037042193	0.0760794576	0.0089449191	-0.0600636273	-0.0066824006	0.0476351462	0.0256539592	-0.0992798902	0.0173138048	-0.0152595193	-0.0235223901	-0.0165277618	0.0269884246	0.0134476162	-0.0308055358	0.0511854191	-0.0639351714	0.0918545747	-0.0141967811	-0.0995440754	-0.0081787505	0.0614567894	0.0009700072	-0.0494980995	0.06279756	0.0045804437	-0.0561506324	-0.0860636387	-0.0687409308	-0.0136900138	0.0	-0.042705	8.620000000000155e-05	0.001823717025	7.430440000000268e-09	0.00717328	0.04207738	0.0017705059076643	5.14559459584e-05	-0.0232957	0.0596880999999999	0.0035626692816099	0.00054268963849	-2.66935e-06	-0.00074376135	5.531809457538226e-07	7.1254294225000004e-12	0.000334918	0.000516821	2.67103946041e-07	1.1217006672400001e-07	-0.000484839	-0.000159439	2.35068855921e-07	2.5420794721e-08	0.0	0.0	0.0	0.0	0.0	0.0	0.0	0.0	0.0	0.0	0.0	0.0	0.0	0.0	0.0	0.0	0.0
6274.878343207503	1.4428172777761574	2.081721697049401	39374098.22205454	6369.327108269064	9.840164314988217	40568327.81213116	96.82883374596749	4270.110169726993	3.378007463067661	11.410934420540814	18233840.86160589	4333.380060903309	7946.6467509652575	1.18254	26.236732	0.1124911625	0.0587449	0.0640845008	-0.0126274451	0.0140552172	-0.0173473268	-0.0752056565	-0.0445008079	0.0113420077	0.0477376364	-0.0494440682	-0.0346157373	-0.0036806729	-0.0016043953	-0.0679315777	0.0422692371	0.0894829845	0.0392257483	0.0282423417	0.0016329737	0.027677101	0.1419649671	-0.0111935242	-0.0051522089	0.0341937008	-0.0357868041	-0.0507346899	0.0299624306	0.0818359982	0.0244804352	0.0972718691	0.0190181081	-0.054099959	0.0905718294	-0.1006126499	-0.084319318	0.0559001869	-0.042806476	-0.0095194436	-0.0124577873	-0.0268632239	-0.0503593442	0.0105772621	-0.1249603824	-0.0510223411	-0.0019935126	0.0485894376	0.0042632025	0.0404058707	-0.0348572201	-0.1166994493	-0.021053485	-0.0227190489	0.0371206251	-0.0576799979	0.1096961522	-0.1023151212	-0.0021718391	0.0457213137	-0.0544867816	-0.0305599692	0.0590968103	-0.0672474154	0.0291288138	-0.0341774873	-0.0616829066	-0.0349830701	-0.1565332629	-0.0647768724	0.0475284882	-0.0340866454	0.0633122195	0.0223247833	-0.0896602758	-0.1592585737	-0.0474039082	0.0264852336	0.0608490971	-0.0534573929	-0.0876915266	-0.0115901052	-0.0368526442	-0.0186934539	-0.0471886005	0.0811125731	-0.0858350951	-0.1312116316	-0.1138978849	0.0631220817	-0.0166633372	0.1742187033	0.082389717	-0.0056241477	0.0756066488	-0.0769179663	-0.0729338258	-0.0232256081	0.0533636259	0.0032751395	0.0028497422	0.0622901964	0.0243040882	0.1286265797	0.0479065124	-0.0143738712	-0.0447719066	0.0222749109	-0.0888295001	0.088238861	0.0018235876	-0.0198155083	-0.0023922521	-0.0719664339	0.0290576653	0.0824158627	-0.0202353631	0.0300578294	0.1063627385	-0.0138056291	-0.0766081834	-0.0227867578	0.0216547508	-0.0233383378	0.0476394772	-0.081904632	-0.1309777072	0.0175593596	0.0318109803	0.0338127781	0.0063103487	-0.1021439031	-0.0313234151	0.1148217421	-0.0211835114	-0.0326842944	0.0983668358	-0.1044021021	0.0639703243	0.0725083372	-0.0314285896	0.0461740826	0.0838766533	0.0078243493	0.0750183598	0.0716243927	-0.0121093793	-0.0473053334	-0.0150892693	-0.0535161778	0.114662349	0.023021714	0.1212727713	0.0366803159	0.0060989766	0.0030985924	0.0247687023	-0.081697756	-0.0831864314	-0.0276569439	-0.0005437601	0.0605867673	-0.0303341578	0.0665187842	0.0422612884	0.0679574161	-0.0356055374	0.1541889191	-0.0108608388	0.0384221162	-0.0937483118	0.1167916053	0.001682594	-0.0276759768	-0.0953107932	0.05416627	0.1023530727	-0.0799567734	0.0540899336	0.1145523881	-0.029608868	-0.0546687663	-0.0892855869	0.083521899	-0.0538381013	-0.0521379073	0.0124073203	-0.0298270869	-0.0331898733	0.0483503987	-0.1107005327	0.0294407473	0.0754201476	-0.0272012855	-0.0013572827	0.0477673967	0.0204919039	0.0277416724	-0.0509313272	-0.0328704278	0.0184009737	0.0576074498	-0.010023627	0.0166424291	0.0069053818	0.0317583034	-0.0595763382	0.0611939318	0.0620924591	0.0025455132	-0.0584400044	-0.0863987302	-0.0655300661	-0.0076277318	0.0	-0.0427682	-6.319999999999937e-05	0.0018291189312399	3.99423999999992e-09	-0.00881616	-0.01598944	0.0002556621915136	7.77246771456e-05	-0.0625321	-0.0392363999999999	0.0015394950849599	0.0039102635304099	0.000629957	0.00063262635	4.002160987143225e-07	3.96845821849e-07	-2.62751e-05	-0.0003611931	1.3046045548761005e-07	6.903808800099998e-10	-0.000334616	0.000150223	1.1196786745599998e-07	2.2566949729e-08	0.0	0.0	0.0	0.0	0.0	0.0	0.0	0.0	0.0	0.0	0.0	0.0	0.0	0.0	0.0	0.0	0.0
6277.9496481334045	3.071304925901132	9.432913947864554	39412651.784498334	6355.747893504607	-13.579214764456992	40395531.28578825	184.3950736192468	4267.069846731718	-3.0403229952753463	9.243563915600054	18207885.076887045	4332.006372381414	8067.916340909155	1.181677	26.217592	0.0679206045	0.0382161	0.0001190443	0.0199560181	-0.0857387359	0.0084176222	0.0079356385	-0.0027411086	0.0060549742	-0.0574659382	-0.0366709463	0.0671763182	0.0655995625	0.0679437777	-0.0203327059	-0.0595490205	-0.0053425546	0.0200707614	-0.0194909564	0.0246224015	-0.0594682248	-0.0602805992	-0.0069571761	-0.0608114204	-0.0248652428	0.0028510985	-0.0412368467	0.0142963371	-0.0489768481	0.0320813343	0.0596332938	-0.0201536659	0.0335798065	0.0221527056	-0.0289077989	0.0419243921	0.1128515987	-0.085167604	0.0355058735	0.0210941455	0.0473214989	0.0699049345	0.0083550517	-0.003578801	-0.0872607948	0.10413691	-0.0347253876	0.0497867594	0.0872137343	-0.0432900125	-0.0899170693	0.0072923937	0.0820924843	-0.0111418564	-0.0229511733	-0.0863532816	0.0732255356	-0.0981563299	-0.0176858826	-0.0813450625	0.0065520337	-0.0195320244	0.0230282548	-0.0384743332	-0.0946394393	-0.0442026769	-0.0634424765	-0.0416352068	0.0618954688	-0.0650231219	0.0736600812	-0.0385349713	-0.0180606869	-0.061885724	0.0217039635	0.0477513347	-0.0492145173	0.014951554	0.0548845019	-0.0190057417	0.0535312856	0.0706607366	0.1034437208	-0.0341893602	-0.0979672492	0.1143305994	-0.0846777045	0.0169503384	-0.0152437296	0.0296551927	0.0645312975	-0.0127049262	-0.0136279545	-0.0488832127	-0.0581741941	0.0109843432	-0.0554879548	0.0102435308	-0.0919204282	0.0606431405	0.0229706064	-0.0086655039	-0.01232221	0.0166223369	0.0113605576	-0.0065885904	0.0538589234	0.06084248	-0.0752385396	-0.0397124376	-0.0234879646	0.0142380146	-0.0311438913	0.0103708474	-0.000354308	0.0133183366	0.0010028506	0.0087852697	0.0620899271	-0.0099699014	-0.0545459715	-0.0739358681	0.0100869589	-0.0003614295	0.0292129893	-0.0027771633	0.0262236781	-0.0178957981	0.0539760237	0.0295372206	-0.0189746849	0.0027217667	0.1069827895	0.1519037167	-0.1018174359	0.0484645615	0.0220269206	0.0678634311	-0.0380225124	-0.0896630756	0.0587133451	0.0529930813	-0.0356523349	-0.0800495984	-0.0667965384	-0.0320849108	0.0373080309	-0.0873998235	-0.0407234758	0.0469012786	0.0093876696	0.0638733698	-0.0506645665	-0.0057967403	0.0090139614	0.0963506518	0.034824805	0.0336062455	0.0383304616	0.0109545206	-0.0023851222	0.0548768943	0.0076698517	-0.0955113988	-0.0006157815	0.0509348035	-0.1228970987	-0.0447453146	-0.0496068493	0.0970456984	0.0633396066	-0.0044372509	0.053825546	-0.0346404736	-0.0145986096	0.1148812977	-0.0096670148	-0.0132446177	0.0398343656	-0.0007828144	-0.0600751508	0.0049574347	0.0427850559	0.0044552632	0.066176308	-0.026468369	-0.0512160826	-0.022795623	0.0626605543	0.0627599078	0.0480983875	-0.0126053649	-0.060956903	-0.0908467495	0.0215394711	-0.0111262421	0.0229192531	-0.0427251103	0.0452173682	-0.0345527104	-0.0082979619	0.0819163507	-0.011499391	-0.0355402204	0.1135974083	-0.0386630797	-0.0766914452	0.061378762	0.0005091731	-0.0606565674	-0.0865424735	-0.0620924591	-0.0015274489	0.0	-0.0427571	1.11e-05	0.0018281696004099	1.2320999999999998e-10	-0.0256665	-0.01685034	0.0002839339581155	0.0006587692222499	-0.0424146	0.0201174999999999	0.0004047138062499	0.0017989982931599	9.108e-05	-0.000538877	2.90388421129e-07	8.295566400000001e-09	-5.07181e-06	2.120329e-05	4.495795068241e-10	2.57232566761e-11	-0.000393369	-5.875300000000004e-05	1.5473917016100005e-07	3.451915009000004e-09	0.0	0.0	0.0	0.0	0.0	0.0	0.0	0.0	0.0	0.0	0.0	0.0	0.0	0.0	0.0	0.0	0.0
6286.064040665608	8.114392532203965	65.84336616668747	39514601.123349234	6360.262056616976	4.514163112368806	40452933.428841606	20.37766860507122	4271.329386034048	4.259539302330268	18.143675068096226	18244254.723998	4335.587371003975	8023.394761059986	1.145689	25.419127	0.0547443555	0.0296577	0.0559474261	-0.0458085495	-0.0053881881	-0.019944847	0.0092064174	0.0198540443	-0.0695811225	0.0148720825	-0.0890055208	0.0270051668	-0.0713536943	-0.0664535184	-0.0766171437	-0.0112713906	0.0190115843	0.0267486189	0.0272190289	0.0293406109	0.0778752925	0.0114028925	0.0669936877	0.0046286376	-0.0577932337	0.008382717	-0.0396087593	0.023885976	-0.0575463073	0.0311999648	0.0495494399	-0.044457128	0.0806373371	0.1001236052	-0.0925200227	-0.060040077	-0.0046000231	0.0222430243	0.0027982728	0.0561384524	-0.056312701	-0.1308852124	-0.0101600013	0.0358379151	-0.0920394598	-0.0320244273	-0.0388981247	0.0307775085	-0.1296993511	-0.0815185107	-0.0105730455	0.03031341	0.0206355767	0.0509236346	0.0258118166	-0.0698379891	-0.1625681139	0.091907996	-0.0073312497	0.1438259017	0.0175678573	-0.0047076723	-0.0439681841	0.0448939128	0.128193729	0.137287226	-0.0197170389	-0.0312025999	0.0064702754	0.0290675849	0.0600756235	-0.0317716626	-0.028821861	-0.0581502551	-0.0744366359	0.0597506876	-0.1288896159	-0.0048853467	0.0141816672	-0.046861587	-0.0041926224	0.0319011056	-0.0512171379	0.0572924085	0.1033289061	-0.0350694516	9.90155e-05	-0.0699343776	-0.0272113372	0.023279777	0.0504357313	0.001850417	-0.0845377463	0.0435622076	0.1189944568	0.0748753513	0.0541675969	-0.0399498661	0.1048072811	0.0514074068	0.0627603281	0.0217621217	0.0487639856	0.0376214854	-3.06221e-05	-0.0347395002	-0.0534916672	-0.0785050356	-0.0533432404	-0.015222937	0.0536005533	-0.0070453796	-0.0327358209	0.0002052038	-0.0183013952	-0.0018178581	-0.0077473382	0.0250557395	0.0098132225	-0.1489856131	-0.0330178474	-0.093465113	9.12814e-05	-0.0432183477	-0.0955351297	-0.0856234739	0.106280191	0.0512941661	-0.0721324047	0.0548134939	-0.0076902116	0.0537885204	0.0500625933	0.0047587178	0.0289940635	-0.0881064886	-0.0332718318	-0.04798962	0.1070079527	0.0053794868	-0.0233290628	-0.0409990018	-0.0191956422	0.0015713676	-0.05246467	0.1713607936	0.0135832634	0.0109670974	-0.0857963124	0.0449789141	0.1043169694	-0.066258468	0.0730841564	0.1172567581	-0.0367952191	-0.065681411	0.0647368172	-0.0617596174	-0.0162181276	-0.013326699	-0.0909461649	-0.053718081	-0.0011980001	0.0281917841	-0.1709611088	-0.0058572547	0.0340698242	-0.0257985406	0.1311376829	-0.0430073656	0.0286195561	0.002827157	-0.0221032085	0.0371180052	0.1675586381	-0.1436844409	-0.0053542452	0.0098941894	0.1221704239	-0.0112232294	-0.031428096	-0.0313465245	0.0422689747	-0.0578472895	-0.0414171512	-0.0039437871	-0.0417257241	-0.0154917697	0.0106129769	-0.0014370406	-0.0943518313	0.0593303752	-0.0486476329	0.0312162432	0.0742794734	0.0673747424	0.0235110216	-0.0244355638	0.0016257586	0.0010711061	0.0325093422	0.0152658412	-0.0649822326	0.1663160966	0.0284936851	-0.0096369192	0.0418514265	0.0606565674	-0.0015274489	-0.06279756	-0.0864945502	-0.0584400044	0.0045804437	0.0	-0.0427618	-4.700000000003313e-06	0.00182857153924	2.209000000003114e-11	-0.0102129	0.0154535999999999	0.0002388137529599	0.00010430332641	-0.0651499	-0.0227353	0.00051689386609	0.0042445094700099	0.000271935	0.000180855	3.2708531025000003e-08	7.3948644225e-08	6.60013e-05	7.107311e-05	5.051386965072099e-09	4.35617160169e-09	-0.000472456	-7.908699999999998e-05	2.23214671936e-07	6.254753568999997e-09	0.0	0.0	0.0	0.0	0.0	0.0	0.0	0.0	0.0	0.0	0.0	0.0	0.0	0.0	0.0	0.0	0.0
6284.352140924805	-1.7118997408033465	2.930600722562565	39493081.83114618	6340.462546584952	-19.799510032024045	40201465.30464654	392.0205975082208	4266.757782328776	-4.571603705272537	20.899560438061588	18205221.97306317	4330.379341214374	8166.399984328416	1.180124	26.183138	0.0779341	0.0394868	-0.02007919	-0.0055211482	-0.0751457164	-0.0817770938	-0.067565959	-0.0443393391	0.0069370441	-0.0188347711	-0.0160715301	-0.0119988166	0.0265997647	0.0284132683	-0.0545702121	0.04375572	-0.0150630686	0.0362037316	-0.0305193446	0.068612374	-0.0359708742	0.0706371382	-0.0102581495	-0.1078986034	-0.0380480415	-0.0080580547	-0.0494213009	0.0978493388	-0.0159905574	0.0178076294	0.0356922746	0.0078964541	0.0790958912	-0.0080706274	-0.0468773715	-0.0902988073	0.032086649	-0.0028703412	0.1200696078	-0.018832343	-0.079994816	-0.0023291775	0.0742542566	0.0010295442	-0.075027493	-0.045525449	-0.0845898711	-0.0183017612	-0.112236342	0.0506104584	0.0610823071	0.0199368692	0.0102834201	0.0505765655	0.1819591802	-0.0746386149	-0.0705352599	0.0669032603	0.0518886922	-0.0149354747	-0.0365087111	0.0019427135	0.0338704849	-0.0418846638	0.0933835945	0.0440150083	-0.0439623448	0.0656287729	0.0651506978	-0.0858747817	-0.0089630098	-0.0394387119	0.1222644619	-0.065964127	-0.043539038	-0.0598805268	-0.0191759607	-0.1191328727	-0.0643236368	-0.0049543271	0.0715494653	-0.1136156376	-0.0487514912	-0.0288549212	-0.1044755345	-0.0277034166	-0.0228551689	0.0266772425	0.0438736854	-0.0014123404	0.0041118625	0.0733233157	0.0322428213	-0.0570326089	0.0467961069	-0.0298373423	0.0241860355	-0.0161904016	-0.0056316604	-0.0932248094	-0.038465129	0.1435950312	0.0405684723	0.0273212053	0.0058094509	-0.0778879527	0.0775967266	-0.0087401244	0.0064902708	-0.0882573268	-0.0635710711	-0.0138182425	-0.0275870798	0.0559532337	0.0477677964	0.0129329715	-0.0178449359	-0.0888231059	0.0405450551	-0.1167711918	-0.0451902681	-0.0593353631	-0.025389977	-0.0278658936	-0.1145773305	-0.0295992904	0.0319244541	0.0180987851	0.0007363757	0.055582595	-0.0161839675	-0.0587105908	-0.0377471684	0.005191779	0.1342245347	-0.0858602386	0.0998623453	-0.0965512334	0.0520266052	-0.1048366248	0.0134366688	-0.0631161812	-0.0008120608	0.0381926916	-0.0383361897	0.0370510905	0.0078051769	-0.0147521445	-0.0629198006	0.025430878	-7.31977e-05	-0.0550516135	-0.0865269093	-0.0356161279	0.1085527099	-0.1707963222	-0.0224640777	0.0966462461	0.0313046309	0.0449194442	-0.0826695964	0.0333907886	0.0036139884	-0.0147466565	-0.0637710298	0.0174983891	0.0267525544	0.1069085447	-3.23506e-05	0.1024084241	0.0105523174	-0.0830214443	0.0607694821	0.0035611208	-0.0473553963	0.0723761059	-0.0883027844	0.0147754554	0.0361585845	0.0968287878	0.0032475405	0.0082702394	-0.0235034266	0.0104548305	0.0417162448	-0.0693535636	-0.0605128389	0.007376931	0.079648862	-0.0870433927	0.0636370113	-0.0078987321	-0.0806532776	-0.0520537376	0.0225645678	-0.0097394751	-0.0440629773	0.0657256043	-0.0149900777	0.0067854727	0.0396972921	-0.0765943029	0.0264886823	-0.0482861407	-0.0397152526	-0.0182895219	-0.0369025787	0.0599259753	-0.0035632251	-0.0648603145	-0.0862550665	-0.0545853399	0.0106655167	0.0	-0.0334785	0.0092833	0.00112080996225	8.617965889000002e-05	-0.035013	-0.0248001	0.00061504496001	0.001225910169	-0.0732214	-0.0080715	6.514911225000014e-05	0.00536137341796	0.000750497	0.000478562	2.2902158784400002e-07	5.63245747009e-07	-1.97007e-05	-8.5702e-05	7.344832804e-09	3.8811758049e-10	-0.000321136	0.0001513199999999	1.0312833049600001e-07	2.2897742399999995e-08	0.0	0.0	0.0	0.0	0.0	0.0	0.0	0.0	0.0	0.0	0.0	0.0	0.0	0.0	0.0	0.0	0.0
6297.838745682858	13.486604758052636	181.888507899928	39662772.86662423	6375.421855002726	34.95930841777408	40646003.8292464	1222.1532450490497	4265.269289456881	-1.4884928718947776	2.215611029681563	18192522.111584004	4328.177887688794	8124.513491674641	1.110415	24.636528	0.137857135	0.0725327	0.0303696655	-0.0640100962	-0.0105047939	0.0409056013	-0.0313875293	0.0141697095	-0.0411762425	-0.0961466123	-0.0923245284	0.0769513789	-0.0329499789	-0.0177716157	0.0011573051	5.61729e-05	-0.0087783473	0.080318298	0.0108996689	-0.019365492	-0.0668484624	-0.0705246205	0.0534793591	0.0128027348	-0.103016143	0.0603951526	-0.0315548795	-0.0017812593	-0.0119963359	-0.0352661164	-0.0042134686	0.0002703376	0.1180150469	0.028485016	-0.0294975747	-0.0656212762	0.0192369025	-0.0740454487	0.1132278156	0.0987601278	0.042651246	-0.0101156107	-0.0919802422	-0.0157135353	-0.0021344225	-0.0627081219	0.0802678162	0.0305705901	0.1135703636	-0.0594971614	0.036775981	0.0712033719	-0.0416763382	-0.0065069359	0.1150982894	-0.080282177	0.0876266793	-0.0178415472	0.0535146763	0.0037471804	-0.157325499	0.1039244065	-0.0122938538	0.0019361261	0.0187003529	0.0191613565	-0.0186849719	0.0039906969	-0.0664112835	-0.0023926177	0.0211019124	0.0486448441	-0.0678271857	0.0063360445	0.0233698618	0.0367428539	-0.0521643841	0.0700592189	-0.0670215726	0.0292477834	0.0361939035	0.0488565709	-0.0742270635	-0.0264062505	0.0885764409	-0.0518236074	0.0208839336	0.0507400325	-0.029396614	-0.0394143775	-0.0292654655	0.004444902	0.0136930572	-0.0847741181	-0.0175300182	0.0879084397	0.0065943757	-0.0206397114	-0.0073591134	-0.0136043549	-0.0623836608	0.0592400393	0.0101114368	0.091887672	-0.0067903491	0.0395674416	0.0389353173	0.0208782114	-0.0986584224	-0.0524552218	0.0904599158	-0.0461848991	0.0174606992	0.0895592175	-0.0270506775	-0.0060098572	-0.0303385738	-0.0396812948	-0.0221483515	-0.0569762321	-0.0288835859	-0.0705033242	-0.0175178125	-0.1287078349	0.0113233245	0.0371562191	0.1361302586	-0.0255449181	0.02971519	0.0214836037	-0.0801177226	0.0520791458	0.0833630081	0.00104318	-0.0708652141	-0.1347793828	-0.0386842666	-0.0057123696	-0.1200817509	-0.0765045926	0.0113283166	-0.0558982941	0.0211407337	0.0664938456	-0.0430747372	0.0194629648	-0.0091601919	-0.0834305399	0.1551152669	-0.0067839147	-0.0467711475	-0.0034860136	-0.0445222483	-0.0048529561	-0.0496505665	-0.0335375214	0.0217332687	0.0224962214	0.0251610668	-0.0260716913	-0.0207232015	0.0798868829	-0.0390009931	0.070507156	-0.0144387319	0.0433119553	0.047695263	0.011308071	-0.0547418116	-0.0826226836	0.0459909044	0.03188245	0.0502916761	0.0053052618	0.004985803	-0.0498033542	-0.0049166359	-0.0016797551	-0.0044333419	0.001971647	0.0694841644	0.0365319739	-0.046691372	-0.0500511134	-0.0069231137	0.0392324056	-0.0808339501	0.0452096077	-0.0109332498	0.0920282731	0.0169856866	0.0006394414	-0.0614754476	-0.0012927149	0.0951504634	0.0825855747	-0.0283127154	0.0147435034	0.0252026166	0.0228648866	-0.0402347385	0.0329351517	0.1079675465	0.0725137708	0.0413479134	-0.016338546	0.047911633	0.0591870869	-0.0055970281	-0.0668422612	-0.0858245528	-0.0505418031	0.0166974547	0.0	-0.0427658	-0.0092872999999999	0.00182891364964	8.625394128999997e-05	0.0214209	0.0564339	0.00318478506921	0.0004588549568099	-0.0495547	0.0236667	0.00056011268889	0.00245566829209	0.000161886	-0.000588611	3.464629093210001e-07	2.6207076996000002e-08	0.000151192	0.0001708926999999	2.9204314913289997e-08	2.2859020864e-08	-0.000531017	-0.0002098809999999	2.81979054289e-07	4.405003416099997e-08	0.0	0.0	0.0	0.0	0.0	0.0	0.0	0.0	0.0	0.0	0.0	0.0	0.0	0.0	0.0	0.0	0.0
6296.343631293464	-1.4951143893940753	2.2353670373732184	39643943.12332976	6351.000339910176	-24.42151509255018	40335205.31753917	596.4103994156562	4271.919208579527	6.64991912264577	44.221424337729886	18249293.72463073	4336.557962436121	8185.279595665108	0.950591	21.090536	0.13279165	0.0702749	0.003381602	-0.0496339368	-0.0130933852	-0.0550812129	0.0242470524	0.0606773667	-0.0776413241	-0.0184547733	-0.0260942068	-0.0279267273	-0.0301887009	-0.0689161571	-0.0547845809	0.1202938749	0.0205332949	0.0085580937	0.0127474769	0.0046103212	0.0556467898	-0.0247149441	0.0523401936	-0.0719296125	-0.0464653513	-0.0772215318	-0.0242188409	0.0481708672	-0.0616652731	0.0189579762	0.0251827692	0.0350617558	0.1202235834	-0.0748108266	-0.0530678296	-0.0646142728	-0.0449244472	-0.0592868667	0.0397491651	-0.0799168472	-0.0138572433	0.0042146274	0.0672564945	0.0311692068	-0.0848632037	-0.0180851707	0.0662433207	-0.0399872147	-0.0632240221	-0.0254541076	0.0206340073	0.0151118042	0.0137705656	0.0050211592	-0.0440339836	-0.0374019452	-0.0243545217	0.0238956789	0.0499503343	-0.1389358721	0.0014667048	-0.0090408998	-0.0020880149	-0.0530314709	-0.0341103754	-0.075461879	-0.0616518184	0.0634378933	-0.0875875595	-0.0100912891	0.0412742012	0.0524746203	-0.0415423271	0.0302765057	0.0546289351	-0.0203098236	-0.0249381259	-3.72768e-05	-0.065524464	0.0901138426	-0.0310211716	-0.0557030795	0.1380692927	0.0262199406	-0.0027262927	-0.0443831197	0.0367595623	-0.0517418112	0.0430795914	0.1045034941	-0.0687046041	-0.002055715	0.0721912926	0.0544220479	0.0163678711	-0.0010769724	-0.0488913004	0.0390406514	-0.0448001493	0.0447733775	-0.0276509143	-0.1172388324	0.0133248446	0.012210836	-0.0006852088	-0.0358739905	-0.0641917748	-0.0437143206	-0.0551415894	-0.0692912966	0.0006884353	0.0681806317	-0.0623577271	0.0192895121	0.0014104798	0.0082831131	-0.098156883	-0.053358573	0.0484042897	0.0234062567	-0.0015437136	-0.0961378033	-0.0307396754	-0.0159113941	-0.0506667568	-0.021408366	0.0608315722	0.0518276276	-0.0230095219	0.0747548635	-0.0744450235	-0.0884832846	0.0260984901	0.0002573207	-0.011009783	-0.0124842119	-0.000559677	-0.0254274584	-0.0911961065	-0.0696706969	0.0654143263	-0.04529545	0.0904726601	-0.0449032884	-0.0240196168	-0.0462039323	-0.1013646168	0.0163725551	-0.0050596695	-0.1109439235	0.0429703632	-0.0142106495	-0.0237841062	0.0080838392	0.0473790279	0.0044580274	-0.0526089447	0.0169161166	-0.0171080269	0.0299923153	-0.0338446802	-0.0071835118	0.0029921297	-0.0014269915	0.0421751967	0.0787651591	-0.0515892833	0.0601748323	-0.0405299824	0.0070007526	0.0424033961	0.0425718198	0.0518406535	-0.0702486155	-0.03328443	-0.0418210726	-0.0086865456	0.0704669189	-0.0767022733	0.0205160237	-0.0863999638	0.0384785296	-0.0321528561	-0.0177708579	-0.01979003	-0.0662874792	-0.0569810682	0.0195213846	0.0872139699	0.0272997229	-0.066357672	0.0711923263	-0.0312860138	-0.0290191976	-0.0643327488	0.015996792	-0.0362596624	0.0633820882	0.0327088328	0.0469507559	0.002814826	-0.0748788147	0.0750339538	0.0224828802	0.0811312181	0.0482071518	0.0351787516	0.0584400044	-0.0076277318	-0.0687409308	-0.0852039625	-0.0463233854	0.0226462068	0.0	-0.0302376	0.0125282	0.00091431245376	0.0001569557952399	-0.0227112	-0.0441321	0.00194764225041	0.00051579860544	-0.0866821	-0.0371274	0.0013784438307599	0.00751378646041	0.000783815	0.000621929	3.86795681041e-07	6.14365954225e-07	0.000124893	-2.6299e-05	6.91637401e-10	1.5598261448999998e-08	-0.000399166	0.0001318509999999	1.59333495556e-07	1.7384686200999984e-08	0.0	0.0	0.0	0.0	0.0	0.0	0.0	0.0	0.0	0.0	0.0	0.0	0.0	0.0	0.0	0.0	0.0
6294.467264198345	-1.8763670951184397	3.520753475643211	39620318.1400646	6350.210166126914	-0.7901737832617073	40325169.15398161	0.6243746077541196	4273.667000730882	1.7477921513554977	3.054777404339878	18264229.633136094	4338.152002397555	8256.330801228247	0.990132	21.967833	0.16853214	0.0904084	-0.0130716505	-0.0551291091	-0.0870192026	-0.0354155757	-0.0184731168	-0.0344756115	-0.015709348	-0.0234136317	0.0585943023	0.0386971596	0.0102169945	-0.0496166896	-0.1215279125	-0.0026832708	0.0080426654	0.0229391238	0.0338547843	0.0318598015	0.0309951924	-0.0081285664	-0.0905078892	0.0005521878	-0.0730966157	-0.0684634075	-0.0134856711	0.0326205162	-0.0325710279	-0.1109220775	0.0352129113	-0.0051842938	0.0464346066	-0.0506696701	0.0346426728	0.0134726997	0.05740117	0.0517231737	-0.0271132332	-0.0567854497	0.0061980357	-0.007289253	-0.0361629848	0.029860537	-0.1666214947	0.0219347943	-0.0602076087	-0.0665845413	0.0709712377	0.0353954026	-0.0098510428	-0.0284327048	-0.0631089131	0.0301852438	0.0257288041	-0.0231242732	-0.0626278414	0.0665812742	-0.0292988083	-0.0012657084	0.0833339219	0.0283541988	-0.0620542122	-0.0618563643	0.0265729974	0.0262254512	-0.006237076	-0.1274808242	-0.083565865	0.0124283779	-0.0766560638	-0.0341219899	0.0194143547	-0.0663950276	-0.0595240195	0.0839600458	-0.0239379358	0.0633314364	-0.0387428349	0.0309753476	-0.0496750476	-0.0080082922	-0.05933178	-0.050826832	-0.0874178193	-0.000733599	0.0827867543	0.1320753887	0.0926501089	-0.079336898	-0.0352575486	0.0332054408	-0.0434954956	0.0564771182	-0.0496269854	0.0286682333	-0.068634623	0.0266095599	-0.009954787	-0.0020939387	0.1206162275	0.0964043281	-0.1021536594	0.0340184217	0.0032881898	-0.0679689358	-0.0018974023	0.0840303057	0.0367227137	-0.0097308778	0.0794913015	0.0581963148	-0.0463481445	0.0454207793	0.0518222283	0.0704578096	-0.0289874616	0.0440641077	0.0020633312	0.0542694211	-0.052468908	-0.1141208836	0.0079101282	0.0508468857	-0.0543428249	0.0424390088	0.0160634902	0.0167010248	-0.0039736335	0.0328935396	-0.0263355884	0.0331342135	-0.0005000639	-0.0031688999	0.040645979	-0.0592488987	0.0196302474	0.1005312447	0.0524422304	0.022121135	-0.0367098286	-0.0586219063	0.0160259352	0.0539975126	-0.0769630415	-0.1042784811	0.0714886963	-0.0127676963	-0.0644450718	-0.0473412033	0.0122173642	0.0965330814	0.0091955191	-0.0408169702	0.069742891	-0.0547037185	-0.0768109084	-0.171395758	-0.0198809996	-0.0214057668	0.0079361892	0.0223104898	-0.0421323045	-0.0360256161	-0.0087256439	-0.0078565908	0.0141114061	-0.0268577023	-0.015015275	0.1350717588	0.0218438229	0.0048473416	-0.0981857538	-0.0667195648	0.0876082666	-0.0391551062	-0.0708706131	0.0070990402	0.0509398804	0.031331198	0.0087593003	-0.0806783403	0.0183994255	-0.0157078926	0.0681218444	0.017892322	-0.1194074432	0.0780847337	0.018232463	-0.0434362312	-0.0122326218	0.0445918696	0.005913194	-0.0177292639	-0.0030576288	-0.020015022	-0.0208435345	0.0152888577	0.0443867672	-0.0400206047	-0.0147991809	-0.0369446395	0.1321139453	-0.078469592	0.0444412985	0.0255802548	0.0081706708	0.0576848313	-0.0096542116	-0.0705539577	-0.08439467	-0.0419446829	0.0284821367	0.0	-0.0320114	-0.0017738	0.00102472972996	3.1463664400000088e-06	0.0320758	0.054787	0.003001615369	0.00102885694564	-0.0383536	0.0483284999999999	0.0023356439122499	0.00147099863296	-2.46218e-05	-0.0008084368	6.5357005959424e-07	6.062330352399998e-10	0.000577453	0.00045256	2.048105536e-07	3.334519672090001e-07	-0.000387306	1.1859999999999985e-05	1.5000593763600005e-07	1.4065959999999962e-10	0.0	0.0	0.0	0.0	0.0	0.0	0.0	0.0	0.0	0.0	0.0	0.0	0.0	0.0	0.0	0.0	0.0
6286.176094961623	-8.291169236722453	68.74348731197279	39516009.89686696	6395.2885502220215	45.07838409510714	40899715.64060088	2032.0607126260084	4275.671246022324	2.004245291442203	4.01699918826824	18281364.60406209	4341.612607048553	8091.11749458081	1.211914	26.888453	0.13051299	0.0677049	0.0468898862	-0.0645400909	0.0635448567	0.0861556499	-0.0487273281	-0.0393893626	0.0187770045	-0.0419595789	-0.0052928341	-0.1044132655	0.0827103429	-0.0188006792	-0.0611262805	0.0552969933	-0.0730512525	0.0106961101	0.0819570737	-0.1050532718	-0.0488788299	0.0586780168	0.0144665248	-0.0134470504	-0.0189548006	-0.0316302172	0.0886602525	-0.0093096962	-0.0420699026	0.036750534	-0.0758999317	-0.0480945997	-0.0222574311	0.022638163	0.0362579889	0.0181164366	0.0206558371	0.0491379092	-0.0579279211	-0.0382310014	-0.04389939	0.0120124809	-0.0511729543	0.0716054333	0.0639932655	0.074950738	0.0285809197	0.076944266	0.1083368889	0.1480580348	-0.0309593809	-0.097891291	-0.0157113855	-0.0772897513	-0.0860787995	-0.0186228628	-0.0893551432	-0.0891982309	-0.0664489824	-0.0180518206	-0.0535381916	0.0419143939	-0.0092976973	-0.009630359	0.0489293492	-0.0439915832	0.0144942256	0.0034440308	0.0265534566	0.0772042762	-0.0854462327	0.0396727044	0.0993287203	0.0182422992	0.0255868671	0.0271495681	-0.024144403	0.1545288316	-0.009306646	0.0385552715	-0.0027120576	0.0115127039	-0.0041748359	-0.0351247712	-0.0490489406	-0.0303602205	-0.0950347701	0.0448138768	-0.0230465877	-0.1090280386	0.1252518821	0.0345597313	0.0327483498	-0.0533335249	0.0307422336	-0.060091321	-0.092943644	-0.0027525989	-0.0375736093	-0.0312420682	-0.0298385838	0.0077808306	-0.033544796	0.0617181138	-0.0662777027	0.0836032662	-0.0045602784	-0.0213728511	0.0812862005	-0.0139660419	-0.0340038619	0.0830794417	-0.0221319741	-0.0835297397	0.0001323458	-0.0754711131	-0.0216298776	0.012415602	0.0166880244	-0.0042908277	0.0218262283	-0.0146420254	0.0221140075	-0.0101880265	0.0504569764	-0.0380532405	-0.0016448516	-0.0708108992	0.0645632705	-0.1407143553	-0.0100280089	0.1050028495	-0.198332572	0.0015069325	-0.0541186919	0.0649075263	-0.039422553	0.1330007191	0.0067422168	-0.0072579162	0.0114362032	0.0614746981	0.0400344413	-0.0848300783	0.0106427733	-0.0496924887	0.0245876458	0.0177698688	0.0663650504	0.004189055	0.0089566119	0.0119238826	-0.0630949572	0.0053312655	-0.0013271788	-0.0417099214	-0.0739482658	-0.00630884	0.0232662383	-0.1264294899	0.0231424909	-0.0149178996	-0.1054580222	-0.0359674605	0.0616527413	0.029869352	0.0226290314	0.0159390719	0.0174181215	-0.0151529015	0.0897873793	0.0436086949	0.0531626125	0.0396067081	-0.0777845933	0.0550108725	-0.0298864161	-0.0002790969	-0.0100009966	-0.0426152855	0.0614947389	0.0059764215	-0.0360072184	-0.0579082673	-0.0752797112	0.0247590145	-0.0325728294	0.0244523525	0.0778904406	0.0039938749	0.0985270062	0.0534265553	0.0022733741	0.0106020737	0.0022746685	-0.0261509295	-0.0315497611	-0.0574648437	-0.0114013622	-7.63552e-05	-0.0172435297	-0.0231300908	0.0405215549	0.0799082156	0.0773313739	0.053204411	0.1387815648	0.056921672	-0.0116753453	-0.0722790832	-0.0833984678	-0.0374208465	0.0341761699	0.0	-0.0290019	0.0030095	0.00084111020361	9.05709025000001e-06	0.0027202	-0.0293556	0.00086175125136	7.399488039999999e-06	-0.0838746999999999	-0.0455210999999999	0.0020721705452099	0.0070349653000899	0.000546096	0.0005707178	3.2571880723684004e-07	2.982208412160001e-07	0.000123408	-0.000454045	2.0615686202500006e-07	1.5229534464e-08	-0.000359533	2.7773000000000037e-05	1.29263978089e-07	7.713395290000017e-10	0.0	0.0	0.0	0.0	0.0	0.0	0.0	0.0	0.0	0.0	0.0	0.0	0.0	0.0	0.0	0.0	0.0
6286.338525158103	0.1624301964802725	0.0263835687286199	39518052.05288696	6368.007248750779	-27.28130147124284	40551516.32014246	744.2694099648368	4273.617831486321	-2.0534145360034017	4.216511256670065	18263809.369597845	4341.740293276888	8163.019995422549	1.343182	29.800879	0.0780946099999999	0.0394754	-0.0238378958	0.0048561458	-0.0857692869	0.0510914144	0.0503104389	0.05534916	-0.0572986116	-0.0410729161	0.0204295459	0.0131160677	0.046639466	0.0372128983	-0.0464275513	-0.0692455886	-0.1392809367	-0.0354506526	-0.0085124369	-0.0141350209	0.0126697428	-0.0920628083	-0.0162723567	-0.0681004349	0.0089861942	-0.0558861587	0.0535346979	0.1077285844	0.1120626174	0.0762273738	0.0603317297	0.046710918	-0.0115925167	0.0475444582	0.0350335969	0.05231025	0.0437374982	0.0471548	0.053635841	-0.0120368127	0.052217493	0.072314152	0.0664490993	7.74684e-05	-0.0906010765	0.1364640355	-0.0007364372	0.0022739658	-0.0282921777	0.0218096127	0.0680444959	0.0019587541	-0.0032127934	-0.0682122001	0.0678007618	-0.0365516681	0.0806070439	0.0434429604	0.0213470602	-0.0196425077	-0.0238292603	-0.0398545649	-0.0524864367	0.0007249047	0.005124449	-0.0477489101	0.0189073793	0.1054482315	-0.0273074014	0.0879378598	0.0168655926	-0.0029422161	0.0393590429	-0.0630050591	0.0551355682	-0.0357900023	-0.0832631184	-0.0707655922	-0.0464455227	0.1493465282	-0.0390166186	-0.0510621386	-0.014982959	0.090120851	-0.0106047988	-0.0171124922	-0.1251241456	-0.0741373952	0.0546025522	0.0111960764	0.0146559078	0.063539027	0.0454167768	-0.03112445	-0.0034473795	-0.019566711	0.0570936373	0.0084367228	0.0236574997	-0.0135448277	0.0120313947	0.0580247706	0.0164893736	-0.0296946897	0.0217498159	0.0385707267	-0.0592803937	0.0657811405	-0.055736938	-0.0310168306	-0.0301115506	0.0669870164	0.0747051864	0.0345092882	0.133556354	0.0025611814	0.106445131	-0.0330739815	0.1123628681	-0.0346605823	-0.1029157916	0.0167783928	0.0223805527	0.0057235467	0.0209017397	-0.0280021475	-0.0724698521	0.0335942306	0.0613891501	-0.0559157435	-0.0091012502	-0.0558202881	-0.0165417026	0.0279703389	-0.0480132872	0.045309431	0.068984909	-0.0157457682	-0.0654914008	-0.06719547	0.0108893043	-0.0420657708	-0.0128886417	0.0428664285	0.0149584468	-0.0540700249	0.0225963025	-0.0230703747	-0.0883216862	-0.0998260703	0.0705384811	-0.0344643669	-0.0839143018	-0.0273180267	-0.0159592737	-0.0273338435	0.0997433461	0.0168247799	0.0463341852	-0.0042628566	-0.0451003511	-0.1052951607	-0.0262705899	0.0037263579	0.0093012688	0.0111516432	-0.0290928864	0.0194076765	-0.0070885475	-0.1042221879	0.0156854878	-0.0312345491	0.0668810634	0.0183122103	0.0196248677	-0.0413294034	-0.1027174793	0.0149486784	-0.0611178104	0.0858660734	-0.0673006645	0.0002124318	-0.0127576077	0.0206716368	0.0585557325	-0.0702405273	-0.0683379369	0.007383149	0.1040788008	0.0555511392	0.00432548	-0.0586867837	-0.1221097284	0.032729142	0.0518387073	-0.0357193897	-0.0358478736	0.0587170813	0.0046727924	-0.0066742223	0.0181151533	0.0064225715	0.0052869187	-0.093002534	-0.0388004736	0.0168816855	-0.0611713959	0.0561506324	-0.0136900138	-0.0739141579	-0.0822175621	-0.0327675292	0.0396999392	0.0	-0.0170947	0.0119072	0.00029222876809	0.0001417814118399	-0.0254627	-0.0281829	0.00079427585241	0.00064834909129	-0.0761542	0.0077204999999998	5.9606120249998366e-05	0.00579946217764	0.000960876	0.00041478	1.7204244840000004e-07	9.23282687376e-07	4.44758e-05	-7.893220000000001e-05	6.230292196840001e-09	1.97809678564e-09	-0.000247565	0.000111968	6.1288429225e-08	1.2536833023999998e-08	0.0	0.0	0.0	0.0	0.0	0.0	0.0	0.0	0.0	0.0	0.0	0.0	0.0	0.0	0.0	0.0	0.0
6279.199965356514	-7.138559801588599	50.95903604085666	39428352.20493325	6370.231666760567	2.2244180097886783	40579851.48819912	4.948035482272225	4270.080737312384	-3.537094173936566	12.511035195296	18233589.50316628	4337.237065509685	8085.891303245748	1.148076	25.472094	0.12200896	0.0642062	0.0403099905	-0.0517962475	-0.0294875564	0.024543244	0.0032618614	-0.0458049489	-0.0360251627	0.061430525	0.075296623	-0.045413689	-0.0509127872	-0.0686324318	-0.0857342889	-0.0603924458	-0.0419801002	0.0447441515	0.0218150182	0.0253516551	0.053899478	0.0203160259	-0.0103368589	0.0217287684	-0.0602125997	-0.0631457938	0.1021433674	0.0231754199	0.0534250286	-0.0077218696	0.0946908176	0.0023417028	0.0231722924	-0.028852582	0.0293670872	-0.0082990994	-0.0353040796	-0.0563056211	-0.0349040444	-0.0246772264	-0.0814468301	-0.0153229067	-0.0259950569	0.0363162231	-0.0023488363	0.0056076485	0.0834588912	0.01206437	0.0099461737	-0.0545833083	-0.0594462217	-0.0330367769	0.0376516539	1.58537e-05	0.0275911494	0.0259896829	0.0737414219	-0.0191905674	-4.80689e-05	-0.0283177475	0.0300335335	0.0781605889	-0.0244203933	0.0639341053	-0.1899353838	0.0722315997	-0.091696017	0.0870400971	-0.0649525008	0.0328713	0.0691588667	-0.0335916701	-0.0257533685	0.0104368014	-0.0080465563	0.0248230006	-0.0241315488	0.0506153853	0.0185552845	-0.0141759631	0.1242492717	-0.1239650612	0.0017900984	0.0537747509	-0.0712287305	0.0663998071	0.0293223162	-0.0227460653	-0.0402717635	-0.0697511928	0.0116847067	-0.0971109579	0.0788142631	0.0368769659	0.0114468171	-0.0586360596	0.027175299	-0.0428118772	0.006250529	0.0660407703	-0.09732523	0.073933992	-0.0480662249	0.0371025699	0.0240858591	-0.0239635789	-0.0311009591	-0.0328814554	0.0465400594	0.0416615289	0.0722174051	0.1091166892	0.0980581133	0.0589856287	0.0604241667	0.0085102098	-0.034752928	0.0358770109	0.0299825551	0.0323204027	0.0125047238	-0.0511436347	-0.0019903774	0.0456886437	1.29037e-05	0.0127380251	0.0709720382	-0.1010771993	-0.0676762801	-0.0326518023	-0.0173675646	0.0022423299	-0.0120611679	0.0358620096	0.0006215325	-0.0087368611	-0.0191295146	-0.0274870526	-0.0555143304	-0.0106473102	-0.0170405604	-0.0180284235	-0.0561409613	0.0231051317	0.0077836971	-0.0280399123	-0.1281012315	-0.0171530787	0.0378940233	0.0430882059	-0.0457084763	0.0587921348	0.0899195299	0.0761807606	0.026081053	0.1192359883	0.0735312087	-0.0346246059	0.0543537924	0.0079287525	0.0415983374	0.0257081359	0.0751255706	0.0067701424	0.0308050536	-0.092919297	-0.0813453078	-0.010243014	-0.0317734328	0.0701636341	0.0146063435	0.0325478366	0.1154260271	0.1304119239	0.0087094759	-0.0157336053	0.0204265865	-0.0411048495	-0.0759819	-0.0110442312	0.0082947279	-0.0282747552	0.0226656183	-0.0499457838	-0.0108409371	0.0306779916	-0.0869864087	0.0191549696	0.004636397	-0.061837198	-0.0359452243	0.0578718061	-0.0363735446	0.0437312075	0.0013936944	0.1053714659	-0.0441255488	0.0082209371	-0.0458703217	-0.0426860629	-0.0185264552	0.1320194385	0.0216530888	0.0515527226	0.0838296388	-0.1128572655	0.0797165418	0.0553718191	-0.0156971013	-0.0754571448	-0.0808545682	-0.0280008321	0.0450259254	0.0	-0.0365095	-0.0194148	0.00133294359025	0.0003769344590399	0.0254134	0.0508761	0.00258837755121	0.0006458408995599	-0.0575324	0.0186218	0.00034677143524	0.00330997704976	0.000514284	-0.000446592	1.99444414464e-07	2.644880326560001e-07	0.000189982	0.0001455062	2.1172054238440003e-08	3.6093160324e-08	-0.000317392	-6.982700000000001e-05	1.00737681664e-07	4.875809929000001e-09	0.0	0.0	0.0	0.0	0.0	0.0	0.0	0.0	0.0	0.0	0.0	0.0	0.0	0.0	0.0	0.0	0.0
6266.052454873036	-13.147510483478072	172.85703191316583	39263413.3672204	6365.630566632306	-4.601100128261351	40521252.51084353	21.17012239028662	4264.876272848545	-5.204464463839031	27.08645035536329	18189169.6227065	4333.657301315752	8065.9864292376815	1.054468	23.395243	0.1006374649999999	0.0560358	0.0076412488	0.0151442675	-0.0356103414	0.0242492775	-5.29919e-05	-0.0600138459	0.0267277173	0.0098853682	0.0203859724	-0.0597716902	0.1025463622	-0.0447831753	0.0038012073	0.0495267627	-0.1342135146	0.0309864533	-0.0343941771	-0.0199097768	-0.0607177868	0.0133262919	-0.0121760827	-0.0511983212	0.0216390273	-0.0103445586	0.0497793073	-0.0082917314	0.0308830657	0.0244372485	0.0323421811	0.0364376146	0.0279764431	0.0559806737	0.0179558731	-0.0289458387	-0.0172625472	0.0369980485	-0.0079829285	-0.0945687821	0.0255425845	0.0556522038	-0.0098442699	0.0458807929	-0.0571163215	-0.1049876939	-0.0049741136	-0.0034686439	0.0407876295	0.0937749628	0.0452764456	0.0539907398	0.0371321704	-0.020073837	0.0298534326	-0.0725060833	0.020873918	-0.0377237322	-0.0886500834	-0.0161748666	-0.0559843272	-0.029473615	0.1080949153	0.0177697169	0.0311653998	0.0347997583	0.0246843312	0.0429274154	0.1215965235	-0.1021095747	0.0516385652	-0.0542033226	-0.0132454309	-0.0170798944	-0.0298764875	-0.0748297155	0.0172460491	0.0146330481	0.0514778819	-0.0463308258	0.048881617	-0.0970022916	-0.0201165114	-0.132269073	0.0990611436	0.0491628054	-0.0005578616	0.0451977145	-0.1774009555	-0.0685220539	-0.0639326286	0.0898847766	-0.0478607747	-0.0080368651	0.0321408777	-0.0758147189	0.1045503444	-0.0344780032	-0.022024647	0.0188668739	-0.0929219531	-0.0803363511	-0.0613158213	0.0186425447	0.0263223116	0.0389319327	0.0539842211	0.016280914	0.0312642249	-0.0201916082	-0.0826590762	0.0594429225	0.0498217933	-0.0327037231	-0.0211372767	-0.0125658709	-0.0826755837	-0.031244652	-0.0070920858	-0.017399299	-0.0568637211	0.0678038201	-0.049871333	0.0779679521	0.0078623165	-0.0476259878	0.0060111121	-0.0302697266	0.0118864222	0.0203039322	-0.0547958673	-0.0723096662	-0.0826578681	0.0427788182	0.1086702628	-0.095801349	0.026279925	0.0654790256	-0.022376419	0.0392320345	0.020499244	-0.0085442381	-0.0337400372	-0.0432702791	-0.0757627942	0.0493135092	0.0862141106	-0.0368110987	0.0048720716	0.0018450139	-0.0548358999	-0.0779156909	-0.0514475316	-0.0116186529	4.58342e-05	0.0205907817	0.0599503171	0.0616202604	-0.0340328691	-0.0194572637	0.0530374418	0.0883895825	0.0885397257	0.0075028289	-0.0378667432	0.0093271825	-0.0441323968	0.0333061863	0.0210001512	0.0400662981	0.0334980485	-0.0096766606	-0.0480238312	0.0436113536	-0.0649772309	0.087053721	-0.0217118912	-0.1033350432	0.1021674074	-0.0557065279	0.1562550753	0.1097824962	0.0234518252	-0.0017946717	0.0174398929	-0.0353765757	-0.0342858355	-0.0250216107	0.0644822442	-0.0090448027	0.1013341448	0.0032449853	-0.0647715506	-0.0275988876	-0.0283817805	-0.0298260938	-0.0283817786	0.0066946365	-0.0362081162	-0.0021248865	0.0454333087	0.0463680505	-0.1059506283	0.056156763	0.0061702859	0.0523290414	0.0008855313	0.0545853399	-0.0176954965	-0.0769061215	-0.0793125049	-0.0231372486	0.0501275948	0.0	-0.0301313	0.0063782	0.00090789523969	4.0681435240000005e-05	-0.0168433	-0.0422566999999999	0.0017856286948899	0.0002836967548899	-0.0769382	-0.0194058	0.00037658507364	0.0059194866192399	0.00101348	0.0004991959999999	2.49196646416e-07	1.0271417104e-06	5.70677e-05	-0.0001329143	1.7666211144490002e-08	3.25672238329e-09	-0.000337217	-1.9825000000000008e-05	1.13715305089e-07	3.930306250000003e-10	0.0	0.0	0.0	0.0	0.0	0.0	0.0	0.0	0.0	0.0	0.0	0.0	0.0	0.0	0.0	0.0	0.0
6271.452739129534	5.400284256497798	29.16307005097798	39331119.45913534	6348.329286754641	-17.301279877665365	40301284.733066685	299.3342854053085	4261.5872605697805	-3.289012278764858	10.817601769866004	18161125.979450647	4328.643617359643	7951.08736408772	1.036438	22.995199	0.164031515	0.0853320999999999	0.0404374975	0.0263227854	-0.023599849	-0.0129469493	0.0427473251	0.0048669222	-0.0322357567	0.0042806767	-0.0398685103	0.0332171265	-0.0228867275	-0.0370823776	0.098335849	0.0449956532	-0.0161051195	0.0759717191	-0.0602105363	0.0335241564	0.0060399863	-0.055062333	0.0012489753	0.0172437022	-0.0829854736	-0.0218270457	-0.0598039106	0.0230392237	0.0217820931	-0.0595995898	0.036041372	-0.0241251469	0.0511247637	-0.0084246545	-0.016225025	0.083071449	-0.0231190675	0.0085028171	0.0117131404	-0.066691048	0.0493945601	0.0937962908	-0.0414862252	-0.035259164	-0.0206568139	-0.0754226508	0.0553036067	-0.0412928017	-0.0924510871	0.0754786268	0.0098657639	-0.0799941996	-0.0070905994	-0.0046442443	0.0379698353	-0.0011977719	-0.0149139719	0.0976648514	-0.0269985911	0.0717338902	0.111890761	0.0587263923	-0.0384078752	0.0158786921	-0.090439998	-0.0011229724	0.0028171954	-0.0383492453	0.0548639935	-0.014586934	0.0951045752	0.1055832163	0.0342605266	0.0819632697	0.0122553713	-0.0059709441	-0.1177672904	0.0659114564	0.0054017543	0.0010573502	-0.0737532304	-0.0330883466	0.0340235952	0.0116339645	-0.0053392041	0.1053941366	-0.0527450884	0.0007057651	0.0622329654	0.0212299037	0.094362083	-0.0440831217	-0.0486688607	0.0628158935	-0.152359919	0.0385954997	0.0451320014	0.0079951578	0.0125792278	0.0223540741	0.0136057833	0.0267853716	0.0133673968	0.0269376192	0.0748864731	-0.0018026852	0.0267155443	-0.0039513194	-0.0730993206	-0.0239609617	0.0755423607	0.0275212673	-0.0240117784	0.0414597872	0.0167954369	0.0453811335	-0.0637256582	-0.0323753993	0.0180638432	0.0178508202	-0.0650247234	0.0208443429	-0.0345408106	-0.0348511992	-0.0182832446	0.092668244	-0.0436679395	0.0126103461	0.0042922061	0.0846801324	-0.0762050836	-0.0134229214	-0.015400473	-0.0312636361	0.0512884594	0.0243604733	0.0691078244	0.0411955099	0.0889882616	0.0198943115	0.0260132365	-0.0320264097	0.0104141715	0.0836470098	0.0386121775	0.0721852067	-0.0568328352	0.0290349951	-0.0422966808	-0.0321298006	0.0790679137	0.0163812304	0.0606134796	0.1129123297	0.0785822469	0.117010228	-0.0461271233	0.0614180677	0.1118868787	-0.1082233579	0.0660824121	-0.0523411147	-0.0884351982	0.071061988	0.033819945	-0.0137415494	-0.0731853218	-0.0236192256	-0.0014650923	-0.0168700498	0.0017369258	0.0439069044	-0.0148621983	-0.0508342895	-0.0391023231	-0.0237097379	0.0421860805	-0.0575951459	0.0530876425	-0.0116265423	-0.1085921444	-0.0067430813	0.0771571886	-0.0335230077	0.0307086218	0.0484794629	-0.0655536637	-0.0304477943	0.0178472882	0.0721088258	-0.0734846128	0.0011240817	-0.0069486562	-0.0193152522	-0.0047177387	0.0735536606	-0.0468754017	0.0418511459	0.0140193355	0.0033040562	0.0984518873	-0.0191546715	0.0283905228	-0.0162450116	0.0578734044	-0.0444108327	0.06117606	0.0537913037	-0.0196840927	-0.0782592828	-0.0775947873	-0.0181936073	0.0549795309	0.0	-0.0394003	-0.009269	0.00155238364009	8.591436099999999e-05	0.0374564	0.0542997	0.00294845742009	0.00140298190096	-0.0341089	0.0428293	0.00183434893849	0.0011634170592099	0.000237747	-0.000775733	6.017616872890001e-07	5.6523636009e-08	0.00040207	0.0003450022999999	1.1902658700528997e-07	1.616602849e-07	-0.000369152	-3.193499999999997e-05	1.36273199104e-07	1.019844224999998e-09	0.0	0.0	0.0	0.0	0.0	0.0	0.0	0.0	0.0	0.0	0.0	0.0	0.0	0.0	0.0	0.0	0.0
6282.058306278602	10.60556714906761	112.47805455338208	39464256.563483976	6352.375971258875	4.04668450423469	40352680.48022714	16.37565547681316	4265.607153335706	4.019892765925761	16.15953784954226	18195404.38658875	4330.619525887202	7973.79980456684	1.006176	22.323799	0.186236	0.0945686	0.0358112061	0.0069942454	0.0073636816	-0.1002431224	-0.0702188149	-0.0121712753	-0.0036488588	0.0615303508	-0.0530930303	-0.023011091	-0.0031256245	-0.0586572826	0.0438563945	0.0522731672	0.0040858486	0.0612975408	-0.0158744238	0.0708491089	0.0333320897	0.1244419207	0.0795920567	-0.043059992	0.0049584717	0.0016592025	-0.013480981	-0.013792851	0.0274090094	-0.0315993844	-0.0173426864	-0.0883328995	-0.0527297229	0.0400080714	-0.0180081159	-0.0308477218	-0.0868229023	-0.013560992	0.0345862219	0.0070984173	0.0343668484	0.0221629516	-0.0418001341	-0.0276563964	0.0173179122	-0.046568888	0.1527077369	-0.0677687587	-0.102450106	0.0704394011	-0.0833879975	0.0821639592	0.0274540156	-0.0495733986	-0.0131926154	0.0742740118	-0.0319586434	0.0083240765	-0.0437019726	-0.0587598467	0.0084197574	-0.0018993864	0.0306731026	-0.155536667	0.0190789514	0.0159229535	0.0737339752	0.0173117366	0.107359327	0.0645019283	-0.0617025616	0.007516141	0.0165488518	0.0437068635	0.0238534206	0.0181968977	0.0438069321	0.1190032676	-0.0993374157	-0.0572953347	0.0892051818	-0.027740545	-0.0664268075	0.0998002827	-0.010476379	-0.1134121555	0.0209445976	0.1011703801	-0.0223658342	-0.0186102564	0.039543909	0.0318854848	0.0108542374	-0.0687204078	0.0416840959	0.0085999665	0.0514667036	-0.003874064	0.0396908027	0.003729085	-0.100498771	-0.0202471944	0.012464879	0.036532607	0.0126629127	-0.1004635167	0.0550874427	-0.1269490829	-0.0020028395	-0.0339416528	-0.0194122239	-0.0101481543	-0.0519116546	-0.0383107929	0.0074671897	-0.074029786	-0.007372155	0.0942367368	-0.0340130723	-0.0020667269	0.0023080421	0.0193794103	-0.0624706571	-0.0480593809	-0.015627703	0.0342392235	0.0144607082	-0.0337197549	-0.0235760642	0.0003380769	-0.1059627204	-0.0438607672	-0.0777068229	-0.1048490054	0.0304273902	0.0593357134	-0.040497423	-0.1201050747	0.0620928365	0.0610574802	0.1110734346	-0.0304749457	0.0695765402	0.0175298604	0.0334689969	-0.0497100213	0.0281327342	0.0485211338	0.0637417443	0.0027598756	-0.1480006101	-0.004066808	-0.0704589156	0.0568129749	0.0224504091	0.0392394617	-0.05669665	-0.0212586264	-0.0291505786	-0.0927502993	0.0223570729	-0.0678465546	-0.0209735627	0.0060249023	-0.0533322131	0.0013386118	0.0808163184	-0.0049911245	-0.1193942568	-0.0260577072	-0.0096174726	-0.039474123	0.1129348115	0.0705483812	0.0141146123	0.0117524591	-0.0621426658	0.0680357837	0.0231510988	0.0188533646	0.0104207109	-0.0516657611	-0.0443407016	-0.0276592731	-0.0379899933	-0.0336961535	-0.0191613726	-0.0196795412	0.0593198182	-0.1041628612	-0.0310645859	0.0309742611	-0.0027990095	-0.0242000381	0.0580859621	-0.0485591953	0.0024655415	-0.0019366207	-0.0152346559	0.0023685603	-0.0659457525	-0.0293041417	0.0544730689	-0.0183365716	0.0813131359	-0.0339045728	0.0303784282	0.0529898205	-0.0216617888	-0.0795149427	-0.0757052197	-0.0131870138	0.0595575618	0.0	-0.0348793	0.0045209999999999	0.00121656556849	2.043944099999997e-05	-0.0150964	-0.0525528	0.00276179678784	0.0002279012929599	-0.0951832	-0.0610743	0.0037300701204899	0.0090598415622399	0.000917696	0.000679949	4.62330642601e-07	8.421659484159999e-07	-0.000111225	-0.000513295	2.63471757025e-07	1.2371000625000001e-08	-0.000200638	0.0001685139999999	4.0255607044e-08	2.8396968195999992e-08	0.0	0.0	0.0	0.0	0.0	0.0	0.0	0.0	0.0	0.0	0.0	0.0	0.0	0.0	0.0	0.0	0.0
6299.328991989291	17.270685710689577	298.27658491741715	39681545.74931682	6360.423272113854	8.047300854978857	40454984.20044751	64.75905105054345	4267.659885709553	2.052732373846993	4.213710198639512	18212920.90009448	4331.027279537164	8180.994940516432	1.08968	24.17647	0.1610573	0.0805076	-0.0124340606	-0.0264477583	-0.0643285048	-0.0372723047	-0.0831824534	-0.0361497615	0.0141730247	-0.0361925145	-0.0497812422	0.1099548064	0.0066504993	0.0586874047	-0.0045207449	0.0432741409	0.0410693902	0.0469550332	0.0013620529	0.0751067046	-0.127970325	-0.0194672587	-0.0095975718	-0.0363534543	-0.0574377123	0.1308207958	0.0276920078	0.028608048	-0.0191516945	-0.0031429712	-0.0166223767	0.1624561715	0.1276176643	-0.0683876	0.0790850906	-0.0131060092	-0.0238118579	0.0121405142	0.0350524036	0.1154897209	-0.073600651	0.0424498187	-0.0471147598	0.064565861	0.0403019942	0.0051109699	-0.0294490893	0.0252954511	-0.0068052708	0.0037965123	-0.0020204168	0.0169017959	0.1018489535	0.0814965731	-0.1458199376	-0.0703296554	-0.1021730944	-0.0515446201	-0.0231556208	-0.0216350032	-0.0226201596	0.0545809456	-0.069751236	0.0271664808	-0.0835510343	-0.0226360619	0.0804874902	0.0239893498	0.002430828	-0.0125695076	0.0839355021	0.0624642204	-0.0226652795	0.0842011045	0.0410091697	0.0441056797	-0.0786976212	0.1258808401	0.0457807321	0.0681905735	0.0288091826	0.0438823517	0.0579547453	0.0839335787	-0.0694235727	0.0477529618	0.0093343384	0.0261033783	0.0071147753	-0.0300149247	0.0241189885	-0.0664372263	-0.0049026878	0.0191974916	0.1084205234	0.0626618085	-0.0351034007	0.0082207156	-0.11220911	-0.0418147084	0.0542858462	-0.0458687481	-0.009030307	0.0673475141	-0.0304499567	-0.0534220309	0.1285681764	0.0688368135	-0.0775341397	-0.0422916705	0.0286421624	-0.0576022295	0.0481052651	0.0211235381	-0.0188708777	0.0339371347	-0.0344877605	-0.1210219401	-0.0317645346	0.0309878404	0.0349397018	-0.0613952408	0.0193586852	0.0043952473	0.0305536129	0.0492410779	0.1070280097	0.0212469932	-0.0238888206	-0.1143246334	-0.0813026923	0.0464710431	0.0368015079	0.0854085339	0.0605546008	0.0139509533	-0.0230179161	0.0529289907	-0.0630135061	-0.1010621623	-0.026677988	0.1342946885	0.138419652	-0.1185121054	-0.0490391788	0.0961000407	-0.0072638853	-0.017089163	0.0009747231	-0.0007230155	-0.0721405809	-0.0440147667	0.0436928743	-0.005912879	0.074142239	0.0394319686	-0.0563812041	-0.0048616516	0.0532343129	-0.0326853041	0.0066548168	-0.0224498897	-0.0858368667	-0.029056945	0.0498604641	0.0556554864	0.069948817	-0.1315971181	-0.0500676481	0.0706134293	0.0085893805	0.1034508015	0.058127529	-0.0172696976	-0.0240998356	-0.0263932611	0.0351670377	-0.0099208653	-0.028324574	0.0141509361	-0.0661262475	-0.0398355722	-0.0020359478	-0.0060494178	0.0587920032	0.027397423	-0.0511206269	0.0336001152	-0.0338599361	0.042218031	0.0430985622	-0.0035642929	-0.0352360582	-0.1195565233	-0.0218072927	0.0778584126	-0.0705118797	0.0646151439	-0.0359908522	0.055699933	0.0255811711	0.0146749019	-0.0109784469	0.0839229143	0.0705978958	0.0925589278	-0.0069164146	0.0521810011	-0.0236274896	-0.0806715369	-0.0736479869	-0.0081347916	0.0638388799	0.0	-0.0427556	-0.0078762999999999	0.0018280413313599	6.203610168999994e-05	0.0295831	0.0446795	0.00199625772025	0.00087515980561	-0.0445947	0.0505884999999999	0.0025591963322499	0.00198868726809	0.000297154	-0.000620542	3.85072373764e-07	8.8300499716e-08	0.000310892	0.000422117	1.78182761689e-07	9.6653835664e-08	-0.000316239	-0.000115601	1.0000710512100001e-07	1.3363591201000002e-08	0.0	0.0	0.0	0.0	0.0	0.0	0.0	0.0	0.0	0.0	0.0	0.0	0.0	0.0	0.0	0.0	0.0
6305.15329457558	5.824302586288468	33.92250061664654	39754958.068097286	6379.581777980185	19.15850586633041	40699063.66193681	367.0483470302169	4279.424934339102	11.7650486295488	138.4163692556481	18313477.768643223	4342.899207061471	8143.443802084076	1.21874	27.039898	0.16276125	0.0869121999999999	0.0356319795	-0.0985038932	0.0158059334	0.015665188	-0.0237076005	0.0723091373	-0.0631734101	-0.0465206201	-0.0729141989	0.0317534892	-0.0054067395	-0.1251767559	-0.0430385427	0.0247172206	0.0275450381	-0.0189162549	0.1005669554	-0.0149490702	0.0365756973	-0.0537236356	0.1044549722	-0.049534198	-0.0679144838	-0.0502004327	-0.0973676109	0.0533593197	-0.1015456429	-0.025539555	0.0106967255	-0.0516866686	-0.0876115282	-0.0006526471	-0.0671625949	0.0242978475	-0.0124015718	0.0387835558	-0.0601999237	0.1596937238	-0.012590717	0.0366059365	-0.0171584863	0.046759807	0.0007956447	-0.0485329163	0.0152609762	0.1641495959	0.0055883746	-0.0732814531	0.0238882522	0.0238647885	0.0551399292	0.1142600845	0.0165936176	-0.0020042143	0.0635389559	0.0176122569	-0.0119694828	-0.0466574133	0.0498563475	0.0445387333	0.0034756121	-0.0542344526	0.0284464636	0.0234466575	0.001663017	0.0592479439	0.0214477566	0.0468909287	-0.05645867	-0.0691786579	0.006303567	-0.0082007042	-0.0557857734	-0.0796772068	0.0536002639	-0.0119370365	-0.0335072745	0.0021553363	-0.0919099929	-0.0274224661	0.048148232	0.0795082407	0.1348901303	0.030870522	0.0638302419	0.0221460671	0.0020744615	0.0782167094	-0.0578311943	-0.0418480221	-0.1527003651	0.0067561066	-0.0802061621	0.0286336544	-0.0268817391	-0.029738766	0.0081686481	-0.1309771022	-0.1070828208	-0.0447103727	0.1403501282	0.0390225557	-0.0715968972	0.0015798093	-0.078263652	-0.0274295964	-0.1057086235	-0.0519347642	0.0231523629	0.0592013392	-0.1627285917	-0.0907938251	0.0426023671	0.0500742665	-0.0347838782	0.0382161089	0.0544612411	-0.0104566648	0.1197240166	0.019781983	0.0483718939	-0.0207515352	0.0466854053	0.0465994473	-0.0300452006	0.050374234	-0.0405478484	-0.0305577139	0.0582597798	0.0829693124	0.0397406114	-0.0523384536	-0.028760127	-0.0127039523	-0.142284302	-0.0040597938	-0.0235984189	0.0163320685	0.0157805553	-0.050806866	-0.1062384412	-0.0046179726	-0.088370933	0.05525135	0.0515995906	-0.0408886976	-0.0534617143	-0.0293103467	-0.1131295911	-0.0055148711	0.0576052959	0.0354764854	0.0920551566	-0.0394458016	0.0396544534	-0.0085905669	0.0240271261	0.0715634842	0.012987883	0.0154620423	-0.0183199431	0.0846708821	0.0094650738	-0.039196625	0.0504008098	0.1371852961	0.0274816335	-0.0923482656	0.0057006064	-0.0661388408	0.1251987763	0.0107414264	0.0110547538	-0.0067961027	-0.0038103417	0.0421460928	0.0529633888	0.0126099112	-0.0420575574	0.0539636382	0.0843580348	-0.0506402055	-0.0757194035	-0.0492079515	-0.0262254045	0.0207990996	0.010531129	0.0563455226	-0.0404970241	0.1346371831	-0.006625491	-0.0302304344	0.0057820548	-0.042289478	0.0307357431	0.0199995521	0.0909096864	-0.0367866046	0.0895125003	-0.0168984881	0.0836975835	0.0286129962	-0.0001887505	-0.0330220564	-0.0286073694	0.0513649577	-0.0255801066	-0.0817276244	-0.0714276451	-0.003054422	0.067802156	0.0	-0.042824	-6.840000000000318e-05	0.001833894976	4.678560000000435e-09	-0.00759905	-0.03718215	0.0013825122786225	5.774556090250001e-05	-0.103316	-0.0587213	0.00344819107369	0.010674195856	0.00109068	0.0007935259999999	6.296835126759998e-07	1.1895828623999998e-06	-0.000140351	-0.000451243	2.0362024504900007e-07	1.9698403201000003e-08	-0.000407258	-9.101900000000002e-05	1.65859078564e-07	8.284458361000003e-09	0.0	0.0	0.0	0.0	0.0	0.0	0.0	0.0	0.0	0.0	0.0	0.0	0.0	0.0	0.0	0.0	0.0
6289.2148712362905	-15.93842333928933	254.0333385424028	39554223.69657971	6339.165824259788	-40.41595372039683	40185023.34746327	1633.449315129258	4274.376342119214	-5.048592219887723	25.48828340271085	18270293.114068437	4342.202366786327	8364.322325425717	1.436975	31.881838	0.0662236	0.036329	-0.0694239789	-0.0492418968	-0.1043541832	-0.0708912303	-0.0027756218	0.0073216544	-0.0085823903	-0.0155828648	0.07123673	0.0065418636	-0.0210910013	0.0019941066	-0.1479605398	-0.0665357421	-0.098037824	-0.0308619738	-0.0011862153	0.0327436181	0.014455123	0.0305464392	-0.1297963815	-0.0637035871	-0.0199272852	-0.039634129	-0.01170036	0.0634789727	0.1477998394	0.0095921704	0.0719771914	-0.0774891051	-0.0762895557	0.0051174543	0.0038058566	0.0289392791	0.0288274323	0.0067236202	0.107854575	0.1045740273	0.075978798	0.0587941191	0.020176346	0.0378152538	0.0121330474	-0.0277096684	-0.0240821626	-0.0154384349	-0.0295681725	-0.1338443477	0.0885318439	-0.0800443684	0.0589846625	0.0157570137	-0.0774487808	-0.1358564787	-0.0424015859	0.0871697045	0.054556737	-0.0495131075	-0.0770819154	0.0050000768	-0.0593190147	0.0789102564	-0.0679920493	-0.0276678417	-0.0805069843	-0.021617055	0.0299219108	-0.0177040341	-0.0433098353	0.0111546967	-0.0743533559	0.0611645173	-0.0640756863	-0.0643465971	0.0197692521	-0.0414672984	0.1044255094	0.0217836045	0.0472603508	0.0964989755	-0.035663957	-0.0038824292	-0.0484148737	0.0255266428	-0.0232956121	-0.048754644	0.0871257434	-0.0081961796	-0.1402269302	0.1174354291	-0.0020199521	0.0150786658	0.0942408167	-0.0500043495	0.0732938209	0.095473916	0.0183470893	0.0236099156	-0.038575352	-0.0662142235	0.0388829734	-0.0310449217	0.0074681162	-0.0819578548	-0.0161996596	0.0698183718	0.0711566857	-0.0493354678	-0.0247254023	0.0180934132	0.0268597409	0.0402055435	0.153022815	-0.0400138217	0.0905000908	0.0889726265	0.079021323	-0.0681251999	0.008625797	-0.0026679399	-0.0260932654	-0.0749886648	-0.0071281276	0.0308706857	-0.0044516885	-0.0183234691	0.0603978095	0.0255336365	0.0398881269	-0.0342873357	0.0638836319	0.0105855842	0.0186989575	0.0714666885	-0.0144665341	0.0141615979	-0.0759737955	-0.1060825987	-0.073669778	0.0372474316	0.1477234539	0.065999676	-0.0888510126	0.0582038311	-0.0319144643	0.0135753275	-0.0607664295	-0.0821768626	0.0016636699	0.0242100298	0.0013731618	0.0183974523	-0.0273142981	0.0288289156	-0.0584370929	0.0163230547	0.0115217174	0.1072461699	0.0384043547	0.0152228545	0.0387522797	0.0257383475	0.0516532478	0.0299607214	0.0241937335	-0.0475470938	0.1295756982	-0.001950058	-0.045130187	-0.1269723662	-0.0673467101	0.0065127661	0.0072366155	0.0035714324	0.0834107769	0.0031478992	-0.1106534116	-0.0085594054	0.0123055705	0.089766036	0.0430572723	0.0478596619	0.0812746602	-0.0438784226	-0.0365583004	0.0756085749	0.0179189677	-0.0648064847	0.0179733935	-0.0255475682	-0.1297664819	0.0478440933	0.005203085	-0.0454986155	0.0035559758	0.0121310875	-0.0643394994	0.0154426665	-0.0139615795	0.0795568583	0.0553819903	-0.0777161887	0.0023518694	0.0440289735	-0.0433343277	0.0505418031	-0.0275185584	-0.0826818895	-0.0690491117	0.0020365163	0.0714276451	0.0	-0.04281	1.4000000000000123e-05	0.0018326961	1.9600000000000343e-10	0.0133836	0.02098265	0.0004402716010225	0.00017912074896	-0.0831287	0.0201873	0.00040752708129	0.00691038076369	0.000737	-0.0003536799999999	1.2508954239999992e-07	5.43169e-07	-5.7176e-05	8.3175e-05	6.918080625000001e-09	3.269094976e-09	-0.00034332	6.393800000000004e-05	1.178686224e-07	4.088067844000005e-09	0.0	0.0	0.0	0.0	0.0	0.0	0.0	0.0	0.0	0.0	0.0	0.0	0.0	0.0	0.0	0.0	0.0
6284.1684679319815	-5.046403304309024	25.46618630974104	39490773.33335058	6394.873003054888	55.707178795099935	40894400.72520024	3103.289769309232	4272.466753850218	-1.909588268996231	3.6465273570880217	18253972.16275542	4340.775449378745	8010.114713919424	1.602944	35.564156	0.317041	0.182364	0.0491250135	-0.073663431	-0.0234317591	0.1070419511	-0.014579186	-0.1273900214	-0.025769309	-0.0470087327	0.000835091	0.1160392876	-0.0007867438	-0.019270742	-0.0365045391	0.0300966732	0.0615126649	0.0854646292	0.0891260473	-0.0729470898	-0.0496381905	-0.0722679407	-0.0661391225	0.1346767316	0.0325919726	-0.0355410673	-0.0395616845	0.147906302	-0.0695811429	0.0066697779	0.0007981085	0.0666849724	-0.0002758164	0.0341262713	-0.0840497732	-0.0022533259	-0.0010945137	-0.075334827	-0.0707359353	-0.0437320726	0.0249987022	-0.0137910412	0.0770033124	-0.0370315217	-0.0532070605	-0.049127658	0.0557926147	0.0025153954	-0.0076657915	-0.1441049161	-0.0602071607	0.0452684629	0.0377458189	-0.0291123051	-0.0479595076	-0.0422821355	-0.0259930923	-0.0643449172	-0.0079558436	0.0494812969	-0.1789712444	0.0568767017	-0.0191723916	0.1097442575	0.0442980077	0.1073594504	0.0768908361	-0.0295184676	0.0546502009	0.1628723637	0.0436889312	-0.0603532965	0.0508804498	0.0630219817	0.051118833	-0.0447480094	0.0357246185	-0.0454876427	-0.0016277424	0.0292476253	-0.0731433241	0.0059967999	-0.0429571606	-0.0093021414	-0.0275967376	-0.05821864	0.0047763267	0.0051068246	-0.0307759337	-0.0666965168	-0.0417987198	-0.0602808107	0.1147579783	0.0441377203	0.0702561419	0.1116352833	0.0002313022	0.0292298776	0.0063819002	-0.0014669629	-0.0333384478	0.0017966986	0.018106335	0.1096493356	0.0201602971	0.0874581333	-0.0255419679	0.0987550532	0.0225181232	0.1050676496	0.0407416812	-0.037982815	-0.1345082938	-0.0901585966	0.0818189251	-0.0339310759	-0.0375656556	-0.0582114385	-0.0101655546	-0.0645556364	-0.0276333487	-0.103886037	-0.0354159856	0.0378891456	0.0226583319	-0.1360053519	0.0104898759	0.0208618569	-0.0308986021	-0.0325613864	-0.0402691731	-0.051669528	0.089394755	0.0276721262	-0.0514835674	-0.0275529401	-0.1004827468	-0.0061198035	-0.0566835461	0.0127020724	-0.0196426933	-0.0385359243	0.105976096	0.0242368254	-0.0230330091	0.1144498019	-0.0383609904	-0.0465106359	-0.059867997	0.0626140134	-0.0377224933	0.0648960322	0.0540554635	0.0208986673	-0.2028606685	-0.0741591394	0.028203357	0.0454935129	0.0108698826	-0.0360539671	0.0512572706	-0.008702634	-0.0075300747	-0.0259618921	0.0296078773	-0.1144019539	0.0134069074	0.0413312415	-0.1279521945	-0.027481585	0.0280057962	0.0125568599	-0.0055864116	-0.0108386821	0.0225082514	-0.1228594115	0.0758077646	-0.1261898834	-0.0954483159	-0.0542594877	-0.0287657919	0.0599602622	-0.0957913957	-0.0997622651	0.0640433814	0.1804042913	-0.0159044654	0.030713064	-0.0059043302	0.0714879971	0.0342857696	0.1856463546	0.0595139136	-0.0059077006	0.0993573442	-0.0189960487	0.0050999446	-0.0364189469	-0.0250052165	-0.0690811571	0.0369677018	-0.0018605537	-0.0360428844	-0.021103851	0.0801138318	-0.0162121597	-0.0159294317	0.0497116514	-0.0294417717	-0.0835331432	-0.0665176545	0.007120408	0.0746972852	0.0	-0.0427732	3.6800000000003497e-05	0.0018295466382399	1.3542400000002571e-09	0.0793846	0.066001	0.004356132001	0.00630191471716	0.070844	0.1539727	0.02370759234529	0.005018872336	-0.000254123	-0.000991123	9.82324801129e-07	6.457849912899999e-08	0.000577453	0.000634629	4.027539676410001e-07	3.334519672090001e-07	-0.000658178	-0.000314858	4.331982796840001e-07	9.913556016400004e-08	0.0	0.0	0.0	1.0	0.0	0.0	0.0	0.0	0.0	0.0	0.0	0.0	0.0	0.0	0.0	0.0	0.0
6289.065355654674	4.896887722692554	23.97950936865707	39552343.04769585	6368.798502430277	-26.074500624610664	40561594.36455814	679.8795828228219	4279.208338310559	6.741584460341073	45.44896103591224	18311624.00266662	4341.604299171226	7774.964062112961	1.437953	31.90353	0.28399485	0.171777	0.1420936442	-0.0688819256	0.0581264025	0.0526932779	-0.0865214075	-0.0785881227	-0.0621341929	-0.0957223698	-0.1148162016	-0.1047209713	-0.1087517816	0.0639592702	0.0123931517	-0.0994498924	0.0375021963	0.0753881218	0.1683908176	-0.0569489977	0.0250496044	-0.0014246669	0.0777312036	-0.0154610098	0.0394385839	0.0544593564	-0.1128590593	0.1754468662	0.0301711811	-0.1145930031	-0.1142260369	0.1070207272	0.1357685622	0.0482922215	-0.0893297321	-0.1474001971	-0.081339805	0.0739317927	-0.0393780849	-0.1448315771	0.1214965218	-0.0753081679	-0.0146015413	0.035903394	0.1382356594	-0.0108222956	0.0108248862	0.0170418946	-0.0018211915	0.009211982	0.0157801092	-0.0676339201	-0.1108320106	0.1058650703	-0.0686571267	-0.010512655	0.1316474731	-0.0182754219	0.0124787884	0.019082832	-0.0203361435	-0.060051234	0.0230819743	-0.0321628494	0.0149625704	0.0006294335	-0.0022020188	-0.0469706832	-0.0613284779	0.0091200163	0.0413252304	-0.0187936102	-0.0237768469	-0.1314501146	0.0906047382	0.0538455401	0.0363068581	-0.0251328852	0.0401265437	0.0010644001	0.0313302227	-0.0267117735	-0.0273274378	0.0733125487	-0.1071434377	-0.0292558869	0.0309405534	-0.061376773	-0.1133147836	0.0293026151	0.0170512221	0.0362081535	0.0516216063	-0.0230307287	0.0359820476	0.0156947398	0.0628438097	0.0224865959	0.0112177023	0.0516700445	0.0430657206	-0.0333846738	0.0483065837	0.1553331094	-0.0801143377	0.0511611138	-0.0859604784	-0.0549975623	-0.0422938586	-0.018809142	0.0030673805	-0.0807343263	-0.0920497389	0.0428412336	0.1116469667	0.0427797753	0.0901811768	-0.1732803513	-0.2458074017	0.012055634	-0.1454718318	-0.0626592968	-0.0484477394	0.0824860415	-0.0907464427	-0.0721227144	0.0565355509	0.0978435774	-0.042724526	0.1027684241	0.1024711641	0.0619858213	-0.0688993036	-0.1061003278	-0.0394731018	0.0352771904	-0.0424124798	0.0761883881	-0.0947599942	0.0626535039	0.0302415052	-0.0903807825	-0.0371292099	0.0165596996	0.0684239996	0.0926026859	-0.1195386553	-0.0539884263	0.0653771856	-0.0662475741	-0.0728157645	-0.0522313599	-0.0061021751	-0.0954360693	-0.0007177677	0.0325969	0.0489737731	-0.0464231135	0.042131075	-0.0414718851	-0.0696640094	-0.0225983591	0.0417234111	-0.0169516439	-0.0072519318	0.081617627	-0.0168864675	-0.0745496157	-0.0802879467	0.0574554396	0.0111415158	-0.0513565746	-0.0304854021	0.1469169677	-0.0422209964	0.005923689	0.0128964385	0.0361865704	-0.065768569	-0.0413340627	0.0525862424	-0.021910756	-0.0331807886	-0.1460649623	-0.0898885382	-0.02747121	-0.0198343647	-0.0258435198	-0.0475268597	0.0839436504	0.0082586724	0.1668365119	0.0872777532	-0.0576930038	0.2541610995	-0.0492822529	0.0105726715	0.0581380846	-0.0675723763	0.0162540695	0.0089124643	0.0529587314	-0.0593303332	-0.0391931468	0.0397154624	0.0644703408	-0.0561934489	0.0488746174	-0.0313486816	-0.0842803251	-0.0638388799	0.0121796622	0.0775947873	0.0	-0.0427153	5.789999999999962e-05	0.0018245968540899	3.3524099999999558e-09	-0.0444035	-0.1237881	0.01532349370161	0.00197167081225	-0.0294684	-0.1003124	0.01006257759376	0.0008683865985599	0.000684183	0.000938306	8.804181496359999e-07	4.68106377489e-07	0.000400166	-0.000177287	3.143068036900001e-08	1.6013282755599997e-07	-0.000739314	-8.113599999999999e-05	5.465851905960001e-07	6.583050495999998e-09	0.0	0.0	0.0	0.0	0.0	0.0	0.0	0.0	0.0	0.0	0.0	0.0	0.0	0.0	0.0	0.0	0.0
6315.799781767612	26.73442611293831	714.7295395881578	39889326.883375816	6369.288750716424	0.4902482861471071	40567839.190002784	0.2403433820701758	4277.119872854457	-2.0884654561023126	4.361687961332641	18293754.406766526	4343.441445078433	8216.38242124293	1.547547	34.335056	0.1287383	0.0742579	-0.0078708257	-0.0712237708	-0.0750988615	-0.0538168548	-0.0404353433	0.1059827997	-0.0673033564	-0.0904482551	0.0291484769	0.0077866654	-0.0288233385	0.0976237144	0.0336609653	-0.0556452361	-0.0235638216	-0.0319560887	0.0684667117	0.0446136767	-0.0098553011	-0.0558329359	-0.003186593	-0.1336792041	-0.0976885356	0.0071528224	-0.1125898564	-0.0218094309	-0.0249474492	0.0206722008	-0.0104551121	0.0815501966	0.0180795912	-0.0558870638	-0.0089022103	-0.1358201115	0.0825629004	-0.0568603552	0.0329865177	-0.0889992272	0.0015571913	-0.0391659515	-0.0682002332	-0.0487723792	0.0849221344	0.09349938	-0.0286861832	-0.0414592007	0.0706317048	0.0524956442	0.0242214528	0.0073702597	0.089724776	-0.0270324788	0.0880391207	-0.1175468062	0.0099836271	-0.0758026978	0.0580690586	0.0247335225	0.0310012387	0.0654641793	-0.0024998345	0.0338165118	-0.0236045979	0.0229665888	0.0940908823	0.0490855634	0.0501662895	-0.0161107844	-0.0583902588	0.0071423634	0.0981613128	-0.0237528594	0.0442262487	0.0375921505	0.0755847102	-0.0626692284	0.1147044823	-0.0788309075	-0.0719959733	0.0131089723	0.0983362648	0.0010353833	0.0035823323	-0.1254175065	-0.1299764034	-0.0120749486	-0.0361337951	0.0946947338	-0.0165294865	-0.0252579357	-0.0446187886	0.0041579778	-0.03217721	-0.0722704979	0.0331511638	-0.0445934664	0.0739621528	0.0937708381	0.0643006493	0.0023209261	-0.0280440691	0.0023779778	-0.0562988746	-0.0629617004	-0.0507653364	0.0621670457	-0.0847874943	-0.0962864123	-0.0150864862	0.0406862874	-0.035901664	0.0760437387	0.0117226699	0.0157691435	-0.0174139355	-0.0536621983	-0.0627336241	-0.0127141345	0.0015379668	0.082758173	-0.0030671771	0.0111175125	-0.0691139844	-0.1002458694	0.1865810952	-0.0405738115	0.1180429523	0.0435191494	0.0348068717	0.0413872019	0.0161651359	-0.0227933564	-0.1024401658	-0.0280230819	0.1784416654	0.021718789	-0.0129868391	-0.0222641428	0.0173642839	0.0342919781	-0.0205025881	-0.1064496795	0.0400259009	-0.0112581869	-0.0142770113	0.0078176247	-0.0992147441	0.0580495304	-0.0590540859	-0.0430954979	-0.0659898706	-0.0553771767	-0.0832028176	0.0363251204	-0.0399708777	0.0424703197	-0.0017712136	-0.0445879554	-0.0286805086	0.0001081386	-0.089981861	-0.0145691465	0.0632804076	-0.0538919143	-0.079068659	0.0940298467	0.0772988229	-0.0025852193	-0.1005088329	-0.0794033203	-0.0117453622	0.0522339528	-0.0173237364	0.0327227026	0.1293081412	0.0017575661	0.079289522	0.0498298604	0.0139800468	-0.0511048481	-0.0693269756	-0.0042532021	0.0175740199	-0.119508239	-0.099991679	0.0407573782	-0.0490025304	0.0766042244	-0.0602649683	0.0349271329	-0.0697746977	-0.0708992478	0.0553222868	-0.0269057607	-0.0402957292	0.0717934488	-0.0532525252	0.0570401712	0.0501857494	-0.0178144179	0.0306104799	0.0655861204	-0.0050507299	0.0520669607	-0.023558197	0.048030817	-0.0332382319	-0.0849225041	-0.0610187207	0.0171967732	0.080105716	0.0	-0.0338404	0.0088748999999999	0.00114517267216	7.876385000999997e-05	-0.0380905	0.0063129999999999	3.985396899999999e-05	0.00145088619025	-0.0935487	-0.0640803	0.00410628484809	0.00875135927169	0.0012586	0.0005744169999999	3.299548898889999e-07	1.5840739599999998e-06	0.000176236	-0.0002239299999999	5.014464489999999e-08	3.1059127696e-08	-0.000548259	0.0001910549999999	3.0058793108100005e-07	3.650201302499999e-08	0.0	0.0	0.0	0.0	1.0	0.0	0.0	0.0	0.0	0.0	0.0	0.0	0.0	0.0	0.0	0.0	0.0
6300.286833959042	-15.51294780857006	240.65154971141865	39693614.19015765	6364.370918643441	-4.917832072983401	40505217.190074354	24.185072298064217	4270.503786988998	-6.6160858654584445	43.772592179119016	18237202.594687376	4337.240360282231	8388.045619334907	1.105236	24.521616	0.1511719	0.0885957	-0.0313077206	-0.1304150318	-0.0811782025	-0.0044693286	-0.0292782124	-0.0014980625	-0.0214614567	-0.0460095822	0.1279783911	0.0207387981	-0.022916022	0.0227164711	-0.0643554997	-0.0278389192	0.0374649295	0.0256027122	0.041319162	0.081111256	0.0023323196	-0.0255891402	-0.0758395288	0.0148619945	-0.0952716144	-0.1101301491	-0.0224935713	-0.0213620695	0.1386672529	-0.0481886842	0.0210007968	0.061396784	0.0604893481	-0.0909418728	0.0300728931	-0.0283247915	-0.1221787455	0.0432079809	-0.0872505529	-0.001185073	-0.0725706257	-0.0560569331	-0.0973931648	-0.0305879559	0.0475920837	-0.0267703579	0.0929797924	-0.0776381872	0.0240202276	0.0138264897	-0.0445509249	0.0070418357	-0.0366636845	-0.0465398116	0.0551190623	0.0098907802	4.46066e-05	-0.0306553101	-0.0040482697	-0.0910563224	-0.0249792632	0.0528146254	0.0250288664	-0.0429639874	-0.00083143	0.0185274322	0.1452476669	-0.0757371328	0.0183646703	-0.0571037858	0.0415275628	-0.07650715	-0.0396480676	-0.0879588142	-0.0392494588	0.0307238868	0.0650363806	-0.1143915542	-0.0707125575	-0.0149937386	-0.028057784	-0.0515798045	0.0395818406	-0.1228546518	-0.0685438497	0.1066151867	0.0912117997	-0.0236994127	0.0697021257	-0.0472911229	-0.070270197	0.1786987637	0.0044120324	0.0610836088	0.0435039544	0.0672215974	-0.0131438573	-0.0238612278	-0.0395677184	0.0410702592	0.0552720282	-0.1525475562	-0.0878932945	0.0253138063	0.0001209594	-0.0843591171	0.0037036335	0.0760805311	0.0141120212	0.0202107116	0.0590434342	0.0797997709	0.0337194675	0.1812431853	0.0805636853	0.0160109162	-0.0093606394	-0.0050492025	-0.0381908799	0.1122801234	0.0995994673	0.0129638575	-0.0648085707	0.0361610239	-0.0813512014	-0.0275369298	0.0469266949	0.0082703116	-0.10837928	-0.0697463625	-0.0302814693	0.0532491028	0.0246542359	-0.0873441434	0.0322408943	-0.0358894115	-0.045135789	-0.0123371749	0.0539411253	0.1184426573	0.0301549283	0.0190766672	0.0340174973	0.0020771772	0.0286115798	-0.0458710865	0.0105373449	-0.0866591948	-0.0434535115	0.0163933422	-0.0978562484	-0.0840057631	-0.024515095	-0.0104393219	-0.1076195473	0.0971953674	-0.1545335145	-0.0789907551	-0.110300847	-0.0047907712	-0.0061596701	0.0394369215	0.0881321151	-0.0905408444	-0.0569450183	0.0411115977	-0.135138003	0.1039971817	-0.014477932	0.0315660841	0.0039636905	-0.0436380776	-0.1586342085	-0.0941247961	-0.0880153317	-0.0329359159	-0.0548659489	-0.0801438669	-0.0618878998	0.0140059375	-0.0604196245	0.0193990973	-0.067444145	-0.0203340234	0.0420087027	-0.0062257051	-0.0886559169	0.1036574578	-0.043569382	-0.04381267	-0.0080400399	0.1191935289	0.0220650076	-0.0028877374	-0.0726529087	0.0086401391	-0.0582437721	0.0712258318	-0.055916746	-0.0534455114	0.0204299392	0.0108188863	0.1432907862	-0.0280586211	-0.0249583446	0.0213399726	-0.0029670466	0.0471803671	-0.0351093765	-0.0854588803	-0.0580634226	0.0221543812	0.0822175621	0.0	-0.03622	-0.0023796	0.0013118884	5.662496160000012e-06	0.0258645	0.063955	0.0040902420249999	0.00066897236025	-0.0480672	0.0454815	0.00206856684225	0.0023104557158399	0.00061702	-0.0006415799999999	4.116248963999999e-07	3.807136804e-07	0.000243577	6.7341e-05	4.534810281000001e-09	5.9329754929e-08	-0.000470064	7.819500000000003e-05	2.2096016409600001e-07	6.114458025000005e-09	0.0	0.0	0.0	0.0	0.0	0.0	0.0	0.0	0.0	0.0	0.0	0.0	0.0	0.0	0.0	0.0	0.0
6273.882468676556	-26.40436528248665	697.1905059709864	39361601.23076704	6396.699478366776	32.328559723335275	40917764.21653778	1045.1357737852557	4270.712378907174	0.2085919181754434	0.0435105883281108	18238984.22335097	4337.232559011515	8118.663346378763	1.210871	26.865307	0.0826455299999999	0.0454761	0.0306907755	-0.0822113136	0.0254728453	0.113204393	0.0236637089	-0.0722661183	0.0309142293	-0.0519384833	0.0530258947	-0.0494150264	0.0371986938	-0.0442138513	-0.0588614742	0.0027438299	-0.0058432718	0.0229785852	0.038681937	-0.0404599005	-0.0930453175	-0.0399012919	0.0082136151	-0.0171003276	-0.0703168807	-0.0064928803	0.0323655841	-0.0413319274	-0.0578118289	-0.0069018405	0.0565051352	0.0436592457	-0.1345115714	0.0602436595	0.0620264099	0.0632983899	-0.1255943889	-0.2088267039	-0.0335773876	-0.0051120981	-0.0500727033	-0.1097775477	0.0882232496	0.1042990029	-0.0074495724	-0.077162846	0.0002029148	-0.0300766103	0.0892257852	0.025994112	-0.1547956571	0.0813543699	0.0041932382	0.0001737676	-0.0414264291	-0.00183376	-0.0209965127	-0.0615803855	-0.0025653715	0.0119405386	0.0158083931	-0.0131636219	-0.0098162994	0.0085036557	0.0527245888	0.0040103078	0.0375989871	-0.0077513619	-0.0269873008	-0.0295549638	-0.0456457487	0.0359522263	0.0711863862	-0.0803801	-0.035159228	0.0673196099	-0.041443876	-0.0186302336	0.161149167	-0.10355201	-0.0245812885	-0.1126982842	-0.0761168598	0.0608950016	-0.0269782961	0.0427498023	0.0432687012	0.0104126063	0.1144823587	0.0567199115	-0.0610715358	0.1222492802	0.000698262	-0.0446710948	-0.1029130368	-0.0840760712	0.0474230667	-0.009716649	-0.0736919919	-0.052504284	0.0364175121	-0.0444110042	-0.029259619	0.0493171278	-0.0349070505	0.0772817399	0.0410426935	0.0444570804	-0.012012874	-0.0033440173	-0.0015335361	0.1184420432	-0.0023507581	-0.0345819689	-0.0631844947	0.0197396999	0.0083815295	0.0639533279	-0.049915721	0.005215104	0.0935420649	-0.0636780434	-0.1572812492	-0.0387895472	0.1387510702	-0.1646816078	0.0012223395	-0.1192003784	-0.0586296218	-0.0351724321	0.0444008485	-0.1051232652	0.0223151858	0.0883785548	0.0126447304	-0.0202309445	0.0073654629	0.0840501884	0.039596468	0.1108941652	0.0374274119	0.0273717824	0.0214645103	-0.0496072744	0.0126594092	-0.0139541496	0.0065210202	-0.0460650775	0.0200025686	0.1127296232	-0.0451637934	-0.043979708	0.071222748	-0.0762642798	0.0208040531	0.0125096501	-0.001348225	-0.019210769	0.0523243931	-0.0192211753	-0.0769431777	-0.0151235019	-0.0423819734	0.0857331347	-0.0296506796	-0.0170013969	-0.0474808222	-0.0284957335	0.0328626271	0.0362862595	-0.0501377283	-0.0473439891	-0.0217866103	-0.1303976817	-0.0483112078	0.0607406245	-0.0083123786	0.0536413301	-0.061069426	0.0393508706	-0.0218477268	-0.1062739853	0.1356149585	-0.0404780254	-0.0399912985	-0.0007939504	-0.0621135569	0.0096722518	-0.0348363731	0.0740426539	0.1088277089	0.1127427495	-0.0050638226	0.04970918	-0.0172251691	-0.1278475211	0.0039052164	-0.0240538068	-0.0018667336	-0.0391773017	0.0122509811	0.0778162979	-0.0105698332	0.1502756142	-0.0180577144	-0.0492484679	0.1402230037	0.0463233854	-0.036961079	-0.0858887854	-0.0549795309	0.0270353323	0.0839198044	0.0	-0.0283993	0.0078207	0.0008065202404899	6.116334849000005e-05	0.00602082	-0.01984368	0.0003937716359424	3.62502734724e-05	-0.0664052	-0.018338	0.000336282244	0.0044096505870399	0.00124998	0.0006329599999999	4.006383616e-07	1.5624500003999998e-06	0.000340137	9.656e-05	9.323833600000005e-09	1.1569317876900001e-07	-0.000466721	3.3429999999999983e-06	2.1782849184100005e-07	1.1175648999999988e-11	0.0	0.0	0.0	0.0	0.0	0.0	0.0	0.0	0.0	0.0	0.0	0.0	0.0	0.0	0.0	0.0	0.0
6255.178437630004	-18.70403104655179	349.84077739037326	39127257.286591336	6344.8808823283925	-51.81859603838348	40257513.41093632	2685.166895389172	4268.542035828022	-2.1703430791521896	4.710389081223807	18220451.11163083	4338.506124626086	7988.504478000521	1.294678	28.724718	0.02592403	0.0120549	-0.0009742967	0.0535106126	-0.0427169421	0.0051032031	0.1189001095	0.0139562783	-0.0299830705	-0.0068737934	0.0596952942	-0.0494610248	-0.1040320774	0.0388204335	0.0252546015	0.0101064455	-0.0890435277	-0.0130840395	-0.0577360084	-0.0147157097	0.0953596647	-0.024764557	-0.0656466994	-0.0138995462	-0.0453920871	0.018532381	-0.0106192945	-0.1135767788	0.1132059167	0.0572296691	0.1185523099	-0.0452382329	-0.0626106526	-0.0057830362	-0.0154795335	0.113169461	-0.0565485596	0.0536669288	-0.052470851	-0.0085856833	-0.0461761775	-0.0363382304	0.0518538157	-0.1830089231	0.0321572607	-0.007576515	-0.0762158348	-0.0279695232	-0.0387422348	-0.1423052724	0.0227233964	0.0744543758	-0.0696410695	0.0248104516	0.0198724801	-0.0906659924	-0.0158783682	0.0340653283	-0.0801310422	0.0548766442	0.0752182812	-0.0598258524	0.0290027514	0.0033425138	0.0220914732	-0.1353671303	0.109760531	-0.0631893309	0.0158603114	0.0720260644	0.1289492947	-0.1264234218	-0.043567127	-0.0950528876	-0.0129489981	-0.0123546213	-0.0048125404	0.0084789608	-0.0419800371	0.0207442658	-0.0421375227	0.0982233924	-0.0376447953	-0.0361043883	-0.0754829511	-0.0579972313	-0.1212295676	0.0519945611	-0.0755894	0.0881328765	-0.0401847407	-0.0189900794	-0.1528137383	0.0237187783	0.0277175169	0.0125976274	-0.0481118582	0.0223195705	0.0865639675	-0.0479688086	0.0204639031	0.0074633531	-0.0363570602	-0.0563150479	0.0797351102	0.0022220926	-0.0672170468	0.0159827374	0.0251680596	-0.0349926796	0.0232369481	-0.0068163874	0.0898567294	0.08891186	0.0217134898	0.0214059639	0.0076884695	0.0937455671	0.0828389228	0.0184094094	0.0018082437	0.1114157081	-0.096622436	-0.0111282793	-0.088698153	-0.0424062582	-0.1454413167	0.0321814596	-0.0483239096	-0.0847185875	0.1241474194	0.0032369276	0.1515646024	0.009090072	0.0494407048	0.0399238253	0.02389496	-0.0109816536	0.0536524659	0.0519213	0.0011930275	-0.039177356	0.0497467307	0.0002054893	-0.0925715412	0.0866574169	0.0644352927	0.0279952542	-0.0604712045	0.1029270389	0.1130160582	-0.0243413607	-0.0132522685	-0.0047951344	-0.0856041269	0.0010121907	0.0530920496	-0.0402508486	-0.0671655781	-0.0293123333	-0.023652181	-0.1576559534	0.0546861255	0.0309142268	-0.0016284402	0.1311994186	-0.0284435116	-0.0678353385	-0.0625792303	-0.0006545273	0.0594757008	-0.1002021473	-0.0102594833	-0.0265831701	0.0209595116	0.0127962582	0.0372799838	0.0048566635	0.0556076285	0.045529906	-0.0458667265	0.0869765741	-0.0973320471	0.0211556294	0.0358808239	-0.0381176622	-0.0300687478	-0.0367244073	0.0137760099	0.0081569766	-0.0459645659	-0.034067056	-0.0632963674	0.1148105005	-0.0428698181	-0.0065953468	-0.0606094704	0.0682200684	-0.1084466867	-0.0128632773	-0.0333778415	-0.0642606053	-0.1002453111	-0.0423491577	-0.0227434409	0.0718809208	-0.0029994428	0.0454599905	-0.0387923142	-0.0862116837	-0.0517738754	0.0318227377	0.0852039625	0.0	-0.0327014	-0.0043021	0.00106938156196	1.850806441e-05	0.0132032	0.00718238	5.1586582464400005e-05	0.00017432449024	-0.0695476	-0.0031424	9.87467776000002e-06	0.00483686866576	0.00128772	3.774000000000008e-05	1.4243076000000063e-09	1.6582227984e-06	0.000193639	-0.000146498	2.1461664004000003e-08	3.7496062321000004e-08	-0.000425016	4.170500000000001e-05	1.80638600256e-07	1.7393070250000006e-09	0.0	0.0	0.0	0.0	0.0	0.0	0.0	0.0	0.0	0.0	0.0	0.0	0.0	0.0	0.0	0.0	0.0
6253.245178510708	-1.933259119296053	3.737490822341353	39103075.262567416	6344.523552353905	-0.3573299744875839	40252979.10637341	0.1276847106672974	4259.3826762292	-9.159359598821538	83.89386826052426	18142340.78256142	4326.777379060023	7852.599692657336	1.125075	24.961771	0.14084965	0.0733849	0.0378964089	0.0619458804	-0.007065062	-0.0241345618	-0.0041752181	-0.1058603295	0.0702540211	0.013020664	0.0080767088	0.0459103129	0.0472571007	-0.0568901299	0.0824128459	0.0485084765	-0.0516415956	0.0686588656	-0.0801411618	-0.018121226	-0.0343444566	0.079983355	-0.0669969916	0.0542913995	-0.04097084	0.0124802615	-0.0273310527	0.0457275724	-0.1566058279	0.0585269485	0.0274257775	-0.0318008977	0.0802490511	0.0909812266	0.0772401054	0.0088307924	-0.0729389989	0.0356131696	-0.0291177169	-0.0507852735	0.0570439039	0.0161954944	-0.0368671212	-0.0496850987	-0.01097902	0.0941113012	-0.0157403462	0.0029329488	-0.0225009546	-0.0207327415	-0.0410063212	0.1091254499	0.0690830731	0.0027863175	-0.0172931994	0.0351533341	0.1372173762	-0.0091699717	0.0051456617	-0.0059818696	0.0563021878	-0.1877060458	0.0755227838	0.033596133	-0.0249415971	-0.0789464109	0.0333063901	0.0132744403	0.082229149	-0.080797979	-0.053245772	0.0427775464	0.0445391297	0.0207901192	-0.036353888	0.1102011773	0.0341508831	0.0177501468	0.0308994218	-0.0820974572	-0.0074380942	0.0468249804	0.0132311966	0.0838092372	0.0479699539	0.0069466192	0.0544503064	-0.0876132585	-0.0269953754	-0.0565685567	0.0194724486	0.1021484604	0.0956374644	0.1019840948	0.0125122942	0.0576747673	0.0467967959	0.0852719592	0.109522637	0.0587057118	-0.0189643674	-0.014189683	-0.0380957379	0.0363260952	0.0581953023	0.0031108051	0.0969808783	-0.0017131797	0.0874616495	-0.0200875353	0.0719097871	-0.0053476222	-0.0513892833	-0.0468888362	-0.0579215797	0.0976045434	-0.1107008191	-0.0920222596	0.0127546298	-0.0312336138	-0.0970028843	-0.0437590134	-0.088697803	-0.0002742599	-0.0011610087	0.0290821846	-0.0969427966	0.0247100174	-0.0534909335	0.0003175324	-0.0378592247	-0.0035642421	0.0131941763	0.0207431948	-0.0935872899	0.0920906458	0.0306041398	-0.0611625587	-0.0742990945	0.0764254568	0.0598502686	0.0560229126	-0.0571989971	-0.0872507542	0.1053191322	-0.0260018798	0.103355749	0.1195007308	0.0354708887	0.0153679854	-0.0202308101	0.0148843458	-0.0505281757	-0.063907817	0.0337491832	0.1599803812	0.007207778	0.0234019504	0.0271703512	0.047956444	-0.0938012051	0.0107773886	0.0517517704	-0.0090079346	-0.0615140419	0.0675765448	-0.0355178802	0.0364965071	0.1104152892	-0.023538468	-0.1075240211	-0.0751992713	-0.0528944892	0.0544123895	0.166301938	-0.0056485055	0.0617499551	-0.0989799707	-0.0188147215	-0.0746119729	0.0196932027	-0.0128137642	-0.0250893409	-0.0252828468	0.0238360231	0.0788988049	-0.044600936	-0.0426639703	-0.0212057487	-0.0432635936	0.0154095595	0.0424735215	0.0887169589	-0.0985448079	-0.0324949499	-0.020877978	-0.0493862384	-0.0142160093	-0.0227432969	-0.1105083299	0.0140276755	-0.0879824152	0.034587582	0.0225709983	0.0607044618	-0.0231960201	0.0927419555	0.044590302	-0.040602068	-0.086427173	-0.0484535557	0.0365000323	0.0860636387	0.0	-0.0354469	-0.0027455	0.00125648271961	7.537770250000027e-06	0.0451934	0.0319902	0.00102337289604	0.00204244340356	-0.023529	0.0460186	0.00211771154596	0.000553613841	0.000540989	-0.000746731	5.57607186361e-07	2.92669098121e-07	0.000577453	0.000383814	1.4731318659600002e-07	3.334519672090001e-07	-0.000496378	-7.1362e-05	2.46391118884e-07	5.0925350439999995e-09	0.0	0.0	0.0	0.0	0.0	0.0	0.0	0.0	0.0	0.0	0.0	0.0	0.0	0.0	0.0	0.0	0.0
6253.204115443822	-0.0410630668857265	0.0016861754620616	39102561.70940355	6350.620228650563	6.096676296658188	40330377.28854573	37.1694618662338	4259.990685634925	0.6080094057251699	0.3696754374502743	18147520.64169632	4328.172092808103	7853.138909432285	1.012133	22.455967	0.1384336	0.0756579	0.0378341157	0.0538719899	0.0382059189	0.0349772066	0.0842085958	0.0201870851	0.0031197628	-0.0171155889	-0.0698670174	-0.0406893779	0.0608432059	0.0048416912	0.0537903856	0.0529540792	-0.050163563	0.0296808762	-0.0869596698	-0.0608903032	-0.0294057285	-0.0232751591	0.073899768	-0.031873809	-0.0048838323	0.0126014221	0.0015783443	-0.0635600922	0.0178762905	-0.049629876	0.0260443363	0.0641024318	-0.009935206	0.1214565909	0.0560513505	0.1471381803	0.0366054075	0.0160438099	-0.0575854559	-0.0510750318	-0.113676695	0.0172620356	0.0588457094	0.0734610646	0.0250345623	0.0493520584	0.0280393331	0.0154246574	-0.0020067706	-0.0225669205	-0.0170799634	-0.0691618078	0.0828318958	0.005091449	-0.0156927693	0.0826278061	-0.0635105345	-0.1280715904	-0.0229363452	-0.0157252146	-0.0175541838	-0.0477070098	0.0085796009	-0.0610024502	0.0575808043	0.0787335044	-0.1118647821	0.0095487715	-0.0686542047	0.0959595533	-0.0179960396	0.001459695	0.143224513	0.0497417652	0.0390146874	0.0001297716	-0.0397467896	-0.0437019377	0.0625491236	-0.018500667	0.1410296941	0.0444157117	-0.060075237	0.006245296	0.098072138	0.0762541984	-0.0014460143	0.0019567049	-0.1495814843	0.0704987679	0.0441082029	-0.0549924539	-0.0394131725	0.0245143804	0.0874475499	-0.0364904344	-0.0810508005	0.0224731925	-0.0639738363	0.0345787522	-0.0092929402	-0.0264090345	0.0233353176	-0.0045072924	0.0477803045	0.0843276423	0.0436351729	-0.0422450738	-0.046594368	-0.0407146794	-0.0008020991	0.0352309535	0.0211179901	0.0575246964	-0.0361408866	0.0757965787	0.0490859427	0.0714219462	-0.0255439579	0.0240573114	-0.0958065231	-0.0002694458	0.0415229733	-0.0068069134	0.1634659569	-0.0426295525	-0.0187154788	-0.1149967473	-0.0876895779	-0.1322000495	-0.0144478942	-0.043192046	-0.0185433321	-0.0325626905	0.0625587127	0.014123647	0.0144463504	0.0073428097	0.0028259592	-0.0089492282	0.0146973641	0.0180613612	-0.0570376759	-0.1416330506	0.0469810651	-0.0373547679	-0.0134757361	-0.0851462362	0.0194188264	-0.0337860252	0.0258135647	0.0356081715	0.0146769795	0.0704577587	-4.63839e-05	-0.1073009	0.0937486893	-0.0601809629	0.1196245942	0.0177973236	0.0301466848	-0.0921610236	0.0787832096	-0.0957033665	-0.1038121109	-0.0712657397	0.0174096664	0.0068480429	0.0635336081	8.10009e-05	0.0549459681	-0.0169644654	0.045717027	-0.0038355678	-0.0508435594	0.0007665045	0.0139174097	0.0297684067	0.0166305187	-0.0832611352	-0.006438409	0.0450685961	-0.0054022365	-0.0143678416	-0.0440191658	0.012599998	-0.0011819362	-0.0645599738	0.0130847758	0.0632983911	0.035249843	-0.0378653458	-0.0119336178	0.0247189156	0.0522676032	-0.0355472042	-0.0030884412	0.011454291	-0.0243971623	-0.0073763711	-0.0160895883	-0.0439566284	0.0830783194	-0.0225453181	-0.0389607343	-0.0123232657	0.0805408883	0.0437144402	-0.0423893383	-0.0865349849	-0.0450259254	0.0410510323	0.0864945502	0.0	-0.0307901	0.0046568	0.00094803025801	2.1685786240000023e-05	0.0276418	-0.0175516	0.00030805866256	0.00076406910724	-0.0805251	-0.0569961	0.00324855541521	0.00648429173001	0.00130671	0.000765721	5.86328649841e-07	1.7074910241e-06	0.000327856	-0.000249597	6.2298662409e-08	1.0748955673600001e-07	-0.000327114	0.000169264	1.0700356899600001e-07	2.8650301696000013e-08	0.0	0.0	0.0	0.0	0.0	0.0	0.0	0.0	0.0	0.0	0.0	0.0	0.0	0.0	0.0	0.0	0.0
6248.386567097686	-4.817548346136391	23.20877206736148	39042334.6918868	6314.211063265461	-36.40916538510192	39869261.35146394	1325.6273240397034	4262.226623535156	2.235937900230965	4.999418293689257	18166575.7903719	4333.22591740136	7903.723102671676	1.075826	23.869097	0.11207815	0.0586818	-0.0012737941	0.0873586971	0.0017626111	-0.0753458345	0.1141819688	-0.0300868226	0.0201940431	0.0755541092	-0.0274264761	0.020221697	0.0138058244	-0.058028025	0.076302296	0.0248497854	-0.0583708718	0.0140237713	-0.0981278001	0.0548494409	0.0428196804	-0.0041489442	0.0072425846	0.0299568721	-0.0097507964	0.0155710871	0.0854804071	-0.1428372177	0.0245688689	-0.0426870433	-0.1464202779	0.0257790338	-0.1026004806	-0.066566961	-0.1026550576	-0.0430120068	-0.0228400636	0.0402153838	-0.062968675	0.013806388	0.0594679589	-0.0180218723	-0.0338415175	0.0517274547	-0.032841127	-0.0785283155	-0.0115751195	-0.0309442761	0.1204733107	0.0810511211	0.102251586	-0.0150024	0.0561806749	0.0142652438	0.0116001502	0.0479609823	-0.0181683792	-0.1039036467	0.0332621557	0.0483146748	-0.0002488438	0.0036467424	-0.0015408882	-0.0802518086	0.0017314841	0.1016174417	0.0229372282	-0.0223914024	0.0035637798	-0.1313725827	0.0292126947	-0.0232007985	-0.0071920829	0.0468231602	-0.0128936835	-0.0134796189	0.0210545161	-0.0625577933	0.0029123598	0.0728534064	-0.0604577575	0.0223462937	0.00907202	-0.0608059369	0.0431942688	0.0371042388	-0.0120989915	-0.08198083	0.0715917008	-0.0054885238	0.0798118077	-0.0509339273	-0.0366296997	0.0254789978	-0.0021160999	0.0116373582	-0.0194803102	-0.0073240377	0.0887945022	-0.0154488645	-0.0076159362	0.037312035	-0.0158679489	-0.059033645	0.096904797	-0.0588012175	0.0243989826	-0.0296002579	-0.0005934835	0.0248719278	0.0364720717	0.0477358628	0.0497590217	-0.0847290332	-0.0866487923	-0.0955026479	0.0087011033	0.0526311945	-0.0643569513	0.1588968667	0.061231997	0.1095861846	0.0459352068	-0.058534312	0.050005398	-0.0137681515	0.0224127939	0.1278629817	-0.0478197622	0.0564074129	-0.0082152464	0.0186108095	-0.0236409266	-0.0147935079	-0.0069859266	-0.1072580523	0.0376926158	0.1580930819	0.0144212304	-0.0093931991	-0.0454388889	-0.0322041476	-0.0367653494	-0.0624670835	0.0219220983	-0.0035002199	0.0683424894	-0.0150671559	0.0715160185	-0.0273808003	-0.0416117762	-0.0542644368	0.0240996508	0.0778717688	-0.0801530003	-0.0441465258	-0.049336893	0.0567672405	-0.0338656038	0.0662473006	0.1065842071	0.0011020227	-0.063935415	-0.0283591159	-0.0191221399	-0.0345553038	0.0219278082	-0.0693991979	0.0761797275	-0.0245554088	-0.0998637121	0.003938186	-0.0090972851	-0.0109064445	0.0255081177	0.0561085426	-0.0082781238	0.0249213365	-0.011788087	0.0511539307	-0.0356054542	0.0684452735	-0.0236960067	0.0194562984	0.0479847194	0.0459225016	0.0120757625	-0.0678608173	-0.0279278622	-0.0216978894	-0.0679542607	0.0163261931	0.0549642345	-0.0278266206	-0.0587401916	-0.0763666574	0.009163782	0.0150908858	0.0063415974	-0.0318290609	-0.0954798799	0.0828399983	-0.011943662	-0.0075725058	0.0267199297	0.0415833931	0.0157270187	0.0428325265	-0.0441531352	-0.0865349849	-0.0414985757	0.0454599905	0.0864945502	0.0	-0.0427524	-0.0119623	0.00182776770576	0.00014309662129	0.0451047	0.0174628999999999	0.0003049528764099	0.0020344339620899	-0.036793	0.0437321	0.00191249657041	0.001353724849	0.00077789	-0.0005288199999999	2.796505924e-07	6.051128521e-07	0.000577453	0.000249597	6.2298662409e-08	3.334519672090001e-07	-0.000327114	0.0	1.0700356899600001e-07	0.0	0.0	0.0	0.0	0.0	0.0	0.0	0.0	0.0	0.0	0.0	0.0	0.0	0.0	0.0	0.0	0.0	0.0
6247.923812882913	-0.4627542147727581	0.2141414632899519	39036551.97158936	6334.003057235326	19.79199396986496	40119594.72906646	391.72302530317097	4266.704998694633	4.478375159476855	20.055844069019344	18204771.545885768	4332.287205327599	7748.119837563693	1.082912	24.026314	0.0827638	0.0473737	0.0546030807	0.072799064	0.0955501417	-0.0010636285	0.0145834712	-0.07245092	0.1078579788	0.0058488529	-0.0712039108	-0.0379012557	-0.0102364524	0.0139321449	0.0028053406	0.0503306789	-0.0049398781	0.0124188479	-0.0066000626	-0.0249326808	-0.0790424845	0.0300665016	0.0236347008	0.0071815008	0.0532501227	0.0062458861	-0.0289084623	0.0488895026	-0.0483379051	-0.0265806095	-0.0435382189	0.0076272255	-0.0902219092	0.0179200858	-0.0146543973	0.0127082009	-0.0167604308	-0.0003736188	-0.0443306876	-0.0022098189	-0.0736585293	-0.0128437637	-0.0359111911	-0.0255785999	0.0706872177	-0.0671708681	0.0237967462	0.0572278186	0.0440815643	0.0848763468	0.1023780956	0.0838611783	-0.0075973576	-0.0843659508	-0.129538102	-0.0214493766	0.1337271207	0.1265459079	-0.0539537085	0.068761614	0.0722050669	-0.0202273677	0.0083230963	0.0964008786	-0.0104565759	-0.0135121881	-0.0204203151	0.1553540261	-0.0270622165	-0.0153957817	-0.0008913595	-0.0715875028	0.0412844025	0.0043641086	-0.0428082382	-0.0517706125	0.0168511528	0.0204827403	0.0453071859	-0.0320988868	0.083611663	-0.0312474538	0.0756610738	-0.095597832	0.0059062279	0.0462505182	-0.0263501739	-0.0180634538	0.0860265118	-0.0535846093	-0.0313593144	-0.0557407115	-0.013576919	-0.0135314034	-0.0018738449	0.0192170066	-0.0069630826	0.0338437214	-0.0521321051	-0.0612299332	0.0446466088	0.0193141883	-0.0892952327	0.0217075167	-0.0248483631	0.0309453161	0.0771491437	-0.0164154141	0.0094500381	-0.0046948365	-0.0238774033	-0.0068799728	-0.027840036	-0.0448866806	-0.0157922914	0.0188834965	0.0170508141	-0.0576928611	-0.0702643914	0.0093653572	0.1121950617	0.0648089795	-0.0091792213	-0.040741635	-0.026344841	-0.0640112305	-0.1039458568	-0.0422919604	0.0247069832	-0.0565901708	-0.0402981033	0.0207704167	0.0275387074	0.0079660632	0.0795317449	-0.0232000803	0.0036585698	0.019585307	-0.1562449733	0.1033274613	-0.0946222007	0.0311035705	-0.0574477043	0.1321796821	0.044111622	-0.0025223463	-0.0023115758	0.0643138408	0.0152625164	-0.0585808975	0.067058403	0.002182182	0.0718689535	-0.0337472951	0.0530325979	0.0609406902	0.0737080822	0.0678277584	0.016148778	-0.0115920195	0.0308391743	0.0468757347	0.0333917698	0.0202851684	0.0613417396	-0.0458318508	-0.0642409294	0.0474608724	0.0603859128	-0.0047626346	0.0170659433	0.0128728978	0.0729259966	-0.0231034884	-0.0003905494	0.0826983285	0.0151654291	0.0108344385	-0.0683665127	0.0054161246	0.0736594226	0.0924940413	-0.0103590878	-0.0152009531	-0.0489467413	0.0372040178	0.0155225241	-0.0996201063	-0.0646556569	-0.0359806429	0.064422534	-0.0264213144	0.0192870435	0.0191949289	0.0064432011	-0.093951835	0.0145399094	0.055992274	0.0276362949	0.0728892445	0.0680914352	0.0014582876	-0.1242894532	0.0142303096	-0.0323073593	0.0292286956	0.0842268678	0.0419446829	-0.0458924821	-0.086427173	-0.0378793187	0.0497116514	0.0860636387	0.0	-0.0396714	0.003081	0.00157381997796	9.492561000000005e-06	0.0372608	-0.0078439	6.152676721000002e-05	0.0013883672166399	-0.0747855	-0.0379925	0.00144343005625	0.00559287101025	0.00119	0.00041211	1.6983465210000004e-07	1.4161000000000003e-06	0.000312635	-0.000264818	7.0128573124e-08	9.774064322500001e-08	-0.000327114	0.0	1.0700356899600001e-07	0.0	0.0	0.0	0.0	0.0	0.0	0.0	0.0	0.0	0.0	0.0	0.0	0.0	0.0	0.0	0.0	0.0	0.0
6248.530836239353	0.6070233564405498	0.3684773552643508	39044137.61143407	6334.280076507829	0.2770192725029119	40123104.087644026	0.0767396773380425	4263.974372777181	-2.7306259174520164	7.456317901060666	18181477.451700557	4335.198516719781	7870.256121710269	1.078434	23.926966	0.08484635	0.0442804	-0.0065638662	0.1136326133	0.0141936509	-0.0213191079	0.1023968434	0.0248164998	0.0315971414	-0.0042594409	-0.0308171728	0.0564144258	-0.0538387511	0.0966050181	0.026126044	-0.0032401895	-0.0251499911	0.000851171	-0.081163924	-0.0027382719	0.0101979116	-0.0797802958	0.0348181561	-0.0104441566	0.0110236111	-0.0081072908	-0.0576077896	-0.0109429523	0.0502118602	-0.0497822914	0.0150559379	-0.0621622869	-0.1290156944	0.0085003557	0.0587796397	-0.13055788	0.0430403606	0.0442721772	-0.0427428772	0.0504569918	0.0578648922	0.058219945	0.0694386381	-0.0708376155	0.0059944409	-0.0284124292	-0.0913937443	-0.0240740146	0.0086685179	-0.0255776798	0.0574548809	-0.0098673111	0.0527199788	-0.078136357	-0.0064566276	-0.1303490515	-0.0484369846	0.013744666	0.0241790618	-0.0015006731	0.0941305702	0.0531586966	-0.0648065893	0.1733137702	0.1140522759	-0.0312042958	-0.0542927239	0.0138556306	-0.0437981312	-0.0738442986	0.1002985346	-0.0884466521	-0.0120587513	0.015332015	-0.0572758259	-0.0802684862	0.039662135	0.0798623467	-0.1347932877	0.0310049871	-0.011245119	-0.0398834221	0.041287	0.1443390517	-0.0071506615	0.0389839412	0.1077501231	-0.0049627308	-0.0818039597	0.0098656543	0.041686194	-0.0382107784	0.0473768717	-0.0015685958	0.0621005291	-0.0556017498	-0.1009330954	-0.0354492971	0.0326922731	0.0018052603	-0.0451681582	0.0136995128	0.022197606	-0.0638428657	0.0792808541	0.0300396371	0.0093167418	0.0140132285	-0.072837425	-0.0064308624	-0.0124629447	-0.0015587486	-0.0295718855	-0.0442815876	0.0894553201	-0.006504432	0.0472234176	0.0582731765	6.55314e-05	-0.0312219441	0.0624442203	0.12427309	-0.0224083703	-0.0295814062	-0.0401102324	0.0903380126	0.0111696125	0.0891576674	0.0898722867	0.0361922827	0.0267962856	-0.0616472604	0.0537352843	-0.0281413371	0.0457670803	-0.0705818789	0.0816496982	0.0478602474	-0.0665726279	0.0551911631	0.0140852357	0.0108531222	0.0400712868	-0.0307975247	-0.032819212	-0.017187477	-0.0430291939	0.046164276	-0.0652361623	0.0328527143	0.162942009	-0.0710819153	0.09097245	0.0271698021	-0.1072324264	-0.0407053743	0.0515682356	-0.0333234653	-0.0320341248	0.1220099704	-0.0632615159	0.1020978139	-0.0841731129	0.0481678052	0.0170581305	0.0695396907	0.0408101676	0.01268723	-0.0356240427	-0.027025343	0.0873284406	0.0155412698	0.0328186921	0.1442555575	-0.0400936957	-0.0064646675	0.0460593841	-0.058761086	0.0115559356	0.0051449805	-0.0659753713	-0.0626771248	-0.0299233436	0.0383012021	0.0489745817	0.0196213642	0.0287401785	-0.1026033337	-0.0020276003	0.0662094475	-0.0374686086	-0.0292812157	0.0329595466	-0.0385679858	-0.0060521035	-0.0721419265	0.0239730886	0.0571792738	0.0037682227	0.0307471738	0.073611932	0.0524994035	-0.03187992	-0.0933675474	-0.0376205191	0.0132635214	-0.0209618862	0.0410510323	-0.0476064159	-0.0862116837	-0.0341761699	0.0537913037	0.0852039625	0.0	-0.0369312	0.0027402	0.0013639135334399	7.508696040000028e-06	0.0166826	-0.0205781999999999	0.0004234623152399	0.0002783091427599	-0.0409131	0.0338724	0.00114733948176	0.00167388175161	0.000853125	-0.000336875	1.1348476562500002e-07	7.278222656250001e-07	0.000401807	8.917199999999999e-05	7.951645584e-09	1.6144886524900004e-07	-0.000454178	-0.000127064	2.0627765568400002e-07	1.6145260096000008e-08	0.0	0.0	0.0	0.0	0.0	0.0	0.0	0.0	0.0	0.0	0.0	0.0	0.0	0.0	0.0	0.0	0.0
6256.989030615692	8.458194376338724	71.54105210792802	39149911.7292451	6346.876653339788	12.596576831959284	40282843.25270967	158.67374788345336	4267.895118511339	3.9207457341581176	15.372247111919076	18214928.74261292	4334.25568598775	7751.209692938774	1.154772	25.620661	0.0697222499999999	0.0431014	0.0517354006	0.0676736356	0.0793282986	-0.0606675706	-0.0226034484	-0.0229448127	0.0053456743	0.0872686309	-0.0559269474	-0.017113776	-0.117780836	-0.0063910146	0.00705056	0.0159319798	-0.0024769503	0.0146242219	-0.0234040119	0.0220677181	0.0783063335	0.1442353486	0.0381746405	0.0922653774	0.0439980297	0.0064256886	-0.0010897882	0.0305501427	0.0426698139	-0.0404897435	-0.0600066356	-0.036804374	-0.0972152688	0.0528854714	-0.0355427642	-0.0345079352	-0.033787745	-0.12330329	0.0417752072	-0.0198514437	0.0502186763	0.0279346362	-0.0432323133	-0.0655314284	0.0011410275	-0.0796812101	0.0491932751	-0.0133854782	-0.0798865961	-0.0808069224	-0.06628249	-0.010618801	0.0531139755	0.0231308498	-0.0871112835	0.0710622065	-0.0662635052	-0.0312890996	-0.1005523931	-0.0204668619	0.0712503401	-0.0510375135	-0.0150492598	0.0506322661	-0.1292889201	-0.0223588975	0.0083449311	-0.0187623296	-0.0247993331	0.0149712976	0.0479855815	-0.0334584896	-0.0318590406	0.0158865063	0.0266561049	0.0911156944	-0.0328911801	-0.0531497695	-0.0165697526	0.0400817207	-0.0796406348	0.03396546	0.0465746024	-0.1027351899	0.0531188742	-0.0788448771	-0.1062211528	-0.0251525469	-0.0382582133	0.0305627436	0.0479084856	-0.058877467	0.0467745375	-0.1325568544	-0.0482139694	-0.0232304364	0.0086034505	0.0049601639	-0.0258118082	0.0569816696	0.045606234	-0.039595865	-0.0023299845	0.0034757216	0.0050945719	-0.0495735702	0.0081678749	-0.1327302116	0.0690439893	0.0130399129	0.0414823853	-0.0557447553	-0.0048230851	-0.0472816189	0.0304949153	-0.0438909298	0.0786115751	0.0347856872	-0.0272553457	-0.0334154137	-0.0058957972	0.0268603417	-0.038204456	-0.0025220361	0.0129035259	0.0269104452	0.0005012904	-0.0558061136	-0.0207264468	0.1489515699	-0.0410575086	-0.0263874277	0.0643677951	0.0411697461	0.0588194124	0.1165321264	-0.0919235021	-0.0782181972	0.0234532287	0.0426006369	0.0742863919	-0.0018483945	0.0209668909	0.013989589	0.0018574678	-0.0237739754	-0.0518489448	-0.0215793994	0.0156965145	-0.0081646313	-0.0506279127	-0.0511153847	0.1359962662	0.0151805277	-0.1049622234	0.0789608944	-0.0143027162	-0.0121282195	-0.0044798494	0.0413617933	-0.010610393	-0.0161243648	-0.0382774692	-0.0524742622	0.0644918547	0.0004442573	-0.0687585635	-0.0656323005	-0.0193773002	-0.0390931896	-0.0503593926	-0.0028220617	0.0889094921	-0.0249970495	0.0812843072	-0.0400426416	-0.0329728807	0.0076669697	0.0796785432	-0.1106771129	-0.026070424	0.1598999344	0.0690452007	-0.0176931954	-0.067701501	0.0338431831	0.0070651174	-0.0725761653	-0.0402755729	-0.0964759164	-0.0622238891	-0.0313805862	0.0197100325	-0.0057156776	0.0793945289	-0.0712289499	0.0154864353	-0.0241173914	-0.059875755	0.0044293653	-0.0185569376	-0.0228661094	-0.0030833723	-0.0263160135	0.0561317496	-0.0421103906	0.1277484857	0.0401516985	-0.0492939875	-0.0858887854	-0.0303973308	0.0576848313	0.0839198044	0.0	-0.0348935	0.0020376999999999	0.00121755634225	4.152221289999985e-06	0.0181089	0.0014263	2.034331690000005e-06	0.00032793225921	-0.0789326999999999	-0.0380195999999999	0.0014454899841599	0.0062303711292899	0.00112332	0.0002701949999999	7.300533802499993e-08	1.2618478223999998e-06	0.000141792	-0.000260015	6.760780022500003e-08	2.0104971264e-08	-0.000419615	3.456299999999999e-05	1.7607674822500004e-07	1.194600968999999e-09	0.0	0.0	0.0	0.0	0.0	0.0	0.0	0.0	0.0	0.0	0.0	0.0	0.0	0.0	0.0	0.0	0.0
6269.593761022745	12.604730407052555	158.8792286344753	39307805.92825533	6354.00281865916	7.1261653193714665	40373351.81952855	50.78223215901264	4268.342366664738	0.4472481533985046	0.2000309107183723	18218746.559065133	4335.374408684888	7974.564998037334	1.208621	26.815388	0.08929166	0.0450876	-0.0455986808	0.0928219634	0.0060843242	-0.0587186192	-0.0521092123	0.0064908656	0.0753812542	-0.0012281085	-0.0255326935	0.0570111914	-0.007958234	0.1305277542	0.0419275508	0.0207426423	-0.0028916516	-0.0364549837	-0.0343199459	-0.0008526164	-0.0844992016	0.051578282	-0.0028486217	-0.0865673532	0.0607872352	0.0824430052	0.0237059945	0.0315401031	-0.0056211725	0.0310315912	-0.0544050005	-0.014368617	0.1280229354	-0.0664290427	-0.0514158719	0.0507220149	0.0053096173	0.1013329477	0.0101182961	0.0831339801	-0.0533345485	-0.0362463241	0.1516134226	-0.0872477137	0.0876864814	-0.0578646769	-0.0968691986	-0.0420669431	0.0012229432	-0.0233464028	-0.0931626365	-0.0844696287	-0.0944598551	0.0551494185	-0.0214590166	-0.0092713902	-0.0384660096	-0.0529768339	-0.0860739558	0.004233982	-0.0834896803	-0.0115559147	0.0694477516	0.0959499082	-0.0395973744	-0.0534082871	-0.0176851891	-0.0589031147	0.089893114	-0.0833021117	-0.0144935078	-0.0740603884	-0.0288428391	0.027087624	-0.0300040085	-0.0457983554	0.0419751187	0.0525167978	0.019650065	-0.0442116043	-0.0805912767	0.1143015073	-0.1517839735	0.0956011155	0.0084795685	-0.0692220685	0.0345522622	0.1099973076	0.0637975509	0.0630089812	0.0276150539	-0.0525212246	0.0146787576	0.0119269893	-0.0170248329	-0.0494197651	-0.06236715	0.0484598395	0.0272888844	-0.0030068895	-0.0123108347	0.0019290956	-0.0868134987	-0.0343588768	-0.0267000241	-0.0027009802	0.0847425676	0.0089758276	0.0086080004	-0.0466554891	-0.0963609109	-0.1012994483	0.0423548048	0.0071964121	0.0003384763	-0.0376310367	-0.0651860862	-0.0769646515	-0.0362990674	0.0136003563	-0.0480414247	-0.0234681368	0.0258271547	0.0363853334	-0.0532801514	0.0248064069	-0.0185327012	0.0417504852	0.032650974	-0.0813436636	0.1277767092	-0.0139268067	-0.0409459056	0.0280444703	0.1013092587	0.0018631208	-0.0428089838	-0.0008525111	0.1562894522	-0.1251096734	-0.0265400363	0.0499063936	-0.006799975	0.0219144517	-0.0652324284	0.0705693633	0.0350004222	0.0706506435	0.090149068	0.1158519593	0.0046076044	0.1081591597	0.0584511066	-0.064481913	-0.0137870203	-0.0349849156	0.0326348297	0.0301450107	-0.0664025737	0.0619328515	0.0439414947	0.0970722971	-0.0327261434	-0.0464870862	0.0102187291	0.0910008031	0.04832479	-0.0955138187	-0.1034640284	0.0139393247	-0.0039788044	-0.0750600874	-0.0697829536	-0.0430990414	0.0074066158	0.0131691827	0.0681013803	0.0774693769	-0.0526953656	-0.0428511123	-0.039598255	0.0044076932	0.0166675641	0.0668651605	0.014121316	-0.0434723623	0.0480976753	-0.0626815036	-0.0147330026	-0.0045044036	0.0728731693	-0.072446131	0.0225564267	-0.1019957518	0.0002165204	0.0098838024	-0.0236325941	0.0360957361	-0.0470118068	0.0669115817	-0.0390685901	0.0066749398	-0.0801309877	-0.0293043675	-0.0107877347	0.1240652479	-0.0900315854	0.0392468059	-0.0509542622	-0.0854588803	-0.0265511704	0.061378762	0.0822175621	0.0	-0.0283872	0.0065063	0.00080583312384	4.233193968999999e-05	-0.0156921	-0.033801	0.0011425076009999	0.00024624200241	-0.0957551	-0.0168224000000001	0.00028299314176	0.0091690391760099	0.00147922	0.0003559	1.266648100000001e-07	2.1880918084e-06	2.88308e-05	-0.0001129611999999	1.2760232705439996e-08	8.312150286399998e-10	-0.000245237	0.000174378	6.0141186169e-08	3.0407686884000015e-08	0.0	0.0	0.0	0.0	0.0	0.0	0.0	0.0	0.0	0.0	0.0	0.0	0.0	0.0	0.0	0.0	0.0
6287.923328669525	18.32956764678056	335.9730501179047	39537979.787226446	6365.871862601691	11.86904394253088	40524324.57106392	140.87420410972896	4272.085669384027	3.743302719289204	14.01231524823795	18250715.96655637	4337.894857180697	8016.949055263306	1.095928	24.315105	0.18364066	0.0943536	-0.0220007452	0.0276117591	0.0228762824	-0.0169689093	-9.66568e-05	0.0854007196	-0.0254106508	-0.0236060913	-0.0351580913	0.107375567	-0.0817196326	-0.0349769448	0.0851573952	0.079428597	0.055586314	-0.0301007284	0.0046475059	0.0129683972	0.0230795707	-0.0773511132	0.0429117775	0.0681426734	-0.0534550213	0.1006255995	-0.0212066783	0.0986641968	-0.0081329802	-0.0067331426	0.1012518934	-0.0561133669	-0.08148214	-0.0065815082	-0.0076103887	-0.0446953702	0.0756953031	-0.0344536909	0.1081034422	-0.1249412509	-0.0306454102	-0.0098483546	-0.0170320387	-0.0383592993	0.1204029897	0.0617949457	-0.0177865028	-0.0112851363	0.0621582106	0.023832386	0.0425981878	-0.0893366183	0.1102673683	-0.0152533809	-0.0193060606	0.0777955123	0.0149881292	0.0212401126	0.0369268793	0.0228292665	0.0111184268	0.0372540483	-0.0238689953	-0.1021966563	-0.0414945216	0.0057465974	-0.048826704	-0.0897589386	2.25081e-05	0.0024953808	-0.0084607207	0.1046818641	-0.0525953006	0.138713451	-0.0079101162	-0.0058896625	0.0506738131	0.0026335381	-0.0483462429	0.0345921417	-0.0981853855	0.0090279487	0.0789279899	0.0385130581	0.1750508665	0.0725394519	0.0091386932	-0.018502223	0.0048745768	-0.0512845613	0.0687959923	0.0371438973	0.0519904036	-0.0460352473	-0.0350658432	-0.0048615955	-0.047530268	0.0252217617	-0.0034325347	-0.0299404427	0.066090543	0.1068829246	0.0454053357	-0.0131044227	-0.0214019735	-0.0066651279	-0.0257712982	0.0243266022	-0.0994552881	-0.0070367911	0.1006718994	-0.0708763267	0.0031976265	-0.0684049613	0.0300104283	0.0786938032	-0.0120108139	-0.0054201215	0.0494553406	-0.0523362311	0.0392880575	0.0184834632	0.0192999434	-0.0511213221	-0.0965554282	0.002876889	-0.0025855204	-0.109717231	0.0317382372	0.130476049	0.0111130911	-0.0253432092	-0.0216812355	-0.1340667414	-0.0319121028	0.0636780582	0.0985241453	0.0271209712	0.005124114	-0.1103391861	-0.0791419725	0.0990181672	-0.0547229466	-0.0529117995	0.0753948537	-0.0864536002	-0.0304117242	-0.011953861	0.055813247	-0.0897287129	0.0175746831	0.0831393379	-0.0201097738	0.0872322388	0.0035499138	0.0427167835	-0.0272331259	-0.0191849875	-0.0236317981	0.0197048825	0.0568867083	0.0233133489	-0.1109150062	0.0502885343	0.0351249376	-0.1333671123	0.0519281541	0.0069788578	-0.0267603614	-0.0847152801	-0.0722838854	0.0784412942	0.0170227933	-0.0375705809	0.0206900413	-0.0268095126	0.0024504902	-0.0394630159	0.0676128026	-0.0615126235	-0.1063806912	-0.0794769309	0.0393488628	0.0276872485	-0.0020009402	0.0455705924	-0.0119239788	0.014558419	-0.0521514938	0.0749519576	-0.0772652635	-0.0650636347	0.0358364864	-0.0505499694	0.0165172299	0.0308943221	-0.0241463958	0.0272926968	0.0377508007	0.0150997778	0.0586365839	-0.0645128214	0.0629570027	-0.0521902935	0.0151355062	0.018202293	0.0322035075	0.0383364799	-0.0525863208	-0.0849225041	-0.0226462068	0.0648603145	0.080105716	0.0	-0.0245285	0.0038586999999999	0.00060164731225	1.4889565689999998e-05	0.0534527	0.0691448	0.00478100336704	0.00285719113729	-0.067977	0.0277781	0.00077162283961	0.0046208725289999	0.000645032	-0.000834188	6.958696193440001e-07	4.160662810240001e-07	0.000577454	0.0005486232	3.0098741557824e-07	3.334531221160001e-07	-0.000519607	-0.0002743699999999	2.69991434449e-07	7.527889689999998e-08	0.0	0.0	0.0	0.0	0.0	0.0	0.0	0.0	0.0	0.0	0.0	0.0	0.0	0.0	0.0	0.0	0.0
6294.28876983882	6.365441169295082	40.518841279756735	39618071.11811909	6358.055119180272	-7.816743421418323	40424864.89853447	61.10147771628663	4276.385344920212	4.299675536185532	18.487209716472343	18287471.61824837	4340.585184715789	8096.273038323488	0.982536	21.799301	0.16258061	0.0896097	-0.0331644419	-0.0129867547	0.0779436449	-0.0568199701	-0.0595820018	0.0625661519	-0.0079772857	0.0242913228	-0.009282859	-0.0193199534	-0.0590378501	-0.0390479036	0.020517634	0.0571968828	0.0301542174	-0.0618638187	0.0479243041	0.0002753654	0.0473660597	0.0783913559	0.0246508143	0.0154614334	-0.0345818463	0.0358214151	0.073171964	-0.0474764415	-0.0171343494	0.0759245619	-0.0529642834	-0.0961289244	-0.0137869574	0.0626248364	-0.0506504288	0.0503799852	-0.0985245556	-0.0451002085	-0.1009715052	-0.0261545694	-0.013802645	0.0463348634	-0.0408172894	-0.0568071102	0.0414181683	0.0082147963	0.0978311745	-0.0212104025	-0.0005665559	-0.0453822558	0.069336426	0.0617967596	0.1352134508	0.0449304047	0.0150991267	0.0391884023	0.0163135751	0.0140590754	0.0689620302	0.0805011185	0.0319546879	0.0303504205	-0.0261439095	-0.0359708427	0.0349219951	0.0974577934	-0.0571352056	0.001665633	0.021026109	-0.1582062906	0.0252086655	0.0548026161	-0.0861958033	0.0602811937	0.0632472132	0.1053980974	0.0024647444	-0.0659067968	-0.0736916399	-0.092796436	-0.1018922381	0.0583758554	-0.0651556432	0.0372168914	-0.0382789477	-0.098152642	0.0251937861	-0.0984421522	0.1236743623	-0.0324618739	-0.0394925421	-0.1011849383	0.1318791547	0.0808592006	-0.0153692822	-0.0062261352	0.0043600461	0.0173550411	-0.0965296043	-0.0526641523	0.0098910937	0.0309636185	-0.0216610555	-0.029347884	-0.0695984602	-0.0428267069	-0.0390542405	-0.0781877659	0.0413383261	-0.0132202398	0.0239783764	-0.0275166853	0.0154084905	-0.0653771132	-0.0129820816	-0.1222460521	-0.0949050148	0.0453329442	0.0113978891	0.0233102996	0.0443828031	0.0137090024	-0.0269582257	-0.0719207053	0.0554336642	0.0193903779	-0.0448917145	0.005643387	-0.0884744818	-0.0336206034	-0.0940494307	0.0355774983	0.0411609571	-0.0766458773	-0.0471360801	0.0623923779	0.049539334	-0.0358655702	-0.0894261571	0.0477631821	-0.11549281	-0.0454481923	-0.0182451173	0.0005058464	0.0679300126	0.0479590495	-0.0460370179	0.0546306399	-0.0004884438	0.0496010042	0.0425412137	0.0526206609	-0.0017221774	0.0951146143	-0.0601991415	-0.0141050768	-0.0607031482	0.0731934386	-0.0708708796	0.0697065957	-0.1146270598	0.0383136219	-0.0178061461	-0.1096760017	-0.0424642975	-0.0525587962	0.0054704765	-0.0321285382	-0.061659619	-0.0240444148	-0.129183513	0.0182476397	-0.0159229298	-0.0355242533	0.0431894434	-0.1002517125	-0.0519464253	0.1120661298	0.0184703633	-0.0727966246	0.0129039562	0.0291814007	0.0488723396	0.0334672443	-0.0746492299	-0.026066582	0.038020861	0.0008382452	-0.0028289788	-0.0479425602	-0.055654013	0.053455589	0.0071429902	-0.0142261373	-0.0421126192	-0.0461788214	0.0271301657	0.0056346643	0.0081684009	0.0785623829	-0.0735640445	0.0804772964	0.0525306014	0.035114433	-0.0131239706	0.1192566172	0.0659235212	0.0374208465	-0.0541892595	-0.0842803251	-0.0186910884	0.0681174421	0.0775947873	0.0	-0.030116	-0.0055874999999999	0.000906973456	3.122015624999999e-05	0.00881939	-0.0446333099999999	0.001992132361556	7.778163997209999e-05	-0.115014	-0.047037	0.002212479369	0.013228220196	0.00170779	0.001062758	1.129454566564e-06	2.9165466841e-06	0.000387635	-0.000189819	3.603125276100001e-08	1.50260893225e-07	-0.000465728	5.387899999999995e-05	2.16902569984e-07	2.902946640999994e-09	0.0	0.0	0.0	0.0	0.0	0.0	0.0	0.0	0.0	0.0	0.0	0.0	0.0	0.0	0.0	0.0	0.0
6287.955574258775	-6.333195580044958	40.10936625510099	39538385.30385201	6360.704888759516	2.649769579243184	40458566.6818892	7.021278823082601	4273.073661621402	-3.311683298810749	10.967246271622043	18259158.51764253	4338.903877124972	8226.808550201193	1.122747	24.910126	0.15947811	0.087464	-0.0737002145	-0.02546386	-0.0225721506	0.0169706004	-0.0386819535	-0.0066601645	0.0722816427	-0.025533021	0.0816645798	0.0548217791	-0.0049601977	0.0428000948	-0.0819911033	-0.0592451276	0.0070243772	-0.0562681864	0.019148301	0.0167294068	-0.0645798938	-0.0332155655	-0.1285099874	0.0518270666	-0.0428152883	0.0350176369	0.0267282045	-0.0172236259	-0.1699227282	-0.0486087858	0.0577954853	0.0327520002	0.0840461302	-0.0851753676	0.071235913	0.0187555952	0.0927737831	0.0147204298	0.0192272077	-0.0169512517	0.0553436522	-0.1221582644	-0.018540457	8.73445e-05	0.0132992187	-0.0923669675	-0.0359659828	0.0069564251	0.0341096748	0.0428249368	-0.0062123382	0.0709396057	-0.0157131889	0.0599190653	-0.0350854492	-0.0774323328	-0.1146676358	0.0121948732	0.0681584518	0.0908890642	0.0376105665	0.0147042136	0.0934831957	-0.0049245309	-0.0652426372	-0.0327981047	-0.0073533595	0.0621568196	-0.0455165702	0.0047762968	-0.0368038644	0.0770597479	0.0027982124	-0.0082209622	0.0421186045	-0.0877239906	-0.0129597203	-0.0338537103	0.0535955009	0.0803279021	0.0833955715	0.0468514813	0.0154972822	-0.1028269377	0.044571849	-0.0597110692	-0.0916043825	-0.0262158483	0.0731264413	0.0775059313	0.0060837292	0.0465398068	0.1377319265	-0.0099773103	0.0085086995	-0.0537929318	-0.0084226287	-0.0100246464	-0.0121764502	0.0237365715	-0.1322734449	-0.1003038977	0.068536576	-0.0256684592	-0.0531078034	-0.0201443038	0.0275137143	0.1244280124	0.0438438304	0.0151970875	0.0590290468	0.0014267252	0.030725712	-0.0311358273	-0.0898468513	0.1055599666	-0.0590635239	-0.0755645319	0.0159442078	-0.0274475637	0.0925576494	-0.0818856661	-0.0036890509	0.0339505589	-0.033882734	0.0236318234	0.0033937939	0.0100882926	0.1137396998	0.0657211598	0.0123705385	0.0137205075	0.0710233273	0.0051532836	0.0158648287	-0.1183445981	0.0762230534	-0.0127728336	0.0070448655	0.083621836	-0.0632772636	0.0622031366	0.0184000317	-0.0083630174	-0.0903973377	0.0636705418	0.0008916889	-0.0362388602	0.1011643547	-0.010213765	0.0395667505	0.045212444	0.0092859513	-0.0287888432	-0.0134334627	-0.0240305333	-0.0678326601	0.0447880357	0.044309069	-0.0580627099	0.0681947968	-0.1475533662	0.0006394496	-0.0441455931	-0.000751317	0.0670607567	0.0576977546	0.0591373233	0.0811598543	0.0440151751	0.0322820942	-0.0549606234	0.028088943	-0.0866050142	0.0079989064	0.0455695989	0.0409442037	0.0995607489	-0.1033440312	-0.0829477474	0.0753770503	0.094754959	-0.0056962905	0.0622491985	0.0358372983	0.0194995535	-0.0206266894	0.0421866195	-0.0923116538	-0.0076247026	0.0364547783	-0.0156645817	0.0098587377	-0.0088299042	-0.0605483294	-0.0007769456	0.0079596922	0.0495802556	0.058162436	0.0174332471	0.0479814486	-0.0252528693	-0.0633700573	-0.0313599347	-0.0055710727	0.1450202466	-0.0539191375	0.0365000323	-0.0557621907	-0.0835331432	-0.0146945747	0.0711388748	0.0746972852	0.0	-0.028567	0.001549	0.000816073489	2.3994010000000056e-06	0.0630454	0.05422601	0.0029404601605201	0.00397472246116	-0.0677413	0.0472727	0.00223470816529	0.00458888372569	0.000907615	-0.000800175	6.402800306250001e-07	8.237649882249999e-07	0.000577454	0.000189819	3.603125276100001e-08	3.334531221160001e-07	-0.000327114	0.000138614	1.0700356899600001e-07	1.9213840996000004e-08	0.0	0.0	0.0	0.0	0.0	0.0	0.0	0.0	0.0	0.0	0.0	0.0	0.0	0.0	0.0	0.0	0.0
6274.161940861137	-13.793633397638589	190.26432230845063	39365108.06015039	6392.075286778289	31.370398018773813	40858626.47184175	984.101871856288	4276.02892212068	2.955260499278665	8.733564618596787	18284423.34281255	4343.667039030501	8013.285871255137	1.277913	28.352755	0.1275978	0.0686499	-0.0123654811	-0.0246613926	0.1168482343	0.1085826863	0.027558642	0.0555217547	0.0047370442	-0.0123670296	-0.0227688606	-0.1074984223	-0.0075432828	-0.0608878276	-0.1090020743	-0.0614736258	0.0068825797	-0.0853223295	0.0198915592	-0.1241625521	0.0330398911	0.0043673128	0.0658189011	0.0107848448	0.0453754062	-0.0326798642	0.003547161	-0.0228212026	-0.0244160108	-0.0338005488	0.0552961775	0.0651210162	-0.1390692224	0.0348171341	-0.0265156149	-0.0384112117	0.0306457	0.0624305993	0.0354584974	-0.0925727953	-0.071344291	0.0012621202	0.0411402541	0.082659148	-0.1376098436	0.0331167052	0.0535780089	-0.0206819902	0.0145986173	0.0840820012	0.0606874528	0.0060618343	-0.0317212302	-0.0944083736	0.0896097461	-0.0585246028	0.151345308	0.0382844154	0.068895245	0.0028736536	0.0760711458	0.025713912	0.0871988771	-0.0444499746	0.0643876986	-0.1353172741	-0.0394696826	-0.1147803764	0.0211545785	0.0073306056	-0.0212467113	-0.0396966302	-0.0311454339	0.1171775809	0.1420259405	-0.0201990025	0.1571133575	0.0346550655	0.0982981758	-0.0274688764	0.0631594072	-0.0037391393	-0.009058297	0.0687155957	-0.0357879389	0.0140490226	-0.0186333826	0.0474477223	0.0301047566	0.0033898542	0.0393955973	-0.0526591709	-0.0324291747	-0.0600278855	-0.0792379551	-0.0346144142	0.025932951	0.0266410236	0.0325995502	0.0604390868	0.063333716	0.0228373839	0.004291014	-0.0504059722	-0.0553691547	0.1316255349	-0.0745050601	-0.0497601094	0.0277463865	0.0132045301	-0.0139530728	0.0273864272	-0.0083449384	-0.0604096439	0.0299041612	0.0960722333	0.0602027815	0.0535911089	0.0341665617	-0.0074898993	0.0275792531	0.09641318	0.0587489306	-0.0450720457	0.0516783916	-0.0686882008	0.0386959956	-0.0327738088	-0.0071781249	0.0126547961	-0.0262373051	-0.0759519132	-0.0729572239	-0.0025096616	0.0269056573	-0.1125476811	0.0046066512	-0.0884092288	-0.0457368171	-0.0099647861	0.042162049	-0.1325640601	-0.1284065266	-0.045122159	-0.0218167506	-0.050725839	0.0312017678	0.0442917483	-0.0312331812	-0.0424583328	0.1533105914	0.1338190626	-0.1762195001	-0.167012492	0.0652700516	0.0671903074	-0.0122860021	-0.0681169575	-0.0343262869	0.0043469736	0.0608162566	-0.0935524714	-0.073821617	0.0575393504	-0.0067713043	-0.0468773493	-0.0632208384	-0.0278241169	-0.0453213848	0.0437870715	-0.1353638388	0.001861345	0.0079775642	0.0413881891	-0.0187169964	0.0995094287	0.0316087773	-0.015060244	-0.0125859514	-0.0604320539	0.0549799037	-0.0621862814	0.050668605	0.0215512648	-0.1165369674	0.0220178448	0.0373098111	-0.0155140007	0.0142915362	0.0700807627	0.0082594774	0.0222694302	0.0012518628	0.0450333889	-0.0284166593	-0.0676916493	0.0225270975	-0.0676003871	0.0451780377	-0.0537427381	-0.0118762206	-0.0651099595	-0.0239751893	-0.0359622075	-0.0596979342	-0.12447506	0.0649290235	0.035574165	-0.0573042433	-0.0826818895	-0.0106655167	0.0739141579	0.0714276451	0.0	-0.0292712	-0.0007042	0.00085680314944	4.958976400000029e-07	0.0182139	-0.0448314999999999	0.0020098633922499	0.00033174615321	-0.102982	-0.0352407	0.00124190693649	0.010605292324	0.0014401	0.000532485	2.83540275225e-07	2.07388801e-06	0.000173511	-0.000403943	1.6316994724900004e-07	3.0106067121e-08	-0.000327114	0.0	1.0700356899600001e-07	0.0	0.0	0.0	0.0	0.0	0.0	0.0	0.0	0.0	0.0	0.0	0.0	0.0	0.0	0.0	0.0	0.0	0.0
6274.8273687971305	0.6654279359936481	0.4427943380007667	39373458.50820552	6343.047322330312	-49.02796444797696	40234249.33332175	2403.7412979120923	4273.972381437862	-2.056540682818195	4.229359580086327	18266839.91729363	4343.699692557622	8068.725725169309	1.377423	30.560564	0.0203056249999999	0.00931705	-0.0884621919	0.0710356302	-0.0293829899	-0.06200239	0.0094310701	0.051858457	0.0218553311	0.0487506297	0.0848157952	-0.0178377493	-0.0548922729	0.0788028396	0.0244287949	-0.0565384504	-0.092308175	-0.0854109635	-0.0222883665	0.0229151671	0.0847467692	0.0728676468	-0.0809172493	0.0034866595	0.0663483269	0.0457457653	0.1133529553	0.0220725717	0.0601424707	-0.0240218386	-0.0977217143	-0.0230833732	0.0107993435	0.0186638005	-0.0605960084	0.0120050166	-0.1154672381	0.0129063883	-0.020255644	0.1186587488	0.0030369112	0.0306385145	-0.0135684046	0.0258528421	-0.0496743951	-0.1103155994	0.0299098883	0.0022295347	0.0491983512	-0.0632993472	-0.0983126931	-0.1129236833	-0.0622326859	0.0895986403	0.1014825418	-0.0355655718	0.0018133148	0.0254118967	-0.0241129982	0.0665121929	0.0060222504	0.0257992423	-0.0378908659	-0.0269536468	-0.0192161247	-0.0006570446	-0.053210596	0.0888458301	-0.0016120388	-0.0828403782	0.0001586795	0.0628110955	-0.0055629749	-0.1027503584	0.1493841343	-0.0873185048	0.0600088701	-0.0034881873	0.0723630039	-0.0957687867	-0.0185015838	0.0488955114	-0.0224356683	0.0126627462	-0.0542377218	-0.0769297209	0.077977076	0.039097306	-0.0906094179	-0.0365938105	0.0188279011	-0.0731786866	-0.0221646063	-0.0533231297	-0.0713288446	-5.39801e-05	-0.0261498722	0.0228665634	-0.0575550416	-0.0050303864	0.0115720994	0.0088356001	0.0643715363	-0.1031401617	0.0068246161	-0.0517873005	-0.0610087671	0.0005906326	0.0900671088	-0.0037934629	-0.0132808899	-0.0755539966	0.1284631741	-0.0136146618	0.0519095435	-0.0971414679	0.0746476204	-0.013352727	-0.012948214	0.0441012218	-0.0718784384	0.0208929736	-0.028594941	-0.0938695195	0.012755146	0.0778354672	0.0350325253	0.0244552603	-0.1029496476	-0.0255358837	0.0333278126	0.0313511246	0.0069722714	0.0217106818	-0.0403568432	-0.0644182532	-0.1044816982	-0.0099317913	0.0595695544	-0.0214015352	0.0699685822	-0.0199058871	-0.0733062631	0.0942612689	-0.0063478875	0.0836138838	-0.0427998376	-0.0548391502	0.0229537282	0.0192530629	-0.0011372032	0.0229079114	0.1159394444	-0.0619299161	0.0300498453	-0.1001024672	0.0038921754	0.0708318188	0.0356792681	-0.0364602792	0.0372127857	0.0478323888	-0.007460029	-0.0472437266	0.1106025101	0.0677187864	-0.0094826644	0.0016406548	-0.0249232499	0.0460735915	-0.1448666715	-0.0416345916	0.0214626009	0.0784032794	-0.006782303	0.045769994	-0.0844363127	-0.0209701096	0.0536990641	-0.0023351914	0.0965430438	-0.0646976313	0.0394734834	0.1107001878	0.0283270569	-0.0453024378	0.0529814931	-0.0005811921	-0.0381237898	-0.0616111796	-0.0469358853	-0.0964232272	-0.0285086857	0.0730210142	0.0381495406	0.0374184237	-0.0183039188	-0.0179260733	-0.05541049	0.0324181364	-0.1308689343	0.0367848857	-0.0762313794	-0.1288843716	-0.0374283007	0.0446023135	-0.0605166358	0.0346433727	-0.0588145635	-0.0817276244	-0.0066128377	0.0764336887	0.067802156	0.0	-0.027088	0.0021831999999999	0.000733759744	4.766362239999999e-06	0.0239243	0.0057103999999999	3.260866815999997e-05	0.0005723721304899	-0.106358	-0.0033759999999999	1.1397375999999934e-05	0.0113120241639999	0.0015406	0.0001005	1.0100250000000025e-08	2.37344836e-06	9.32905e-05	-8.02205e-05	6.435328620249999e-09	8.70311739025e-09	-0.000327114	0.0	1.0700356899600001e-07	0.0	0.0	0.0	0.0	0.0	0.0	0.0	0.0	0.0	0.0	0.0	0.0	0.0	0.0	0.0	0.0	0.0	0.0
6283.54293920361	8.715570406479856	75.96116751030743	39482911.86881555	6392.889014610877	49.84169228056453	40869029.95313243	2484.1942893904857	4269.489232875059	-4.483148562802853	20.098621036161287	18228538.309636064	4336.9989868238135	8021.977571007109	1.23768	27.460127	0.153281875	0.0770895	-0.0356912566	0.0053967282	0.0760801047	0.0747555326	-0.0728470386	-0.0094828487	0.0974849002	0.0335718088	-0.0095408843	0.0389815873	-0.0328336927	-0.0097243723	0.1018640156	-0.0317351151	0.0199124517	-0.0496095541	0.00310488	-0.0374490834	-0.0965193183	0.0314487509	-0.0146190307	0.0503973306	-0.0397794652	0.0459985686	0.0881723377	-0.008222978	-0.082612696	0.08120215	0.0060297408	0.1028035811	0.0045627605	-0.0106226435	0.051111591	-0.0580957793	0.0342456085	-0.0499975695	0.0959413503	-0.0277899808	0.0386994865	-0.000130717	0.0043878301	-0.0081435026	-0.0206189453	0.0376802387	-0.034573452	0.0881369863	-0.1944907355	-0.0445792845	0.1040765026	0.0042733604	0.0255084138	0.0217082353	0.0293779569	0.0321216716	-0.0999940671	-0.0406604103	0.0114063597	0.0277476323	0.0428954044	-0.0565517687	0.0633762146	0.0416038058	0.0405277983	0.0284192694	0.1125440683	0.0744717085	-0.0512205346	0.0315614421	-0.0931248686	0.0781583015	-0.0687283487	-0.0409163383	0.0358856199	-0.030367731	0.0213679923	-0.0735924282	-0.0173084851	0.082339884	-0.0610544513	-0.0165096289	-0.0075219453	0.0128886755	-0.0497995077	0.0877418906	0.0378568222	-0.0015945365	0.0300584447	-0.1517551845	0.1029185234	-0.0713197272	-0.0266947838	-0.054014438	-0.0829772257	-0.0013884272	-0.0132655971	0.1080562931	0.1077275714	-0.0119163457	-0.0232288947	-0.1133957182	0.0129783015	-0.0214410047	-0.066876111	0.0633117523	0.0604496236	0.0112181193	0.0524605734	0.0360326069	0.0266111749	0.0096601707	0.0911034686	-0.0447569105	-0.0824185117	0.0094310607	-0.0564885827	-0.0977895552	0.0399966685	-0.0677656815	0.0519351329	0.0169199388	0.0158707494	0.109267772	0.0386277489	0.0063984446	0.0349977813	0.0107515816	0.0689400018	0.0948743816	-0.0285022385	-0.0187775665	-0.0020699131	0.0159543493	0.0508320511	0.0647152493	0.0182502269	-0.1441665631	0.0328258437	0.006629734	-0.0528874132	-0.0837174548	-0.0145746629	-0.0987589919	-0.0452580436	-0.0351709313	0.0149081303	-0.0303576454	-0.0568617992	-0.072794301	-0.0499125418	-0.0656305024	0.0553421946	0.0136170813	0.0535309239	-0.0757747968	0.0222050254	0.0657944513	0.0072746696	-0.0481313695	-0.1245353342	-0.0019512487	0.0047981272	0.0001286928	0.0886615068	-0.0724965222	0.087286508	-0.0341678759	0.0496894333	-0.0654246555	-0.0946479509	0.0557974227	-0.0681087508	0.0304021002	0.0794548924	0.0438357337	-0.0859590649	-0.0605261879	-0.1249910943	0.0531776658	0.0035032163	-0.0976172266	-0.0698276807	0.036364948	-0.0610652644	0.1025678058	0.0198583506	0.0165790889	-0.0544617374	-0.0006286185	0.0486877135	-0.0364688262	0.0372150448	-0.0567244562	-0.0455980966	0.0522800707	-0.0341919359	-0.0648822488	0.0007426687	-0.0520045105	-0.006410284	-0.099375368	-0.0507396547	0.0505898715	0.0815946355	-0.0282644472	0.0586911824	0.0337077843	-0.0602923148	-0.0806715369	-0.0025455132	0.0786887493	0.0638388799	0.0	-0.0309666	-0.0038785999999999	0.00095893031556	1.5043537959999995e-05	0.0663578	0.0424335	0.0018006019222499	0.0044033576208399	-0.0734710999999999	0.0328869	0.00108154819161	0.0053980025352099	0.000673219	-0.000867381	7.523497991610001e-07	4.53223821961e-07	0.000577454	0.0004841635	2.3441429473225006e-07	3.334531221160001e-07	-0.000457227	-0.000130113	2.09056529529e-07	1.6929392769000002e-08	0.0	0.0	0.0	0.0	0.0	0.0	0.0	0.0	0.0	0.0	0.0	0.0	0.0	0.0	0.0	0.0	0.0
6277.819604768671	-5.723334434939716	32.75655705416671	39411018.99001787	6372.604926389167	-20.28408822170968	40610093.547839485	411.4442349861014	4272.103765153343	2.6145322782840594	6.835779034189234	18250870.580237374	4340.239353839171	8027.423346234064	1.047254	23.235184	0.20696104	0.104872	-0.0654188037	0.0337216847	0.0741758931	0.0477024441	0.0475723157	0.0978942825	0.0152316652	0.0459707382	-0.0336370619	-0.0537538242	-0.0051339479	0.0169200929	0.0811453667	0.0285964893	-0.0302145523	-0.1078074866	-0.0266098523	-0.0260932581	0.0188012259	-0.0157619529	0.0849593086	-0.0133661188	0.0683073529	0.0008305735	0.0470919949	0.0036479927	0.028598193	-0.0615800469	-0.018195643	0.1000324124	-0.0826086696	-0.089845311	0.0161801506	0.1164140374	0.015440643	0.0120083512	-0.0221935331	-0.0866403898	0.0737803762	0.0667280734	0.0318264038	-0.03259112	-0.0379813318	0.0585118382	-0.0120646439	-0.0565993956	-0.0394138103	-0.11579437	-0.0059871269	-0.1572534733	-0.0708196957	0.0785260193	-0.0133375361	0.0596676454	0.0480066024	-0.0520563259	-0.0209379858	-0.0470703251	-0.0618016659	0.0093813883	0.0328066391	-0.0465775753	0.0522872181	-0.0623400288	-0.1381761024	0.0832253229	-0.0162748186	-0.0128556761	0.1198919816	0.0455032293	-0.0313251708	-0.0238953315	0.0287564092	-0.0572685341	0.0033241604	-0.090021549	0.0333270764	0.0484794136	-0.0050385998	0.0018772746	-0.051292649	-0.0367292151	0.0874071521	0.0946218829	-0.0683996732	-0.0135081491	-0.033325221	-0.1486176441	-0.0198404747	0.0609643595	0.0491936258	-0.021062017	-0.0172714159	-0.0295268927	0.038346314	-0.1685728241	0.0550568423	0.1035205357	-0.0039183517	-0.0952844815	-0.0294893362	-0.0992895901	-0.0358989193	0.0515820534	-0.0364764834	-0.0423503854	-0.0516204051	0.0066512103	-0.0485769985	0.0263946322	0.0638636824	-0.0269398565	0.0516452354	0.0696852241	0.036293433	-0.0090368141	0.0207533954	0.166695199	-0.1034383371	0.0578074412	0.0476279178	0.0820628492	0.0831806922	0.0703355026	-0.0544724644	-0.0105409976	-0.0462243862	0.0014173634	0.0897567668	-0.0351683951	0.0342891693	0.0221625368	-0.0081486154	0.1213937931	-0.01873149	0.0401862328	0.045809172	-0.0741922393	0.0805341447	-0.0778020814	0.0156716806	0.0210776304	-0.016875157	-0.0226295587	-0.126526978	-0.0526506941	0.0914581709	-0.0822395457	0.0529277961	0.0642436406	-0.0090555871	0.0658800269	-0.0241343876	-0.0920116851	0.0947229763	-0.0243566551	-0.023566224	0.0216126189	0.0634770548	0.0102376175	0.0751106578	0.0283349334	0.0387913118	0.0167279248	0.0140449607	0.0744776148	0.0073394074	0.015674531	-0.0555626335	-0.0412887178	-0.0705680227	-0.062072911	0.0381377673	0.0488870953	0.0171859212	-0.1160413541	0.0155880474	-0.0672925009	0.018045185	-0.0356309279	-0.0840031798	0.0846324787	-0.074385052	-0.0417591447	0.0859167034	0.0013684311	0.0224874508	0.0458419343	-0.0165658026	-0.0615203486	0.0285395322	0.0191922054	-0.0327949736	0.013151177	0.0289144766	-0.0353718774	0.0398567623	0.007960634	0.0542686037	-0.017602901	0.0188245752	-0.1026082393	-0.0716646215	0.0347171793	-0.0483257742	0.0327675292	-0.061736679	-0.0795149427	0.0015274489	0.0806715369	0.0595575618	0.0	-0.0286002	0.0023664	0.00081797144004	5.599848960000006e-06	0.0132302	-0.0531276	0.0028225418817599	0.0001750381920399	-0.133107	-0.0596359000000001	0.00355644056881	0.017717473449	0.00170975	0.0010365309999999	1.0743965139609995e-06	2.9232450625e-06	-3.18558e-05	-0.0006093098	3.7125843237604e-07	1.01479199364e-09	-0.000266445	0.000190782	7.099293802499998e-08	3.6397771524000015e-08	0.0	0.0	0.0	0.0	0.0	0.0	0.0	0.0	0.0	0.0	0.0	0.0	0.0	0.0	0.0	0.0	0.0
6281.486086921591	3.6664821529202527	13.443091377682732	39457067.46018952	6349.332075330946	-23.272851058221026	40314017.80282638	541.6255963781393	4266.490430449478	-5.613334703865803	31.509526497624183	18202940.59311697	4335.845864157075	8122.364109380402	1.011526	22.44249	0.19078934	0.098457	-0.0906019778	0.0318412019	0.0473140461	-0.0238518875	0.0238933259	0.0188178528	0.0588906482	0.1031992675	0.0311946544	0.0203907624	0.0250384105	-0.0616840133	0.0795483659	0.0265494401	0.0014527924	-0.049024312	-0.0556565715	0.0803616301	0.0264552327	-0.0178438684	-0.0027249185	0.0592221754	-0.0033263172	0.0554114771	0.0360430465	-0.0680795149	-0.0720185694	-0.0354858758	-0.0778997322	0.0519689204	-0.0354001925	-0.1382478899	-0.0695047061	-0.0170869814	0.0484829108	0.0586405983	-0.1106643181	0.0130340616	-0.0965370535	0.052221093	-0.0898295074	0.0326137331	-0.0397323383	-0.0080701648	-0.0145770552	0.0401638936	-0.0287528136	-0.0122253418	-0.0098885334	-0.0088062362	-0.0161511581	-0.0410930637	0.062453574	0.0399765095	-0.035352085	0.0778248496	0.0482366804	-0.0710275435	-0.0311017445	0.0494553296	0.03111333	-0.0237607748	-0.039865335	-0.0162745879	0.0143063448	-0.0103630011	0.0069998462	-0.058536878	-0.0631264554	0.0769250592	0.049401546	0.0322241556	-0.1180604714	0.0362876524	-0.0737986775	0.0078387379	0.0814835112	-0.0346727813	0.0904228423	0.0451586149	0.0012172812	0.0873934606	-0.0360454667	0.040499256	-0.0121154494	-0.1030346522	-0.0275254681	-0.0212626356	-0.0374067426	-0.0667160857	-0.0667100991	-0.0665579933	0.0420290495	0.1043673411	0.0449590139	0.0711375288	0.0418758763	-0.0530835333	0.0798840997	-0.0437988331	-0.0266746019	-0.0834953153	0.0111603632	-0.0568916884	0.0361646216	-0.0093336195	-0.0064332123	0.0778543985	0.0712965645	-0.0038373895	0.0344991082	-0.092957965	-0.0732151975	-0.0116542399	-0.0040063166	0.0010491769	-0.0550647971	0.167508923	0.014978136	0.0368269902	0.0997256112	0.0436310255	0.0117378734	-0.0283347164	0.0649730362	0.0252385817	-0.0243987403	-0.0027218473	-0.0175779973	0.080399385	-0.0312626066	0.006537572	0.015090517	-0.0952105815	-0.056429383	-0.0508608606	0.0239796798	-0.0203575666	-0.0052968607	0.0905102725	0.0055623817	0.0955350137	-0.0632058861	-0.0272641949	-0.0758591087	-0.0672774729	-0.0423067049	0.0812782947	0.067295753	0.0129443065	-0.1198199608	0.0349513292	0.101409811	0.040376676	-0.0799269101	0.0634341416	0.1002564227	0.0343048376	-0.0885511766	0.0589382166	0.0154091115	0.0219174019	0.0698072086	0.0047413799	0.0353969766	-0.0374355101	0.1264903482	-0.0519025107	-0.0293421831	0.023051179	-0.0148532461	0.0739536166	0.0100985633	-0.0697645825	0.0401039336	-0.0231128817	-0.0602902949	0.0401638722	-0.0111510584	-0.04804137	0.0211461994	0.0909398579	0.0053960152	0.0561296922	0.0553772344	0.0151600071	-0.0762061252	-0.0513627346	-0.0591732463	0.0098686221	0.0536742498	-0.0233981771	-0.0872311226	0.0237527426	0.0384319636	-0.0081042883	0.0347602018	0.0411175582	-0.073621828	0.1757462664	-0.0381830899	-0.0189538669	0.0089287764	-0.0089534665	-0.0128391608	0.0318227377	-0.0631468562	-0.0782592828	0.0055970281	0.0823751908	0.0549795309	0.0	-0.0293211	-0.0007209	0.00085972690521	5.1969681e-07	0.0630585	0.0498283	0.00248285948089	0.00397637442225	-0.0679738	0.0651332	0.00424233374224	0.00462043748644	0.00096759	-0.0007421599999999	5.508014655999998e-07	9.362304081e-07	0.000577454	0.0006093098	3.7125843237604e-07	3.334531221160001e-07	-0.000417114	-0.000150669	1.73984088996e-07	2.2701147561000012e-08	0.0	0.0	0.0	0.0	0.0	0.0	0.0	0.0	0.0	0.0	0.0	0.0	0.0	0.0	0.0	0.0	0.0
6273.705871284232	-7.780215637359106	60.53175536380716	39359385.35938624	6373.065374564581	23.73329923363508	40615962.26847399	563.2694925132635	4269.093825735931	2.603395286453633	6.777667017528994	18225162.09293665	4334.989571906525	7966.747343643448	1.081635	23.997986	0.19481355	0.108079	-0.0398692351	0.023462482	0.1462181908	0.0600096706	-0.037917886	0.0030282469	0.1161679641	0.0647907194	-0.0383084263	-0.0730890774	0.0322733389	-0.0034851401	0.0878378777	0.0517435684	0.03118486	-0.0780743791	-0.0212113844	-0.0105253167	-0.1179162131	0.0842812767	0.0800041627	0.0088582366	0.0308013937	0.0625548982	-0.0088813263	-0.0801853023	-0.0316149943	-0.0266751896	-0.0491961107	0.0122619241	-0.1057724076	0.0096496834	0.0746202804	0.0069139214	-0.039959359	-0.1159301545	0.0893369876	0.0671905948	0.0505338432	0.0084510644	-0.0355568781	0.0987737925	0.0149229688	-0.0123719803	0.0305182021	-0.0430843	-0.0841590059	-0.0808410552	-0.0182978996	0.0134652376	0.0097503697	0.0073229923	0.0564792673	-0.0498188718	0.0185569886	-0.0308551756	-0.1599828507	0.0021017235	-0.0088535019	0.0019160868	0.0620018447	-0.0108333943	0.0287050682	0.0653065087	-0.1159337494	-0.0616418906	0.0247443581	0.0755114029	-0.000134458	0.0080448	-0.0110972529	-0.0645350717	-0.036242925	-0.0821240974	0.0452446256	0.0331242034	-0.0754355445	0.0217179514	-0.0281469463	-0.0033013634	0.0520269034	0.0426018241	0.070221869	0.0047209426	-0.0378316613	-0.0950858765	-0.0270158405	0.0317074268	-0.0552080136	0.0379295591	-0.0877787093	0.0601989192	0.0298155779	-0.0681499212	0.0257741896	-0.0549757075	-0.0430742813	-0.0615421685	0.0608991489	0.1128396729	0.0027929536	-0.0453514697	-0.0874377605	0.0546565475	0.0967392915	-0.0489809148	0.0087740176	0.0202874276	-0.0432919082	-0.0052640614	0.0225493621	-0.0531703068	-0.1288946163	0.0201890935	0.0854176518	0.0186070786	-0.0511458726	-0.0151401085	0.0715679674	0.0257512746	-0.0990365087	-0.0347649954	0.0745199615	0.0526335512	0.0554320643	-0.0659234449	0.0223583524	0.0282114473	0.0532295633	0.0296771233	-0.0012806864	0.0720120188	0.1073330767	0.1135060091	0.0155016053	-0.0567573691	-0.002408794	-0.0134273026	0.0690631919	-0.0805234679	0.0460662331	0.0345255167	-0.0633308733	0.0539078275	0.0962603055	-0.063805666	-0.0705313763	-0.045739258	-0.031651687	0.040636304	0.0204629349	0.0534711331	-0.0624165569	-0.0080913324	0.0810025467	-0.0235589624	0.0275770783	-0.0057895485	-0.0072034372	0.0944509053	0.0594501253	0.0292494599	-0.0053662051	-0.0477839547	0.0868837506	0.0528637405	-0.0212102913	-0.1728960146	0.0452336976	-0.0488082407	0.0338370868	0.0490757663	-0.1013340498	0.0845840952	-0.0208484237	0.0023729599	0.0699343205	0.0677963247	0.0703417254	-0.0432974116	-0.0109781607	0.0686563325	-0.1057335071	-0.0082948238	0.0559064786	-0.0024265105	-0.0403232841	-0.0333629093	0.0691533134	-0.0711313147	0.0507104465	0.0300312124	-0.0475169075	-0.046580406	0.0126722359	-0.030115749	0.0248956289	0.0632254696	0.0387175742	-0.042477455	-0.1153360128	0.0182607749	-0.1069325588	0.057943317	-0.0222363999	0.0308735405	-0.0645220656	-0.0769061215	0.0096542116	0.0837938161	0.0501275948	0.0	-0.0205102	0.0088109	0.0004206683040399	7.763195881e-05	0.0407763	-0.0222822	0.00049649643684	0.00166270664169	-0.127727	-0.0597532	0.00357044491024	0.016314186529	0.00251415	0.00154656	2.3918478336000008e-06	6.3209502225e-06	0.000192915	-0.000384539	1.4787024252100006e-07	3.7216197225e-08	-0.000268868	0.000148246	7.229000142400002e-08	2.1976876516e-08	0.0	0.0	0.0	0.0	0.0	0.0	0.0	0.0	0.0	0.0	0.0	0.0	0.0	0.0	0.0	0.0	0.0
6275.143317457834	1.4374461736024386	2.066251502004292	39377423.65463571	6358.992411556407	-14.072963008174156	40436784.49023197	198.04828782943815	4269.760499355321	0.666673619390167	0.4444537147907852	18230854.721855003	4336.910605302829	8006.898881568816	1.073794	23.824013	0.18651435	0.11512	-0.0804977257	0.0675876117	0.0757337871	0.0113498141	0.0335409385	0.0809074467	0.0493323556	0.0310061795	-0.0298808712	0.0615679516	-0.0336407935	0.053914016	0.0258171573	0.0433872132	0.0558509729	-0.0913044054	-0.0540201537	0.004818189	0.0019550282	-0.0745083693	0.0487076709	0.0719327415	-0.011472318	0.0359671449	-0.0482868276	-0.0232914342	0.040167143	-0.0249049349	-0.0263411076	-0.0450751441	0.0214195855	-0.0488509087	-0.0812969083	-0.010631721	0.0294189429	0.0649649694	0.0403386723	-0.0252372301	0.1241670089	0.0519622469	0.016858831	-0.1595388714	0.0829438874	-0.0097685076	-0.1206524608	0.0007056713	0.0758754488	0.1181538914	0.0027268893	0.0151916587	0.0481632931	0.0366094474	0.0707435274	0.0927846143	-0.0048646765	0.0612997334	-0.0513657894	0.0276897648	-0.1114605097	-0.0116844982	0.0424412064	0.0036767635	-0.0084561819	0.0052731305	-0.0763577509	-0.0935873214	-0.0241932201	-0.043377647	-0.053127443	0.0937686593	-0.07200889	-0.0679170441	-0.0011934562	0.0916922605	-0.0968416289	0.1281979469	-0.0081640982	0.0340653283	0.0906776324	-0.0411472274	0.0169979497	-0.0410085777	-0.0249993026	0.0419870211	-0.0677328766	0.0679450475	-0.0632277451	-0.0164165411	-0.0640836794	-0.0138524708	0.0455053197	0.0098898312	-0.048469453	0.0145542501	0.0338611997	0.0514576881	0.0431235219	-0.0724688741	-0.0377788528	-0.1076009972	-0.0821542494	-0.0901762984	-0.0246505683	0.0301930214	0.012400531	0.0062837545	-0.0900238161	0.0344642177	0.0756115693	-0.0709432543	-0.0057912165	0.0118808113	0.0056774991	-0.0114850356	-0.0470916322	-0.0027692659	-0.0192780264	0.0896243376	-0.0254675935	0.0835526826	0.0242902871	-0.0135184325	-0.0482552294	0.0329727188	-0.1189774549	0.1000351298	0.1277207088	0.1203378595	0.0168258371	-0.0480992545	-0.0632914985	-0.0052910253	-0.0014469836	0.0152646542	0.0350012225	0.015980717	0.0197359935	-0.061377495	-0.0137422919	0.1293555391	-0.0417061584	0.0604234976	0.0413726348	-0.0547589278	-0.0189005594	-0.0267540097	0.1323273008	0.0262989752	-0.0108500348	0.0294635466	-0.0802859064	0.0523544047	-0.1073789514	-0.0049179614	-0.068824098	-0.070371155	0.0456837423	-0.1514538875	-0.0760031978	0.0869626386	-0.0159978703	0.0190241303	-0.0291111441	0.0547580922	-0.0559828695	-0.0928217088	0.0467818013	0.0243816611	0.1680577834	0.022753055	-0.0122024193	0.0151306459	0.0651728111	0.0087283576	0.0860222477	0.0456859238	-0.0050025096	-0.0161460907	0.0588786247	-0.0114372537	0.0764441977	0.0972440804	-0.0065741188	0.0563134061	0.0441887411	-0.0118277713	-0.0188426958	0.0798040489	-0.0449594159	-0.0581531589	0.061020646	-0.0509579725	-0.035836123	0.0525345436	0.0045400269	0.0469880281	0.0451194598	0.0500763411	0.047050881	0.1039854534	0.0028015841	-0.011692702	-0.048810612	-0.0024896186	-0.0504371303	0.0299200691	-0.0658615456	-0.0754571448	0.0136900138	0.0849225041	0.0450259254	0.0	-0.0231806	-0.0026704	0.00053734021636	7.131036159999999e-06	0.0512609	0.0104845999999999	0.0001099268371599	0.00262767986881	-0.0600445	0.0676825	0.00458092080625	0.00360534198025	0.0008433979999999	-0.0016707520000001	2.7914122455043348e-06	7.113201864038314e-07	0.000577454	0.000384539	1.4787024252100006e-07	3.334531221160001e-07	-0.000327114	-5.824599999999997e-05	1.0700356899600001e-07	3.3925965159999964e-09	0.0	0.0	0.0	0.0	0.0	0.0	0.0	0.0	0.0	0.0	0.0	0.0	0.0	0.0	0.0	0.0	0.0
6295.865476252672	20.722158794837924	429.4078651184787	39637922.09507029	6360.646321266805	1.6539097103977838	40457821.624244936	2.735417330148081	4276.452174144615	6.6916747892937565	44.77851148566964	18288043.19774621	4342.024657373521	7978.679687495359	1.080987	23.983608	0.16000848	0.0903375	-0.0561953419	0.02178275	0.1232272141	-0.0532807745	-0.0569839818	0.1067214442	0.0069874435	0.0936894311	-0.0497393319	-0.0436819895	-0.0275120158	-0.0479302427	-0.0060441933	-0.0043187204	-0.021777261	-0.1167647365	0.0116498386	0.0189405975	0.0815004335	0.0832938174	0.0626872256	0.0337688455	0.0111545395	-0.0071282603	-0.0048168107	-0.0129153244	-0.04511512	0.0379114471	-0.0776625744	0.0371675414	-0.007151902	0.0464356164	-0.002743918	0.1635842181	0.0504576796	0.0477544184	-0.0956938443	0.0419904462	0.0192358011	-0.0027362032	-0.0629514308	-0.0195394068	-0.0442576401	0.0757907008	-0.0382908069	-0.0613642991	0.0515394645	-0.0104807439	-0.0893752065	0.0790416716	0.0195981545	-0.1312747236	-0.0142295323	0.0698491748	-0.0114265448	-0.0158185258	-0.0674835719	-0.0512890603	-0.067072499	0.0347787732	0.0214110568	-0.0545280167	-0.0638345556	-0.0663717046	0.0809779557	0.0719198964	0.0084739761	0.0658951678	-0.0694470395	-0.084798567	-0.1043447579	-0.0679096099	0.0433390222	0.0447546934	0.0100712697	0.0100327565	-0.0403164181	0.0679444373	0.1540327328	-0.0561297897	-0.0122466161	0.0955275393	-0.0592052441	-0.0971333375	0.0488108149	-0.0302018886	0.012271874	0.0396949487	-0.0326505368	0.0420545029	0.0804623406	-0.0685066053	0.0339674721	-0.0533118474	0.0077406262	-0.0209367597	-0.0471809151	-0.0042694319	0.1260144246	0.0272289529	0.0062256971	-0.0885949955	-0.0803149818	-0.0412225765	-0.0552169652	-0.1159705926	0.0055120245	0.0296764481	0.012064142	-0.0426507091	-0.0061268382	-0.0710386098	0.0014564022	-0.0435401649	-0.0054314661	0.0087448374	0.0287066224	0.0590723959	-0.0954343597	0.0351418507	0.0301409686	0.0499518581	0.0898050084	-0.0126013722	-0.0507184163	0.0294414609	0.0448729641	-0.0864708467	0.0093942715	0.1203007864	0.023151389	0.0728690642	0.0266861043	-0.0047808334	-0.0235796597	-0.0702517681	0.0165251619	0.028662065	0.0108512959	0.064682808	-0.0168894075	0.0361837382	-0.0613822739	-0.1162463301	0.0658441118	0.0263754968	0.0238509032	0.0048157159	-0.099492516	0.0014408594	-0.0545227457	0.0031443316	-0.0210111531	0.045521111	-0.0531287456	-0.0107230056	-0.127288996	-0.0009519612	-0.0184385908	-0.0988162147	0.0867584434	-0.0366132445	-0.0306137168	0.0303419349	-0.0577659778	-0.0095481175	-0.0973074246	-0.0305479295	0.0062068976	0.0288767537	0.0563747886	0.0511786966	-0.0199879844	-0.0253254782	0.0190865895	0.0728955486	-0.0265941773	0.0922266087	-0.0111667844	-0.0851571296	0.0184656231	0.0729389434	-0.1158158021	-0.0240619843	0.0685153044	0.0037419404	0.0129049595	-0.0399130838	-0.1151447641	-0.0247207673	0.0146345968	-0.0262654492	0.0381562691	0.0047275267	0.074991291	-0.0216814724	0.054887022	0.0235067715	0.0137538068	0.0081086663	-0.0118637398	0.0747314851	-0.0621439945	-0.0081893015	-0.0020374116	0.0289624554	-0.0671645545	-0.0739141579	0.0176954965	0.0857573496	0.0396999392	0.0	-0.0185017	0.0046789	0.0003423129028899	2.189210521e-05	0.00215707	-0.04910383	0.0024111861206689	4.652950984900001e-06	-0.119687	-0.0596425	0.00355722780625	0.014324977969	0.00159452	0.0007511220000001	5.641842588841504e-07	2.5424940304000003e-06	0.000396911	-0.000180543	3.2595774849000006e-08	1.57538341921e-07	-0.000327114	0.0	1.0700356899600001e-07	0.0	0.0	0.0	0.0	0.0	0.0	0.0	0.0	0.0	0.0	0.0	0.0	0.0	0.0	0.0	0.0	0.0	0.0
6309.719155199126	13.853678946454238	191.9244203514294	39812555.81748678	6363.079319880559	2.432998613753625	40488778.43109163	5.919482254527062	4279.528062317741	3.075888173126259	9.461088053577996	18314360.43616504	4344.782123632339	8306.569182843768	1.229498	27.278597	0.08948963	0.0486415	-0.1452579961	-0.0252348121	0.004451941	-0.0212237509	-0.0726509481	0.0804410008	0.0836632307	-0.0082694183	0.0768109023	0.0311484908	0.0009255343	-0.0229941797	-0.0572956285	-0.0156304703	-0.0153996182	-0.1451324173	0.042807288	0.0363128674	-0.0180362618	0.0276693949	-0.0826009179	0.0566685871	0.021240517	0.0403817561	-0.0817477487	0.0619319474	-0.0124349737	0.034260951	0.0322088638	0.0236885852	0.0334709767	-0.0159921384	0.0840728645	-0.035026725	0.116964431	-0.0502546602	-0.0505566505	0.0222079659	0.0300166228	-0.0834418997	0.0119194171	0.028514703	-0.0701536852	0.1113427843	0.0245447562	0.0265984291	-0.0974692518	0.074748279	-0.0042571874	0.028113486	-0.0572058972	-0.0638987574	0.0362985561	0.0352811403	-0.0053436973	-0.0196357661	-0.0662687158	0.0720772906	-0.0607894507	-0.0143116824	-0.0602568259	-0.0306759912	0.0370709375	-0.0822440191	0.0228993934	0.0022799648	-0.0010942227	-0.0205946802	-0.0077115506	-0.1194475836	0.0600338619	0.0773949554	-0.0486987802	-0.0110791736	0.0233387381	-0.0948987634	-0.0058009005	-0.0712918833	-0.0399565074	0.046259329	0.083717143	-0.0638708414	-0.030535664	-0.0208822114	0.0280887975	-0.0024514754	0.0200137743	0.0913003877	0.0965405213	-0.0040237946	-0.0480247135	0.0347380563	0.0684112219	-0.006424135	-0.0611522356	-0.0086874618	0.1800908547	-0.0981321428	-0.014397737	0.0921152642	0.0074200659	-0.0920652804	-0.1131422129	-0.0467039122	-0.0016793119	0.0663200618	0.0603464603	0.0412699196	0.0047008945	-0.0658702195	-0.068967011	-0.0264366317	0.0136964684	0.0585034686	0.0716461269	-0.0143013685	0.0287845303	-0.1083780584	0.0509266707	-0.0810867721	-0.0107366581	0.1561469359	0.0238832086	-0.0492933091	-0.0167090361	0.0435125179	0.0440642845	-0.0218621012	-0.0491844447	0.0704559226	-0.053654503	0.0422098914	-0.0423702638	-0.0060553437	0.0679870424	-0.0568972222	0.0351414425	-0.012047551	0.0284572062	0.0079503759	0.0325916291	0.0621522158	0.0179513367	0.0372093913	0.1239419955	0.0166846272	-0.0003038413	0.0097717882	0.046793275	-0.0295786281	0.0152009794	0.0050058972	-0.0046605098	0.0570039592	-0.0202380816	0.0522282055	-0.1101198164	0.1281697573	0.0838066111	0.0291174104	-0.0837891336	0.0027798267	-0.0740021445	0.0223788077	-0.0718069431	0.1074975296	0.0653355725	0.0944439574	-0.0150770397	0.0061970747	-0.0733765414	0.0302759826	-0.0066429994	-0.0156616266	-0.0391164156	0.0967477479	0.0535719122	0.0889734947	-0.0523110148	-0.0615324397	-0.1332063888	0.1287521953	-0.0035229026	0.0027512053	0.0214790723	0.0740755881	-0.0487864963	-0.0526213766	0.0249067205	-0.0190959193	0.0084430017	-0.0561135928	0.0076647838	0.0384909765	0.0635202481	0.0272708053	0.0705275439	0.0228373439	0.084692726	0.0705447218	-0.010728438	0.0267360646	-0.093774933	0.0195791151	-0.0947966414	0.0280008321	-0.0684303707	-0.0722790832	0.0216617888	0.0862954639	0.0341761699	0.0	-0.0212346	-0.0027329	0.0004509082371599	7.46874241e-06	0.0335249	0.03136783	0.0009839407589089	0.00112391892001	-0.0917488	0.0279381999999999	0.0007805430192399	0.00841784230144	0.00122605	-0.00036847	1.357701409000001e-07	1.5031986025e-06	0.000577454	0.000180543	3.2595774849000006e-08	3.334531221160001e-07	-0.000327115	-1.000000000015745e-09	1.0700422322500001e-07	1.0000000000314906e-18	0.0	0.0	0.0	0.0	0.0	0.0	0.0	0.0	0.0	0.0	0.0	0.0	0.0	0.0	0.0	0.0	0.0
6299.43437488608	-10.284780313046213	105.77670608762296	39682873.44349638	6411.718476602495	48.63915672193616	41110133.82320581	2365.7675666210675	4284.42031356215	4.892251244408726	23.934122238418727	18356257.423263997	4350.161993097102	8183.625942958823	1.146567	25.438627	0.0372629999999999	0.021557	-0.0809365144	-0.0699163344	0.100916903	0.1418211763	-0.0310545165	0.0878909178	0.0462388406	-0.029741603	0.0041931837	-0.089767877	-0.0572173478	0.0007747063	-0.1095508234	-0.0592025852	0.0075755336	-0.1656963825	0.0774746803	-0.1283533063	-0.0092212019	0.0128871378	-0.0202133873	0.0544332021	0.0244777234	-0.0427007667	0.0326019791	-0.0557681966	0.0490668798	-0.0013059264	0.023103349	-0.0186869798	0.0009418819	0.0082205501	0.0303811127	-0.0615375583	0.0250576529	0.0669498868	0.1317845017	0.0031569065	0.0106542369	-0.0166719061	0.0502348999	-0.0322675359	-0.1128477422	-0.0649488816	0.041205096	-0.0093020721	0.0574383933	0.0677641386	-0.1587229999	-0.023049466	0.0630820138	0.0392571879	-0.0087388006	0.0694598943	0.0273358319	-0.0120956168	-0.0441009642	0.0659679845	-0.0113507203	-0.1200495405	-0.0599381943	-0.0271059655	0.0284672047	-0.0328942678	0.0879900696	-0.061288446	-0.089729258	-0.0267511635	0.0037320452	0.008540619	-0.0562737757	0.0814515177	0.0059360462	-0.0613672861	0.008915864	-0.1113230323	-0.0180051185	-0.0154081204	-0.0419994369	0.0606380977	-0.0826190926	-0.0596238685	-0.0771863416	0.0269175423	0.0942068162	0.1034605885	0.0294854753	0.0168398853	-0.0273431079	0.0522782626	0.0352950382	-0.0135155223	-0.0434885579	0.1058209722	0.0134905854	-0.023022718	-0.1217151384	-0.0940738571	0.0687840991	0.0091179561	0.1254446709	-0.0691873935	-0.1497771598	0.1245318823	-0.0838616982	0.015234618	0.0740431727	0.0446571551	0.012965548	-0.025185817	0.0302530269	0.035118162	-0.0142855968	0.0103367013	0.0451098273	0.0567360024	0.0473323299	-0.0189875002	-0.0339316601	0.0116726605	0.0427655298	-0.0655653981	-0.0720022421	0.0034452228	0.00663056	0.0387086503	0.0707881393	0.0035068589	-0.0609069727	-0.1153541925	-0.0444530465	0.0088459057	0.0006868295	-0.0136233245	-0.0413960223	0.036593093	0.03766751	0.0538025522	0.0185113136	0.0441549007	-0.0903583951	-0.0064462687	0.0341116786	0.0377549482	0.1227741842	-0.0229187262	0.0346140862	-0.0520782522	-0.0836725155	0.0975518823	0.0442593547	-0.0636981334	-0.0447857889	-0.0653631527	-0.0640280844	-0.0325788793	0.0312280523	0.1244178707	-0.0595035615	-0.0396641402	-0.0508672711	0.02960162	-0.0127052735	0.0096743207	-0.0131843664	-0.0891106137	-0.128489802	0.1173607056	-0.0349328133	0.0387471073	-0.0491360969	-0.0718884138	-0.0774180806	-0.0142938118	-0.1779967625	-0.0646711901	-0.030589924	-0.0271768233	-0.0092267924	0.0064216994	0.0225649707	0.0741564092	-0.1149115694	0.0129974016	0.0326484914	0.0604441157	-0.0526245448	0.0606604235	0.0234934888	-0.0034947169	-0.0623395559	0.0667144162	-0.0030473795	0.0076453614	0.0718042398	0.029795904	0.0836740756	-0.009141166	0.0089657286	0.0631678605	0.0394806461	0.0206616025	-0.1067254032	-0.0921828065	0.0814089675	0.0270353323	-0.0696582933	-0.0705539577	0.0255801066	0.0865349849	0.0284821367	0.0	-0.016611	0.0046235999999999	0.000275925321	2.1377676959999988e-05	0.0380416	0.0045166999999999	2.0400578889999987e-05	0.00144716333056	-0.105702	-0.0139531999999999	0.0001946917902399	0.011172912804	0.00150944	0.0002833899999999	8.030989209999994e-08	2.2784091136e-06	0.000577454	0.0	0.0	3.334531221160001e-07	-0.000327115	0.0	1.0700422322500001e-07	0.0	0.0	0.0	0.0	0.0	0.0	0.0	0.0	0.0	0.0	0.0	0.0	0.0	0.0	0.0	0.0	0.0	0.0
6288.253929227956	-11.180445658123972	125.00236511426316	39542137.47845083	6363.811442318126	-47.90703428436882	40498096.07337911	2295.083933923689	4276.676003955201	-7.744309606949173	59.974331288285256	18289957.642806225	4345.944742162019	8191.206925496568	1.136513	25.215549	0.05523505	0.0330563	-0.1371836877	0.0146672969	0.03918405	0.0128525543	0.0205730613	0.0934248807	0.0627399041	0.0452785213	0.1208654939	-0.1050551537	-0.057727085	-0.0265289506	-0.0063974756	-0.0154423167	-0.0503912977	-0.1681191547	-0.0139306129	-0.0524915482	0.0800290767	0.0373888779	-0.0754569003	0.0478883846	0.0164064049	0.0072033831	0.0368290469	-0.0158949921	0.0750145733	0.0185128262	0.018669765	-0.0616603133	0.0262050202	0.0331604187	0.0108857253	0.0680131932	-0.0236629951	-0.0063357229	0.0548426163	-0.0910203785	-0.047684542	-0.0282784678	0.0070159424	0.0503622031	-0.0288744749	-0.0903601648	-0.0106827404	0.015830616	-0.010926648	-0.0673610594	0.0417403685	-0.0385185961	-0.0775379738	-0.0541544997	0.0258017784	0.0284836268	0.0171134192	0.0700766613	0.0353034217	0.0423444287	-0.0020384881	0.1172868949	0.0183052915	0.1413218148	-0.072175438	-0.0310458225	0.0386158179	-0.1450047361	-0.0358487768	-0.0066677176	-0.0320429448	0.0247613612	0.0448027414	-0.0422274979	-0.0346981568	-0.0714180423	-0.0931558661	0.061303467	0.0062954601	0.0172553153	0.0497197315	-0.0524035004	0.0651935727	0.1032877841	0.0274917296	-0.0650420738	-0.0232258411	0.0693217698	0.0678912248	0.008107661	-0.0919072534	0.024335454	-0.0269563194	-0.0528205848	-0.0310258894	0.0270506726	0.1021970282	-0.0227262743	-0.0727936451	0.0202186113	-0.0705470762	0.0840370135	0.0079530221	-0.156237341	-0.0426690829	0.0184039174	-0.0931887761	0.0057459855	0.1155231967	0.0305147927	0.0243549196	-0.0411696613	0.0629677996	0.0099522667	-0.0085238966	-0.0525020996	0.0181855895	0.0422481988	0.0568711776	0.0186742239	-0.125926076	-0.0136635004	-0.0044308475	-0.0249997797	-0.0611473143	-0.0180337634	-0.0383990949	-0.0612188232	-0.0075547197	0.0237938043	0.0210669713	-0.0333026208	-0.0305126826	0.0151990754	0.0481052427	-0.0681581432	-0.0345528518	-0.0668613019	-0.0236818998	-0.0040954455	-0.0930998512	-0.0224680325	-0.0020821234	0.0523187184	0.0538919809	0.0081476649	-0.0585024933	-0.0382393231	-0.0812213777	0.054965412	0.0956476292	-0.0364825579	0.028964868	-0.0431739931	0.0002966168	0.0776667671	-0.0717043451	0.0136395584	0.0281720191	-0.0866340916	0.097771923	-0.0063055964	-0.0609660988	0.1276811397	-0.0051246785	0.0393856236	0.0453408485	-0.0941887233	-0.0184973692	-0.0415544905	0.0812807719	-0.0209852815	0.0486945151	0.0027844049	0.0411652484	-0.0429429664	0.0039675402	0.0305813943	-0.0782203643	0.1209591089	0.0388672516	-0.0125056286	0.0683093041	0.1373877687	-0.0201558919	0.0202411802	0.0368649526	0.0534500791	0.0212281638	-0.0387867158	-0.0602525332	-0.0177072713	0.0439646244	0.0451500859	-0.0237837085	0.0014372227	0.0396281087	-0.0587608481	0.0104977459	-0.0085471083	-0.1092489126	0.0718651002	-0.0415567968	-0.0491161417	0.0260214054	0.0483120147	-0.0480329903	0.0260660896	-0.0708476423	-0.0687409308	0.0294417717	0.0864750839	0.0226462068	0.0	-0.0142454	0.0023656	0.00020293142116	5.596063360000003e-06	0.0439728	0.0059311999999999	3.517913343999997e-05	0.00193360713984	-0.0803209	0.0253811	0.00064420023721	0.00645144697681	0.00116447	-0.00034497	1.190043009e-07	1.3559903809e-06	0.000663627	8.617299999999994e-05	7.425785928999989e-09	4.40400795129e-07	-0.000327115	0.0	1.0700422322500001e-07	0.0	0.0	0.0	0.0	0.0	0.0	0.0	0.0	0.0	0.0	0.0	0.0	0.0	0.0	0.0	0.0	0.0	0.0
6295.982792158166	7.728862930210198	59.73532219397737	39639399.319151744	6382.927549182859	19.11610686473341	40741764.0981175	365.42554166390784	4270.664544700825	-6.01145925437595	36.13764236702225	18238575.653364703	4336.701406364071	8096.589459681453	1.17451	26.058573	0.0746071499999999	0.0365595	-0.0773832743	-0.0298448131	0.1346136927	0.0513325483	-0.1080873148	0.0139335105	0.1199712887	0.0286189877	0.0131618994	-0.0618606478	-0.0042082891	0.048190898	0.0449041778	0.0042871459	0.0402583565	-0.0997664638	0.011294346	-0.0404067628	-0.0774427112	0.1096377483	-0.0320403489	0.1170026444	-0.0119043658	0.0163699032	-0.0659246659	-0.0501043914	-0.0427003762	0.0909108754	0.032427129	-0.0137066938	0.0349691647	0.140868501	0.0347519962	-0.0287676419	-0.0579192401	-0.0338440629	0.1443025802	0.0097067229	-0.062702121	0.0210925883	0.0138646266	-0.004447749	-0.0850441677	0.0354748895	0.0365088401	-0.0488163248	-0.0425440638	0.0632107909	-0.0039258004	-0.1143881204	-0.0920067817	-0.0667166859	-0.0517793205	-0.1285000519	0.0573678217	0.0695855268	0.0507999184	-0.0714709021	-0.0035141974	0.0207248595	-0.044289588	0.0489729918	0.0361622215	0.0617254263	0.0019446086	-0.0679524914	0.013277823	-0.0115995844	-0.030448444	-0.1272560287	0.056259132	0.031815394	-0.0237669157	-0.0348037335	-0.0065526924	-0.0554292394	-0.1098076333	0.025272876	-0.049767625	-0.0043250308	-0.0881578033	-0.1161084456	0.0212450892	0.0002595062	0.0608917759	-0.1013359968	-0.0119545972	-0.018421363	0.0676828255	-0.1454093534	-0.0663278851	-0.0112365942	0.0876129507	0.0434522349	-0.038516302	-0.0502535904	0.037836131	0.0158283724	-0.016460694	-0.1035980974	-0.0496355531	-0.0539185096	-0.1191089213	0.0465327705	0.0627116392	-0.0293574615	0.1209228866	0.0579464605	0.0235138996	-0.0538397793	-0.0397542742	0.0125259196	-0.102918505	-0.001133978	-0.0078486401	-0.0425376351	0.0420378536	-0.2019866854	-0.0453766695	0.0488247794	-0.0590848083	-0.1120848452	-0.0439354889	-0.0053727715	0.0541254743	-0.0574378858	0.0495715039	-0.0852888973	-0.0514837221	-0.0518652751	-0.0171926152	0.0297603651	-0.0443139757	-0.0243101454	0.0196905458	0.0468949528	0.1351542074	0.0151011921	0.0502805305	-0.102666178	0.0439329457	0.055395865	0.051657222	0.0003398664	-0.0092835	0.0034977583	-0.1239644158	-0.0674141628	0.053575535	-0.0002487752	0.0044000584	-0.0313151357	0.0960198743	0.0094625516	-0.0107105486	0.0172157613	-0.1078701343	0.0927469142	0.0786661298	0.1060394232	0.0301109991	-0.0906370903	-0.0004488732	-0.079410061	0.0091344011	-0.00922094	-0.0404938663	-0.0733753498	0.0823816868	0.0351254934	-0.0968196101	0.0203813801	0.0400881719	-0.0948036718	-0.0164018264	0.017180707	-0.055261696	-0.0415902227	-0.0144252538	0.0990636037	-0.0419822298	0.0725370318	-0.1155591205	0.0969293816	0.0334235614	0.0814577947	-0.0520133054	-0.0534824273	0.044945009	-0.0903898358	-0.0008684964	-0.0153638464	0.0372371995	0.0004432853	0.003145527	-0.0525845621	0.0610133792	-0.0184487674	0.0328666077	-0.1210557007	0.0006256482	0.0427446188	0.0322748834	-0.0195119214	0.1276696925	0.0250932382	-0.0719977591	-0.0668422612	0.0332382319	0.0861159682	0.0166974547	0.0	-0.0197353	-0.0054899	0.00038948206609	3.013900201000001e-05	0.0689217	0.0249489	0.00062244761121	0.00475020073089	-0.0862862999999999	-0.0059653999999998	3.558599715999879e-05	0.0074453255676899	0.000769117	-0.0003953529999999	1.563039946089999e-07	5.915409596890001e-07	0.000903791	0.000240164	5.7678746896000036e-08	8.16838171681e-07	-0.000455657	-0.000128542	2.07623301649e-07	1.6523045763999998e-08	0.0	0.0	0.0	0.0	0.0	0.0	0.0	0.0	0.0	0.0	0.0	0.0	0.0	0.0	0.0	0.0	0.0
6298.17320872565	2.1904165674832257	4.797924739104997	39666985.76710954	6377.367927181755	-5.559622001104799	40670821.67864651	30.90939679516853	4267.662001851528	-3.0025428492972424	9.015263561866002	18212938.96204739	4334.426698332852	8172.156282738178	1.042392	23.127312	0.14286555	0.0786392	-0.1290438513	-0.0110745486	0.1217893887	0.0611018243	-0.007962165	0.1449347724	0.0947319347	0.0315759187	-0.0267678366	-0.0239343019	-0.0161961408	0.060227254	0.0914663852	-0.0689290724	0.0487910068	-0.1238284374	-0.0356921094	0.0056626164	-0.0214626862	-0.0204512634	0.11234027	0.0165358088	0.0608793654	0.0544579242	0.0293580087	-0.0231156007	-0.0149191799	0.0024910116	0.0306193052	0.0754273158	0.1002223392	0.0562233908	0.0407514584	0.0570799991	0.1040534551	-0.0214788931	0.0190416217	0.092157617	0.0022803535	0.0310101176	-0.107280238	-0.0012438049	-0.0023416018	-0.0263131967	0.0030139082	-0.0070675794	0.0669400763	0.0217204181	-0.0227343897	0.0151117867	-0.104668296	0.0263151294	0.0025703058	0.0751598436	-0.0251133803	0.0683832686	0.0598142565	0.0106622993	0.0548831299	0.0489341186	0.0140698671	0.0061253993	-0.0152676297	-0.0929585457	0.0449479038	0.0682915908	0.0094127402	0.0005243081	0.039715618	0.1418565695	0.0486674145	-0.0004426133	-0.0430691806	0.0564303546	-0.0106283297	-0.0502617434	-0.0392317543	0.0926481432	-0.0922026299	0.0527230579	0.0328440051	-0.0036232076	-0.0463018678	0.0035307896	-0.0029169038	0.064994835	-0.1993595025	-0.1022352031	-0.0355270025	0.0316916943	-0.0127567919	-0.0075005649	0.0291922287	0.0323763218	0.0354994608	-0.0044951736	-0.0607001568	0.0410344034	0.0557091689	0.0834058697	-0.0208901221	-0.115706891	-0.0781598184	0.0572293936	0.010934603	-0.0691514203	-0.0790387639	0.048266994	-0.0225354408	-0.0463905873	0.0892909434	0.0826331306	-0.054311067	0.0733853231	0.0238963867	-0.0211675526	0.0018444041	-0.0336249268	-0.0803978564	-0.0492308247	0.1000960133	0.0470734094	0.0717494876	0.0649429642	0.0098424418	-0.0063424458	0.0034877206	-0.0056791919	-0.0724762544	0.0902477049	0.0699054976	-0.009212183	-0.0176693627	-0.0154635748	-0.0044900028	0.0060378822	0.0393584856	0.0171120023	-0.005261873	0.079007339	-0.0296315087	0.0972878687	0.007775442	-0.0832525723	-0.0426466841	-0.0556700853	0.1215737844	0.0439069401	-0.0013268202	-0.0580792626	0.0157959634	-0.0562472762	0.0424955136	-0.0014457922	0.0124484578	-0.0094134449	0.0196220362	-0.0217001424	-0.0961708165	-0.0686912955	-0.0584735347	-0.0127748029	0.1013716789	0.0052160724	0.0717471452	0.0104826148	0.0031977293	0.0258389292	0.0319928848	0.0378640995	-0.0012004605	-0.085845165	-0.019233808	-0.045981102	-0.0344417908	-0.1851841746	0.1015075902	-0.0360718508	0.1083062813	-0.0322880984	-0.0469222897	0.126726589	-0.1078549967	-0.0055510674	0.0692979042	0.0602051571	0.0454588836	0.0643034481	-0.0114350829	-0.0534638741	0.0246034108	-0.0099949667	-0.0099336122	0.047166851	0.0023120322	-0.0327347269	-0.0251332677	0.0260045828	-0.049029613	-0.0671132346	0.0882707656	-0.0426796887	-0.0528440361	-0.0312104826	-0.0137820957	0.0241169128	-0.0731080069	-0.0648603145	0.036961079	0.0854588803	0.0106655167	0.0	-0.0189605	0.0007747999999999	0.00035950056025	6.003150399999986e-07	0.0154844	-0.0534373	0.00285554503129	0.00023976664336	-0.116083	-0.0297967000000001	0.00088784333089	0.013475262889	0.00159024	0.0008211229999999	6.742429811289998e-07	2.5288632576e-06	0.000676321	-0.00022747	5.1742600900000016e-08	4.5741009504100004e-07	-0.000327115	0.000128542	1.0700422322500001e-07	1.6523045763999998e-08	0.0	0.0	0.0	0.0	0.0	0.0	0.0	0.0	0.0	0.0	0.0	0.0	0.0	0.0	0.0	0.0	0.0
6301.605836131315	3.4326274056656985	11.782930906127223	39710236.11396425	6367.7928312035365	-9.575095978218089	40548785.54112715	91.6824629920882	4268.529942054315	0.8679402027873948	0.753320195614624	18220347.866214216	4335.343086657478	8256.016737717491	0.998794	22.160004	0.0427061	0.0261916	-0.1543520041	-0.0194110709	0.0297684672	-0.0121691483	-0.0551147326	0.0976161237	0.0849010293	0.1183044761	0.0945167653	0.0279825661	0.0726652951	-0.0810520175	0.0951281471	-0.0595920097	0.0093182277	-0.1220306383	-0.0331233563	0.1611166597	-0.020337558	0.0220581808	0.0056144823	0.0667739283	-0.007240995	-0.0293177013	0.0579985355	-0.0227816963	0.0113862872	-0.0481838952	-0.1005094921	-0.0365328408	0.0003573102	-0.0152763426	0.0431069885	0.0061718844	-0.0218506774	0.0662641724	-0.0614376883	0.0220110307	-0.1020485165	0.0141312751	0.0309430318	0.0716904096	0.0408604939	0.0741758967	-0.015266792	-0.0686578347	-0.0663965033	0.0130761299	0.0464060828	-0.0787827304	-0.064710911	0.0002238641	-0.0172119306	0.0644937039	0.1322978179	-0.0406833626	0.0542681925	0.0355048933	-0.08703487	0.0405570386	-0.0478828015	0.055152579	-0.0098723728	-0.0026416303	0.0099927544	-0.0459288477	0.1230804512	0.0506138683	0.0198611569	0.0080962502	0.0708752108	-0.0563290973	0.0222476784	0.0197535	-0.0672377666	0.0862828636	-0.0701038764	-0.1160177219	-0.0429273111	-0.1121025648	0.0851584413	0.0220767491	0.0860569673	-0.0002045963	0.0164875755	-0.0201416201	-0.0244578106	0.0942341499	-0.0948427949	0.0637127335	0.0876793274	0.1140400356	0.1445113122	-0.0587996513	-0.1274713441	-0.0079471357	0.0085367592	-0.0319910484	-0.0698917878	0.0478530907	0.054829511	-0.1260337698	-0.0651970842	-0.1102823345	0.065028213	-0.0049445759	-0.0058643335	0.0934422557	0.0323312983	0.0845816994	0.0121681584	-0.0312988203	-0.0656288012	-0.0144663001	0.1081497478	0.0327756594	-0.0402249714	0.0246371417	-0.0561224625	-0.0339276916	0.0714798114	0.0281002572	-0.0001064691	0.0418018338	-0.0149149032	-0.0202438539	-0.087087675	-0.1162752703	0.0835141219	0.0037221894	-0.0912572278	-0.0190474504	0.0071934955	0.0120113869	-0.0189961264	0.0422883539	0.0098485789	-0.0485188309	-0.0748997353	-0.05366451	0.0440168967	0.0030825178	0.1781799123	0.0384753492	-0.0572890137	0.0050086583	-0.0503476389	0.0557098923	0.0054936976	-0.0061796788	-0.0548584636	-0.0655070199	-0.0116567332	0.0616882382	0.0307322837	0.0084833699	-0.0403949461	-0.0272098756	0.0074642204	0.0865126573	0.0300788007	0.0166302394	-0.0677948993	0.0293529906	0.011937207	0.106599914	-0.0621780464	-0.0290509568	0.0736843008	0.0392596734	0.0236995837	-0.0183843739	-0.0967478073	-0.0516790964	0.1299553466	0.0208898369	0.0981835093	0.0488375022	-0.0485779057	0.0121112379	-0.0589168004	0.1517006026	-0.032570873	-0.022355998	0.0303047849	0.1160882758	-0.0279709719	-0.0793469926	-0.0251642362	-0.0977177711	0.0211659368	0.0403326086	0.0643415269	0.0136684188	0.0563740146	-0.0886831499	0.0546884365	-0.0433094254	-0.0766318357	0.0062219695	0.0462360815	-0.1021142459	0.0245030096	-0.0004115917	-0.1066797577	0.0231372486	-0.0741777708	-0.06279756	0.040602068	0.084506094	0.0045804437	0.0	-0.0171494	0.0018111	0.0002941019203599	3.28008321000001e-06	0.0359169	0.0204325	0.0004174870562499	0.00129002370561	-0.103649	0.012434	0.000154604356	0.010743115201	0.00142967	-0.0001605699999999	2.5782724899999957e-08	2.0439563089e-06	0.000676321	0.0	0.0	4.5741009504100004e-07	-0.000327115	0.0	1.0700422322500001e-07	0.0	0.0	0.0	0.0	0.0	0.0	0.0	0.0	0.0	0.0	0.0	0.0	0.0	0.0	0.0	0.0	0.0	0.0
6292.88391295785	-8.721923173465257	76.07194384383025	39600387.9419637	6403.520485293831	35.72765409029489	41005074.60557775	1276.4652667957653	4266.586033709263	-1.9439083450524777	3.7787796539646634	18203756.38304294	4332.361373960624	8164.98043061695	1.097516	24.350325	0.10344255	0.0590907	-0.1162848764	-0.0339815714	0.1213688796	0.1151862169	-0.0649894629	0.1066566781	0.1321353039	0.0314129244	-0.028501377	0.0448106912	0.0278910563	-0.0177239016	0.0483478373	-0.0988076187	0.1048563562	-0.1029863832	-0.0152991856	0.0331308814	-0.1350927708	-0.0074743732	0.1136820709	0.161722487	-0.0140193728	-0.0011827286	0.0228171674	-0.0823062006	0.0312940421	0.0907091007	0.0243242056	-0.0273074246	0.0490288145	0.0166955724	0.0872853619	0.0245025848	-0.0147449328	0.0411277882	0.0236022404	-0.0041124378	0.0642258081	-0.0077859646	0.0538725942	0.0719262474	0.0782194401	0.0983218714	-0.0277810898	0.101390746	-0.0013595089	-0.014745549	0.0383487439	0.0625694144	-0.0525772456	-0.0931368736	-0.0281132029	-0.0292330486	0.0175456918	0.1051979318	0.0224793394	-0.0781114452	0.0739826279	-0.1189007776	-0.0488346453	-0.1446846548	0.006605873	0.2167985253	0.0531420408	-0.0048433306	-0.0036480145	0.11919525	0.0014362491	-0.037791506	-0.0374065556	-0.0347504043	0.0089695954	0.0041500892	-0.0755615498	0.0188880613	-0.0652527466	0.0085779447	0.0461269295	0.0020799433	-0.0646795642	0.0043974112	-0.0906081795	0.0270284298	-0.0593200381	0.0090022275	-0.0376717313	0.0236874713	-0.0532994123	0.1298113126	0.0966906253	0.1091821011	-0.0312003728	0.0544085229	0.0360909043	0.0120307236	-0.0133203284	0.0067683822	-0.0170870708	0.0154758338	0.0009138733	-0.079794705	-0.1177906745	0.0707385405	0.1121107736	-0.0338054767	-0.0702805182	0.1401373761	0.0345515835	-0.0269706149	0.0144864598	0.0830410364	-0.075576917	-0.0271121607	0.0049632475	0.0363582802	0.0422703108	-0.0901745954	0.0589570564	-0.101006947	-0.0328921302	-0.0274800202	0.0438150949	-0.0255254023	-0.0990551182	0.0436933648	0.0261096118	-0.003383177	0.0296914857	0.0211809082	-0.0585340798	-0.0319803607	-0.1250272964	0.0324353876	-0.0147638214	0.0493478794	-0.0670104346	0.0403775358	-0.0196294525	0.0005090177	0.1161549281	-0.0642921446	0.0045337177	-0.0693546186	0.0295727332	0.1268519376	-0.097131725	-0.0761829359	-0.0124196653	-0.0852680915	-0.0966873604	0.1046025846	0.0343115913	-0.061061216	0.0142941258	-0.0615127637	0.1170085428	-0.0482993345	-0.0523124639	-0.0180912562	0.0976520241	-0.05194329	-0.0279745239	0.0094902363	-0.0572558755	-0.0902833192	-0.111107933	0.0183733875	0.0349544852	-0.0710608894	0.0226764747	0.0136331392	-0.0309298794	-0.0836471604	0.0442053175	-0.0565989143	-0.0275222351	-0.0148219289	-0.0071685122	0.0242157596	-0.0734240995	0.1138010384	-0.1077808631	0.1144982614	0.046539773	0.0985314552	-0.0112430254	0.0539031366	0.0479900806	-0.0787596776	-0.0275244066	0.0404647041	0.0134899549	0.0781975756	-0.0416583368	-0.1133838434	-0.0998779648	-0.0636278061	0.0018151591	-0.0052112016	0.0554528311	0.0592526931	0.0839693019	-0.0275669803	0.0254638371	0.0221543812	-0.0752064584	-0.0606565674	0.0441531352	0.0832609058	-0.0015274489	0.0	-0.0251294	-0.00798	0.00063148674436	6.368040000000001e-05	0.0712546	0.0353377	0.00124875304129	0.00507721802116	-0.0782174999999999	0.0254315000000001	0.00064676119225	0.0061179773062499	0.0007512079999999	-0.0006784620000001	4.603106854441358e-07	5.643134592638498e-07	0.000691726	1.540500000000002e-05	2.373140250000006e-10	4.78484859076e-07	-0.000327115	0.0	1.0700422322500001e-07	0.0	0.0	0.0	0.0	0.0	0.0	0.0	0.0	0.0	0.0	0.0	0.0	0.0	0.0	0.0	0.0	0.0	0.0
6292.220159962466	-0.6637529953841295	0.4405680388814041	39592034.54143808	6383.006386781351	-20.51409851248081	40742770.53369151	420.8282377797676	4270.364044227937	3.778010518673909	14.2733634792107	18236009.07023478	4336.901364224628	8067.8771084257	1.131802	25.111029	0.23821574	0.119886	-0.1230329409	0.0171051219	0.1216118371	0.031561175	-0.0179676713	0.1951198669	0.0293194976	0.129419383	-0.0269077789	-0.0296059595	0.0171481085	-0.0529983267	0.039186996	-0.0636419598	0.0577772708	-0.1650673131	-0.0152244862	0.09944938	0.0195930816	0.0165462677	0.1691157748	0.0163878534	0.088913982	-0.0447436448	0.0512931389	0.0144713146	-0.0662125019	0.0608372381	0.0288797949	-0.0937687072	0.0054355831	-0.0330766924	0.0096989868	-0.0299737128	0.0546222239	0.0276402728	-0.0306400062	0.0857601792	0.03720741	0.0279163517	-0.0294395411	0.047632278	-0.0247140221	-0.0125965468	-0.0538557921	-0.006682405	-0.084401943	-0.0951508121	0.0695819569	0.0375419687	0.0380000306	0.1726832771	0.0406847484	0.0659494651	0.0458815451	-0.004792647	0.1503968626	-0.0997409792	0.0778733371	-0.0312207285	-0.0310433654	0.0067953113	0.0158855579	-0.0105850453	-0.0646132489	-0.0428477064	-0.0219509079	0.0231163525	-0.0236920975	-0.0360093743	0.0187717964	-0.0279500096	0.0264281878	0.1765250726	0.0887625312	0.0596869097	0.0868833663	0.0416868387	-0.006243327	-0.0355879412	0.0430192824	-0.1660195396	0.0773625865	-0.1222846853	0.0086513171	0.0512429247	0.0979388345	0.0145257926	0.0151600199	-0.0246596579	-0.0107995691	0.0568861182	-0.0297307337	-0.046265053	-0.0237575759	-0.0696260694	-0.062956661	0.0132699734	-0.078051983	-0.0643392131	-0.0035877128	-0.1570182664	-0.0951051235	-0.0238968016	-0.0165668075	-0.124070599	-0.0962700163	0.0941775419	-0.0787323121	0.0481506843	-0.0050355564	-0.0634056173	-0.0456449946	0.0080233424	0.002865645	0.0166695981	0.1222961079	-0.0456225765	0.0168821688	-0.0439878748	0.0224222699	0.043958112	-0.0115749223	0.1645208557	-0.014631104	0.0689391435	-0.1305319932	0.0962713556	0.0630391715	0.0218065443	0.0820377949	-0.0187914507	-0.0516571297	-0.0370171823	-0.0188549755	0.0076519314	-0.0399311971	-0.0611791935	0.0260718426	-0.0463524471	-0.0286873073	-0.0684884556	0.0124437909	0.0317291045	-0.0701060642	0.0283099312	-0.0550551688	-0.0089544651	-0.0694543898	0.0055866035	-0.0712100835	-0.0784042122	0.0512750566	-0.0251397605	0.0324208322	-0.1347581511	-0.1032166241	0.0018580491	-0.0121529143	0.0400579858	0.0581098659	-0.0374094527	-0.0187911217	-0.0494749288	0.0433900038	0.0632733302	0.0988450919	0.0416028942	-0.0134221843	0.0488508693	0.0590137152	-0.1714206555	-0.0338149314	0.0354318866	0.0509891713	0.1280827541	-0.0015203789	-0.0116091593	0.0024347907	0.0570216594	-0.0276314657	0.1394330263	-0.1286033216	-0.0496482222	0.1338294527	0.0658141619	0.1073285042	-0.0287636348	-0.0968969074	-0.0495465532	0.0577311683	-0.0141289754	-0.0597933227	0.0683709101	0.0142250707	-0.1336705257	0.0012511981	-0.1052081626	0.1012532206	0.015631724	0.0016406248	-0.0228924392	0.0241257218	0.0475120398	-0.0609964381	0.0211684467	-0.0761935001	-0.0584400044	0.0476064159	0.0817276244	-0.0076277318	0.0	-0.0146222	0.0105072	0.00021380873284	0.0001104012518399	-0.00375391	-0.07500851	0.0056262765724201	1.40918402881e-05	-0.128862	-0.0506445000000001	0.00256486538025	0.016605415044	0.00199988	0.0012486720000001	1.5591817635842495e-06	3.9995200144e-06	0.000141397	-0.000550329	3.02862008241e-07	1.9993111609e-08	-8.50054e-05	0.0002421096	7.225918029160001e-09	5.861705841216e-08	0.0	0.0	0.0	0.0	0.0	0.0	0.0	0.0	0.0	0.0	0.0	0.0	0.0	0.0	0.0	0.0	0.0
6291.991901718449	-0.2282582440166152	0.0521018259615486	39589162.09129055	6370.724261074664	-12.282125706686202	40586127.61064533	150.85061187484203	4263.3634710516335	-7.000573176303078	49.008024796774166	18176268.086297438	4335.408523781785	8370.382161291267	1.951891	43.30616	0.48220054	0.28369	-0.2271580567	0.0120659249	-0.0711916812	0.0141254375	0.0116158195	0.0286342831	0.0825666512	0.0980452917	0.1448166357	0.2465795121	0.0537308187	-0.0564370154	0.0094262011	-0.0390353825	0.1446595924	-0.0788959198	-0.0596606219	0.1330487684	-0.0807747212	-0.1129168963	-0.0619878584	0.1957397206	0.1645661765	-0.0355058121	-0.0816452346	-0.0215276979	0.0500570637	-0.0387821299	0.0812508529	-0.0059243079	0.0587221035	-0.0237619943	-0.1136495308	-0.0005090323	0.046854141	-0.0012306047	-0.1390358449	0.0138341573	0.0491674796	0.0190449848	0.0405865684	0.0219429329	0.057529381	0.0884258109	-0.0060857621	0.0127944165	-0.0474527598	0.1615543706	-0.1001387395	0.000399981	0.0335236528	0.0041697836	-0.0174761801	0.021413024	-0.0906737388	0.0063935489	0.0182140915	-0.0661922049	-0.0491331148	0.043412094	0.009851623	-0.0473945999	-0.0148080725	0.068216825	0.0218888488	0.1646247615	0.0610189933	0.1385126159	-0.056968839	0.0498379892	-0.0380921104	-0.0038341935	-0.0624822724	-0.0540383439	0.0516659364	0.0262119577	-0.0501116455	0.0127195005	0.0272030199	-0.0065773236	-0.0229351852	-0.0020162757	-0.0325149717	0.0500405611	0.0183329634	0.00508038	0.0626273647	0.0454229067	0.0320126968	-0.0828907884	-0.0912899047	0.0121152117	-0.0668425457	0.0239713898	0.0287420038	0.0661276268	-0.0265204231	0.056807454	0.0118870424	-0.0061589915	-0.0331066344	-0.1331241036	0.0412978582	-0.0419407578	0.0773769453	0.1062832675	-0.0344266155	0.2725022068	-0.0235636638	-0.1149501125	-0.0993561873	0.0998793562	0.1090756426	-0.0131062542	-0.0771594435	0.0644641702	-0.0848705909	-0.011313851	0.0978269071	-0.0447963585	0.0525409696	0.0915712382	0.1032705855	-0.0763049779	-0.0558085307	0.0666211737	0.0305187428	-0.0027321987	-0.0332658163	0.0007990982	-0.1009685404	-0.0269638602	-0.0508658317	0.0668985645	0.0560628766	0.052858251	0.059183025	-0.0052203164	0.0540703611	0.0672122573	0.0589784411	0.0194175182	-0.0751020906	-0.0177978813	-0.0787895757	0.0296949765	0.0050663937	-0.0384805812	-0.1339324579	-0.0001108758	-0.0216724113	0.0848883816	0.0870832569	-0.0229355624	0.011524041	0.0706393497	-0.0049316493	-0.1300224228	-0.0566376496	-0.076382375	0.0355708481	0.0259072459	-0.0059197248	-0.0426301208	0.0027930337	0.1278164519	0.0536220943	-0.0365344326	-0.0053453068	0.0564483288	-0.0493953225	0.0664667303	-0.0232589374	0.0528738666	-0.0268194464	-0.0141123252	-0.0233163442	0.0014442891	-0.0133051588	0.0425002852	0.0959454947	0.1652376117	0.1780393768	0.2214221611	0.1020502207	0.0733996224	0.1497926374	-0.0359628187	0.0198929649	0.1514770365	-0.0250195158	-0.0062544477	0.1288614838	-0.0375248422	0.0704713909	-0.1131068175	-0.2900618001	0.0774329656	0.0672713732	-0.0388781314	0.0223301602	0.01645778	-0.0997604095	-0.0609276487	-0.2040020456	0.0201795815	-0.0771383493	-0.0561506324	0.0509542622	0.0799115551	-0.0136900138	0.0	-0.0325257	-0.0179034999999999	0.0010579211604899	0.0003205353122499	0.0861046	0.08985851	0.0080745518194201	0.00741400214116	0.129105	0.257967	0.066546973089	0.016668101025	0.00146339	-0.0005364899999999	2.878215200999999e-07	2.1415102921e-06	0.00135455	0.001213153	1.471740201409e-06	1.8348057025e-06	-0.000664793	-0.0005797876	4.41949732849e-07	3.3615366111376e-07	0.0	0.0	0.0	0.0	0.0	1.0	0.0	0.0	0.0	0.0	0.0	0.0	0.0	0.0	0.0	0.0	0.0
6275.17810466027	-16.81379705817926	282.7037715136376	39377860.24520766	6483.34282186568	112.61856079101562	42033734.14583724	12682.940234639682	4256.034182766196	-7.329288285437542	53.71846677105199	18113826.96487432	4331.558205991579	7860.006978366787	3.086632	68.482399	0.7952964499999998	0.504764	0.1187792269	-0.1714848117	-0.1071952054	0.2396136251	-0.069084238	-0.192791453	-0.3918103395	0.3454269121	0.0795711741	0.1640953916	0.1713084048	0.2462531403	-0.0573926706	0.0678104558	0.0639698632	0.2809987471	0.1730498709	0.0886473788	0.0184051117	-0.1514715725	-0.0042129951	0.2089457169	0.3674806137	-0.1039517973	0.0059318308	0.0080140779	-0.0297767411	0.0804844776	0.0762462993	-0.1278657892	0.0132014465	0.0062285227	-0.0954023136	-0.0034037064	-0.0254792618	-0.0037479256	0.032616273	0.0071451705	0.0167530519	0.065163543	-0.1006112803	0.0218220704	-0.0483107589	-0.0158314142	0.0146862712	-0.0350161717	0.0441389308	-0.000497745	-0.0187451838	0.0025919319	0.0566520298	0.0048765261	-0.0311748159	-0.0646006197	-0.0285235863	-0.0480432004	-0.0089009581	0.0012435373	0.0220792352	-0.0199105887	0.0945634945	0.0896146193	-0.0087698154	-0.0118103385	0.0498061825	0.0487612521	0.0404022188	0.0192381527	-0.0347576923	0.0048887186	0.1236713094	-0.0580334452	-0.0289512819	-0.0622582606	-0.0545658976	-0.0001569687	0.0389154978	0.0304934677	-0.00440149	0.0396985708	-0.0737010878	0.0655741819	0.0033761344	0.051823893	0.0009661312	0.0322306698	0.003178117	0.0145295925	-0.0565266699	-0.0432534265	-0.0677682369	-0.0050650769	-0.0188161672	0.0684209276	-0.038877471	0.0650682088	-0.0288423153	0.0319014227	-0.0424600032	0.1010806577	0.0960535425	0.2679412021	0.1821459201	3.04136e-05	-0.1312693631	0.0676466432	-0.0227523982	0.489513456	-0.2581611654	-0.0997077287	-0.0401990299	-0.0494459215	0.0936553488	-0.0737234427	-0.116057409	0.0498304603	0.1133272447	-0.0229959594	-0.0817599643	0.0436610369	-0.0191815946	-0.0919351466	-0.0133879288	0.0684996907	0.1445783984	-0.0888061298	0.0688081181	-0.028898281	-0.0336324542	0.0072106008	0.0110606932	0.0485168109	0.046611525	0.0572840577	0.0003093597	0.0060762671	-0.0038927759	0.0521068486	-0.0217475732	-0.0190907312	-0.0903280735	-0.0303083054	-0.0280051877	0.0639132108	0.0612484699	0.0108303983	0.031668288	0.0566579613	-0.0111451591	-0.046427745	-0.0153527062	-0.0957259561	0.068161123	-0.025096184	0.011280346	0.0313740754	0.107566918	-0.0274866689	-0.0113476276	-0.045126025	-0.0013867298	-0.0085450112	0.0244023261	-0.0103164671	0.1204698283	0.0128488641	0.0576100727	0.0149096857	0.0180193151	-0.0581001216	0.0661218513	-0.0011384728	0.0031122064	-0.0356016494	0.0241479505	-0.0336747328	0.0343970824	0.0675840744	-0.1137697881	0.0256937347	-0.001499375	-0.2755297875	0.2575616775	0.128013594	0.4332583071	0.2048171559	0.2973199861	-0.0761457919	0.0691680508	0.1005802522	-0.1340446221	0.0257727462	-0.0496904992	0.0493683006	0.0248073633	0.0871377191	0.072691951	0.1254915042	-0.0790603372	-0.0335325714	-0.0346817932	0.1540584039	-0.1075226347	0.0690969113	0.0714114738	0.0191879226	-0.0780404828	-0.0537913037	0.0541892595	0.0778189817	-0.0196840927	0.0	-0.0604364	-0.0279107	0.00365255844496	0.00077900717449	0.110424	0.0243193999999999	0.0005914332163599	0.0121934597759999	0.618344	0.489239	0.2393547991209999	0.382349302336	0.00347395	0.0020105599999999	4.042351513599999e-06	1.20683286025e-05	0.00375146	0.00239691	5.7451775481e-06	1.40734521316e-05	-0.00133387	-0.000669077	1.7792091769e-06	4.476640319290001e-07	0.0	0.0	0.0	0.0	0.0	0.0	1.0	0.0	0.0	0.0	0.0	0.0	0.0	0.0	0.0	0.0	0.0
6260.368922157374	-14.809182502895965	219.31188640408	39192219.04151388	6359.184491453687	-124.15833041199312	40439227.39634509	15415.291010693656	4257.263304509552	1.2291217433557904	1.5107402599899775	18124290.843923587	4314.527143808013	7399.701884398495	1.970754	43.724655	0.4615046999999999	0.255859	0.2887120186	-0.2019487783	-0.1521542883	0.0198181844	-0.1117146872	-0.1377344258	-0.4125543922	-0.0129983612	0.0055105974	-0.1760611535	0.2491234045	0.0521098612	0.2224683518	-0.2532963467	0.0206007262	0.2949092803	0.2751649493	0.0556316586	0.0412498052	-0.0828733232	-0.0122338546	-0.0975393566	0.294187101	-0.0140811641	-0.0134206794	-0.1223411166	-0.0516816822	0.1636834378	-0.0098149997	0.0177205795	-0.0409184684	-0.0144620525	0.1186955143	0.0265130717	0.0824526051	0.1065870113	0.035936921	0.0442935749	-0.0366288097	-0.1460914522	-0.0216868654	0.1960945524	-0.0135601057	0.0136434263	-0.0084865015	-0.1097950367	-0.0050941015	-0.0889322685	-0.0552681387	-0.0156490167	0.0746589807	-0.0096954671	0.053672876	0.0652835809	0.0408509124	0.1000381715	-0.0004437434	0.0851782645	0.0740529035	-0.0340614962	-0.046263478	0.0076616697	-0.0566011602	0.0503152751	0.0354025634	-0.0095589454	-0.0565710431	-0.0821540377	0.0540873525	0.066724754	-0.0823615547	-0.0014026988	-0.0296617429	-0.0284358423	-0.0240748021	0.0938329579	-0.0974413158	0.0085150033	0.0355116108	-0.1040191196	0.0733663878	-0.076665821	0.0213569139	-0.0526798773	0.0624892099	0.0359704705	-0.0406684279	-0.0262534729	0.0639893585	0.0369261666	0.0342364838	-0.0331328483	0.0143458744	-0.0587331288	0.0423561457	-0.1525025035	0.0785465845	0.0533191007	0.0615692104	-0.1066504343	-0.060767349	0.3831732006	0.0272570892	-0.083626082	-0.1636802721	0.0298526208	-0.0486430368	0.0767488056	-0.317099796	-0.0070044908	0.0301811453	-0.0051852067	-0.2906932645	0.0656361315	0.2279283389	0.0385801157	0.2729913175	0.0596620106	-0.0386907357	-0.0629936723	0.0331788523	0.0039491675	-0.003513733	0.0442783261	0.0608209958	0.0823628791	-0.1333429629	0.0254883928	0.0554262894	0.0658721361	0.0208070558	-0.0738896565	0.0423716923	-0.0794081927	0.0824339172	0.0022152437	0.0159350241	0.0863893187	0.0078950161	0.1165911545	0.0123573174	0.0255605517	0.0634890637	-0.059593934	-0.0561266416	0.0250760245	-0.0221366833	-0.1010613086	-0.0054571496	-0.0023794795	0.0883875342	0.080600979	-0.0227142993	0.087571019	-0.0401319279	0.0269862315	-0.0773523226	-0.0369454622	-0.0062631092	0.0856263508	-0.0355265	0.0182506739	-0.0167041252	-0.0013174458	-0.0679584871	0.0157220576	-0.0613836325	0.0419197645	0.0727705417	0.0736977248	-0.0492944838	-0.0230939056	0.0831659602	0.0216510375	-0.0036205322	0.0340771368	-0.0036143553	-0.017616421	0.1332033948	-0.0580022902	0.0244427253	-0.3615925432	0.0745822351	-0.2861003439	0.2835103667	0.2109625507	0.0169349337	-0.0539645209	0.0545691728	-0.2478644609	0.0165663325	-0.0493447263	0.0457744898	0.1115991249	0.1444182191	0.1332992767	0.1620470684	-0.2139091429	0.0800722048	0.0813842422	-0.089984104	-0.182369237	0.2081324941	-0.0005857831	0.1688609891	0.0181936073	-0.0788994011	-0.0513649577	0.0573042433	0.0754571448	-0.0255801066	0.0	-0.0401496	0.0202868	0.00161199038016	0.00041155425424	-0.0819398999999999	-0.1923638999999999	0.0370038700232099	0.0067141472120099	0.474326	-0.1440179999999999	0.0207411843239999	0.224985154276	0.00412655	0.0006525999999999	4.258867599999997e-07	1.7028414902499998e-05	0.00233686	-0.0014145999999999	2.0010931599999995e-06	5.4609146596000005e-06	-0.00136339	-2.9519999999999894e-05	1.8588322921e-06	8.714303999999936e-10	0.0	0.0	0.0	0.0	0.0	0.0	0.0	1.0	0.0	0.0	0.0	0.0	0.0	0.0	0.0	0.0	0.0
6252.978080927014	-7.390841230359911	54.624534092388	39099734.880553685	6272.807225762609	-86.37726569107781	39348110.4915796	7461.032028267047	4263.62922916677	6.3659246572178745	40.52499674137452	18178534.203805223	4318.472961129494	7573.368529073803	1.601778	35.538288	0.1545772	0.111646	0.1998284216	-0.1626358598	-0.2095594242	-0.1556260519	0.0032771881	-0.0840151656	-0.2376403315	-0.2987577374	0.0687498305	-0.0935926728	0.0293283709	-0.0638229315	0.1734698516	-0.1591412806	0.2032136491	0.170244447	0.1972278403	0.0349995971	0.1155649557	-0.1157123363	-0.0926797871	-0.1746148024	0.0559089341	0.0217272826	-0.1037284696	-0.1548250803	0.0667342887	0.1582824844	-0.0745214236	-0.0117338716	0.0404572137	-0.0654035702	0.0466130516	0.0245150139	0.0134694532	-0.0187478483	0.1116922205	-0.0040137292	-0.0451331307	0.0495121356	0.0722627956	-0.0055159107	-0.102881659	-0.0058771262	-0.0160785414	0.0328262933	-0.0597463763	-0.0108658302	-0.0162043754	-0.0065658005	-0.1485699195	-0.0458737852	-0.0672958254	0.0364738506	0.0183156095	-0.0095235924	-0.0547786054	0.0282997204	-0.0295562334	-0.0281795935	0.0297521964	-0.1011194614	0.0608814932	0.1224413569	-0.0680292636	-0.02095136	-0.0309868143	0.0440811555	-0.0069124628	0.0260139007	-0.0473526921	0.0342212413	0.0105150879	0.0156440776	0.0380741644	-0.028349385	-0.0032761211	0.029429561	0.0046388189	0.0111494883	-0.0102138242	-0.0780075779	0.0959999088	0.1032253466	-0.0604778052	-0.1329880475	0.067066626	0.0895027991	-0.105309314	-0.0691754241	0.0034250246	0.017215968	-0.0014127561	-0.0030700101	0.0035679842	0.0442891957	-0.0882852595	-0.0551557559	0.0060939626	-0.0396655151	-0.0438373242	0.2303050293	0.0276220006	-0.1295184578	-0.1745175535	0.116095488	-0.0685165068	-0.1402323938	-0.1003452432	-0.0693611133	0.0025986916	0.2338086819	-0.1986167286	-0.0146141613	0.051535923	-0.0161491203	0.0130408371	0.0519566851	0.098600642	0.0062822075	0.0727847928	0.0184555728	0.0081552977	-0.0713007413	-0.1638421386	0.0215844868	-0.0129407644	0.02857975	-0.0940444141	-0.1071100682	-0.0925336609	0.1208211593	-0.0398195784	0.0600371884	-0.0714697306	0.00800073	0.0712825134	0.0221834872	0.0422082907	-0.0843805835	0.0968305122	0.0793761724	-0.0060032722	-0.0586904729	0.0158137689	-0.1219986474	0.0273960222	-0.0077870979	0.0945933177	0.0392033253	-0.0724503532	0.1278786994	-0.0578855946	-0.0491436719	-0.0023530601	0.0290384182	0.0665247419	0.1083770922	-0.0653351551	0.0043174907	0.0572691733	-0.0231698628	-0.0231737573	-0.0396195723	0.0044568259	-0.0688292025	0.0831615086	-0.1413001279	-0.0646078183	0.0315176972	-0.0588977386	0.090513833	-0.1113149217	0.0323636891	0.0825957157	-0.0099036957	-0.0691200177	-0.0326003321	0.0500962757	0.119649595	-0.0205372027	-0.2376034141	0.1256636957	-0.2325918677	-0.0131893801	0.1549446161	-0.1214448037	0.0837222302	-0.0822779465	-0.1247659151	0.1507934563	0.0152700615	-0.0129704203	0.0894947217	0.1782037187	-0.0986185534	-0.2723181725	0.0199177562	-0.0113539695	-0.0984033921	-0.0900368177	0.1246445512	-0.0667003164	-0.1281029202	0.0510999304	0.0171967732	-0.0797146284	-0.0488746174	0.0602923148	0.0728342167	-0.0313486816	0.0	-0.0135085	0.0266411	0.00018247957225	0.00070974820921	-0.0839324999999999	-0.0019925999999999	3.970454759999989e-06	0.0070446645562499	0.367943	-0.106383	0.011317342689	0.135382051249	0.00414338	1.6830000000000664e-05	2.8324890000002227e-10	1.7167597824400003e-05	0.00261678	0.0002799199999999	7.835520639999996e-08	6.8475375684e-06	-0.00126893	9.446e-05	1.6101833448999998e-06	8.922691599999998e-09	0.0	0.0	0.0	0.0	0.0	0.0	0.0	0.0	1.0	0.0	0.0	0.0	0.0	0.0	0.0	0.0	0.0
6265.930941828747	12.952860901732492	167.77660553963028	39261890.56776688	6332.378371888077	59.57114612546775	40099015.84475589	3548.721450701831	4267.648525897071	4.019296730300994	16.15474620620826	18212823.94059144	4327.401382846277	7640.118792299517	1.258049	27.912048	0.18635026	0.104842	0.1365348406	-0.1178976932	-0.1740077923	-0.1272099059	-0.1050925809	-0.0717477259	-0.1640268976	-0.2226932779	0.1051833345	-0.1207516611	0.1386781471	0.0967309159	0.0852272762	0.1406542433	0.0923302555	0.0962128619	0.19414184	0.036015588	0.0265783678	0.0033061155	-0.1468310906	-0.2359461945	0.0048445614	0.0088501092	-0.0301265529	-0.2213962098	-0.0414352999	0.0182563868	0.0363982106	0.020080455	0.0425202381	0.0532753467	-0.0842095091	-0.046975185	-0.0221721371	-0.055072677	-0.0152965807	-0.0223190342	-0.015785434	0.0669772767	0.1260025085	-0.1057789666	0.0420858492	-0.0408254891	-0.028292422	0.112653858	0.0106635191	0.1335408071	-0.0473707458	0.0252554724	-0.0022842222	0.0682692177	0.1074495306	0.0646026372	0.0719940043	0.0004932658	0.0991668764	-0.1396307438	-0.0888235271	-0.0106713066	-0.0368746757	0.0647316821	-0.0146373265	-0.0902430014	-0.0972922611	0.0158605608	0.0575980451	0.0185187212	-0.0668331873	0.0381004547	-0.052923543	-0.0711193107	0.1348901953	-0.056061522	0.0510445386	-0.0146687679	0.0788429537	0.0097965108	-0.038926702	0.0598533478	-0.00405287	0.0280039071	-0.0321640935	0.0588719706	-0.0121266981	0.0072891804	0.0597287999	-0.0716661595	0.0573093017	0.010600905	0.0155660669	0.0598728152	0.0040025037	0.0698846479	-0.0308328214	-0.0897661078	-0.0252415962	0.092947646	-0.024946341	0.1102075583	0.0493395872	0.1757614416	-0.0432720569	-0.1398843586	-0.1018401621	0.1344588423	0.0515948469	-0.1549298679	-0.1514368189	0.0544204268	-0.0377324612	0.0953525396	-0.1421547079	0.0249415448	-0.1486761257	0.0869000918	-0.1069435784	-0.0667289022	-0.0236330978	0.1315857606	0.0494138891	-0.0144781207	0.0474331005	-0.0299939285	-0.0539020446	0.0133091261	0.0503572252	0.0420189343	-0.0030616318	-0.1124869797	-0.0584876519	0.0407327557	-0.1280721966	-0.0755874423	-0.0895779047	-0.0589871945	-0.0324403902	-0.1572006726	0.0180167971	0.0814928221	-0.1334395318	-0.03140014	0.0259954226	0.0600507038	-0.1144192787	0.1042145794	0.0093877958	0.0294294165	-0.05061248	0.0951853454	-0.0474579246	-0.1319083263	-0.0110668065	-0.0851503852	0.0439560964	-0.0836742901	-0.054675189	-0.0874541085	0.0327781943	0.0188172107	0.111190236	-0.0060781417	0.0945487749	0.0523016098	-0.0209306104	0.0477155967	-0.0457165151	0.0089283649	-0.018553134	-0.0102392131	-0.0250678512	-0.0514496457	0.0380616	0.021678202	-0.0059170793	-0.0446692718	0.0387900067	0.0002179402	-0.226090437	-0.0490938081	0.0135721576	-0.1632296749	0.0955677412	-0.1911931041	-0.1278787479	0.0883949906	-0.0580497371	-0.0142484207	0.0531223158	-0.0401793205	0.1850525007	0.0199617243	-0.0726057773	0.0634535274	0.0483760336	-0.1309078451	-0.0233894366	0.0728138543	0.0558752421	-0.0780254781	0.0271213649	0.0704317114	-0.0116986667	-0.0723076969	-0.1227631228	0.0161975583	-0.0804857135	-0.0463233854	0.0631468562	0.0699592729	-0.036961079	0.0	0.00386606	0.01737456	1.49464199236e-05	0.0003018753351936	-0.0427988	0.0411336999999999	0.0016919812756899	0.0018317372814399	0.275428	-0.092515	0.008559025225	0.075860583184	0.0042546	0.0001112199999999	1.23698883999999e-08	1.810162116e-05	0.00225805	-0.0003587299999999	1.286872128999999e-07	5.0987898025e-06	-0.00103234	0.0002365899999999	1.0657258756000002e-06	5.597482809999994e-08	0.0	0.0	0.0	0.0	0.0	0.0	0.0	0.0	0.0	0.0	0.0	0.0	0.0	0.0	0.0	0.0	0.0
6248.730030233946	-17.200911594800345	295.871359692137	39046626.990747534	6326.714130195118	-5.664241692958967	40027311.68521056	32.083633956254666	4258.049621389613	-9.59890450745752	92.13896774328828	18130986.57821623	4323.201954221263	7765.926852483819	1.186354	26.321362	0.10020192	0.0605448	0.0874670743	-0.0951597988	-0.1309150049	-0.0185371336	0.0942799376	-0.008100751	-0.0726946012	-0.2547656498	0.1165485908	0.0128967685	-0.0839460912	-0.0700287115	0.0304387873	0.1983511579	-0.0103072372	0.0540908051	0.0312272732	-0.094527783	0.0431422785	-0.1172860294	-0.0684373259	-0.1811430825	-0.1352109416	-0.0800543736	0.0362599482	-0.1407124288	-0.092459301	-0.1961854554	0.0091484167	-0.0193686237	-0.0312327366	0.0524260567	0.0613482308	-0.0329506157	-0.0128323619	-0.1069110641	-0.0320865102	0.0921464342	-0.004510373	-0.0491875704	-0.0128893605	-0.116498778	0.0721777159	0.0673356758	0.0222583775	0.057239507	-0.1684823549	0.0111088509	0.0591717737	0.045128796	-0.1121722707	0.0463434164	0.062498058	0.0677622604	-0.0837219199	-0.0433466408	0.0548996656	-0.0228428362	-0.0087659765	0.0867538954	-0.0791918938	-0.0499705883	0.0621790242	-0.0074831732	0.0273120647	-0.0129054843	0.0166129902	0.0100581147	-0.1080981107	-0.0335328157	-0.0200642566	-0.0320688911	0.0382276936	-0.011854838	-0.073017227	0.0865911499	-0.0317507017	-0.0201178539	0.0311011225	-0.0076006501	0.0434580883	-0.0027487214	0.0111776717	-0.0915145568	0.0770266766	-0.0061015426	-0.0303889283	-0.0102422202	-0.0035872388	-0.0357811087	-0.0135908427	-0.0453428563	-0.0238504138	0.0746189683	-0.000899358	0.0788291921	0.0005716788	0.0335156436	-0.0512035683	0.0595103216	-0.0126388054	0.0492964516	0.050987714	0.032052332	-0.0823266052	0.1409448398	-0.0195676874	-0.2016125952	0.0448016783	0.1767160716	-0.0426408478	0.0011334751	-0.0512829482	0.0171249514	-0.0252747373	0.1448407097	-0.181417263	-0.0619080617	0.0816247101	-0.0211875799	0.0498946796	0.0320009757	0.0362491703	0.0589105582	-0.054259501	-0.0460572391	0.008885947	-0.0451644796	-0.0013887917	0.0844781368	0.0392489295	-0.0721384345	-0.0803120444	-0.0198643555	0.0228846957	-0.1921892018	0.0844904074	-0.0371014624	0.0229069335	-0.103747883	0.0615921221	-0.0438915818	-0.0066223022	-0.061777323	-0.0576235198	-0.0026472118	0.0069593814	0.0641356689	-0.0716438782	-0.0778401484	0.0220192536	-0.0594727052	0.0438096871	-0.0932864911	-0.0178071937	0.0393099152	-0.0389477492	-0.0850564656	0.0003487856	0.0014744352	-0.0455176958	0.0815791613	0.0186486163	0.1015478126	0.0913351001	-0.0294348231	0.0599289161	-0.027615282	-0.0114441156	-0.0073191359	0.091430255	0.1051456421	0.0813594686	-0.1011095899	-0.0353157441	0.0763290498	0.0051257546	0.0972202654	0.010122247	0.0182303506	0.0465707075	-0.110448426	0.0772582997	-0.1216369721	-0.1727708554	0.0189505454	-0.0345663884	0.0965803019	0.0376515835	0.0128213744	0.110029548	0.1662689069	-0.0813322488	-0.0343781531	-0.0026338323	-0.1072925515	-0.0125753738	0.0719601698	0.0691956345	-0.0893683269	0.128616907	0.0746190474	-0.0324029727	-0.0823587807	-0.1164387645	0.015196101	-0.0812122292	-0.0437144402	0.0658615456	0.0668422612	-0.0423893383	0.0	0.00387166	5.5999999999997024e-06	1.49897511556e-05	3.135999999999667e-11	-0.00180623	0.04099257	0.0016803907952049	3.2624668129e-06	0.232502	-0.042926	0.001842641476	0.0540571800039999	0.00433007	7.547000000000022e-05	5.6957209000000345e-09	1.87495062049e-05	0.002209	-4.9050000000000135e-05	2.405902500000013e-09	4.879681e-06	-0.0008313049999999	0.0002010350000001	6.910680030248338e-07	4.0415071225040244e-08	0.0	0.0	0.0	0.0	0.0	0.0	0.0	0.0	0.0	0.0	0.0	0.0	0.0	0.0	0.0	0.0	0.0
6205.007472623543	-43.72255761040287	1911.6620439949984	38502117.73531401	6290.002565737123	-36.71156445799443	39564132.2769796	1347.7389649534796	4249.984240422484	-8.065380967129386	65.05037014493294	18062366.04383948	4320.205369434542	7707.107962698832	1.241564	27.546295	0.1239396199999999	0.0702882	0.0668749214	-0.0250684188	-0.1137045235	-0.0362929391	0.1707205894	-0.1522287133	0.000321511	-0.0981657797	0.1654046005	-0.0564342326	-0.081602524	-0.0501854665	-0.022940607	0.0716104602	0.0304815805	0.081768059	-0.0776067379	-0.1025986205	0.0991776206	0.0144164829	-0.1680922632	-0.0772650748	-0.0341393483	-0.075279104	0.0052042867	-0.0143870263	0.0330580986	-0.1848557655	-0.0080739247	-0.0744022187	-0.0401047312	-0.0445893558	0.1267293277	0.0412570309	-0.0519640294	0.0515839924	-0.034431894	0.0661218349	-0.0098320385	-0.0031742022	-0.0738406151	0.0168329658	0.101904332	-0.0880040247	0.0364270539	0.024939104	0.0255507711	0.0123793557	-0.0179913023	-0.0281211985	0.0633919932	0.0071540987	0.0109896863	-0.0158201468	0.0043628317	-0.0163499609	-0.0052275917	-0.0157799234	-0.0249130402	-0.0739033393	-0.1397302291	-0.0285334319	0.0069534904	0.0426186596	-0.0348226948	-0.0483865122	0.0082838111	0.0145414434	-0.0172234445	-0.0028636378	0.028670672	0.0992403318	0.002199534	0.008562959	0.1267716731	-0.0260032646	-0.0367472455	0.0435940173	-0.1147900524	-0.1610209527	-0.0124806103	0.0810971908	0.0355327055	0.0481977687	-0.0071227267	0.0365723236	0.0107725272	0.0482740606	-0.0621232459	-0.0566082048	-0.0046617866	-0.0045414356	-0.0005655012	-0.0088777779	-0.0710484838	0.0085599605	-0.0085913547	0.1036168515	0.0294327239	-0.0231766445	-0.0028817162	0.0033943172	0.1623597697	0.0077947323	-0.0440813003	0.0862537933	0.1627335751	-0.1174573023	0.038763449	0.0966777439	-0.047873563	0.0323417267	0.0376270401	0.0287157293	0.0626005803	0.0975527222	-0.0994714377	0.1204256621	0.0616271549	-0.0300756316	-0.0473829421	-0.0411068859	-0.0027595616	0.1948909844	-0.0508455423	-0.015354867	-0.0407163122	-0.0515920797	0.006799143	0.0288916374	-0.011957609	-0.1473296942	0.0259780974	-0.02774653	-0.0512907779	0.0721780117	0.0425153514	-0.0161730918	-0.0053977831	0.0750546966	0.0550317623	-0.0241020053	-0.0158503436	-0.0136276643	0.031594375	-0.0235586267	-0.0398089719	-0.0415491587	-0.0979846478	0.0144639194	0.1013357105	-0.077914178	-0.0440535158	-0.0161347787	0.0350704327	-0.0333220774	-0.0181965054	0.0337436713	-0.0404860706	0.0425217187	-0.0614884675	0.1063192583	-0.0126220939	-0.2321824311	0.0059945219	0.0226166538	-0.0351903802	-0.0412042271	0.025071244	-0.0451995361	0.0011118586	-0.0113127136	-0.1313914418	0.0130970969	0.0470077198	0.0377487379	0.0165279485	-0.0106992896	-0.0623875813	-0.0001979989	-0.0288319291	-0.0893016823	0.1231829429	-0.0473016517	-0.1169892664	-0.029084479	-0.0100832098	-0.0671486159	0.0446173075	0.0481888039	0.0639416445	0.2596438846	-0.1871405301	-0.0777825853	0.0217618861	-0.0206242254	0.1108912604	0.0297176873	0.0501335306	0.0240090015	0.1730809988	0.0065889448	-0.0182530674	0.0125225866	-0.0572237934	0.0141925398	-0.0818937733	-0.0410510323	0.0684303707	0.0634939669	-0.0476064159	0.0	-0.00395543	-0.00782709	1.56454264849e-05	6.12633378681e-05	0.0555293	0.0573355299999999	0.0032873630003808	0.00308350315849	0.265653	0.0331509999999999	0.0010989888009999	0.0705715164089999	0.00403838	-0.0002916899999999	8.50830560999999e-08	1.63085130244e-05	0.00226954	6.053999999999999e-05	3.6650915999999982e-09	5.1508118116e-06	-0.000991595	-0.0001602900000001	9.83260644025e-07	2.5692884100032083e-08	0.0	0.0	0.0	0.0	0.0	0.0	0.0	0.0	0.0	0.0	0.0	0.0	0.0	0.0	0.0	0.0	0.0
6158.899922434338	-46.10755018920554	2125.906184450108	37932048.25456169	6296.814087783509	6.811522046386017	39649867.65610887	46.39683258840275	4237.732331669195	-12.251908753288262	150.10926809890154	17958375.314874437	4308.222665657117	7265.7601388202675	1.403832	31.146505	0.126666589	0.0668909	0.156150101	0.0854292224	0.001817507	0.0583621562	0.2253995428	-0.2395713752	0.042002356	-0.1039573089	0.0412652701	0.0050021419	-0.0423149085	-0.0011075416	0.0212213841	0.0492319698	-0.0094529575	0.1581062977	-0.1464255872	-0.1899615746	0.0068522891	-0.0161551694	-0.0864339039	0.0390797215	-0.0302928526	-0.0734288351	0.0669100778	-0.0070372968	-0.0097520099	-0.0707137401	-0.0778175744	-0.0829917368	0.076647387	0.0204317208	0.1223735278	-0.0082656678	-0.0277877893	-0.0661374493	-0.0156146402	0.0668103604	-0.0026273799	-0.0969997906	0.036436228	-0.0626284294	0.094788375	0.0017179761	0.0611146503	-0.0692026119	0.0421286639	-0.0404300219	0.0533617765	0.0763456591	0.0106029565	-0.0451874455	-0.0086220253	0.016248394	-0.043235168	0.0589864972	-0.0105668263	-0.1423581413	0.0336106704	-0.1577247872	-0.0852379777	0.047893788	-0.0290334337	-0.0127586563	-0.0177135707	0.0967068799	0.0189480514	-0.0099586596	-0.0012447574	-0.0061559113	0.0044787863	0.0050107438	-0.0401380611	0.0994444678	0.0664291343	-0.0517301376	0.0144945881	0.0915285848	-0.0648137098	0.0795828683	-0.0455136062	-0.071567453	-0.0300566192	0.0222846159	-0.0699216226	0.0404543156	0.0416736907	0.0185214893	0.0560325238	0.0807621703	0.0291816084	-0.0226162437	0.0031323863	-0.0612571491	0.0013326367	0.0490409033	-0.0084833167	-0.0557460303	0.0337010767	0.0565523124	0.0691431433	0.0607373547	0.2090446397	0.1772962012	0.0205134388	0.0357704707	0.1183106637	-0.0518965722	0.0606829089	0.0327223141	0.0125832653	0.0175313202	-0.0532663566	-0.068765152	0.0131417352	0.0344644275	-0.0998829868	-0.0260447709	0.0347015954	-0.1217239616	-0.0794274955	1.84884e-05	-0.0251126505	0.1316586888	-0.0560933441	-0.0571861158	0.0195642093	-0.0268495044	0.0128145926	0.0185000255	0.0878641522	-0.0551593654	0.052504326	0.0357088537	-0.0003357786	-0.0535508067	-0.0569911415	-0.0367631347	0.0419532205	0.055047309	0.0471780579	0.0430676831	0.0128650596	-0.0885435404	-0.0107385176	0.2076687373	0.037679052	-0.0151367257	-0.063770864	-0.0976119148	0.0095274813	-0.0221969867	-0.0089742189	-0.0373514653	0.0380717664	-0.029097942	0.0425636522	0.0514288371	-0.0759447384	-0.0169152768	-0.0648642945	-0.1414124207	-0.0213888119	0.0105564388	-0.0574318567	-0.0238915772	0.009379353	0.061411085	-0.0309318425	0.06756013	-0.0358195404	-0.061144131	0.0273188045	0.0199209689	-0.0372510218	0.0132177781	-0.033422739	-0.0342908168	-0.0818052229	0.0184870167	0.0586431171	-0.1223589542	0.085461618	0.0813110924	-0.0536681307	-0.1074716239	0.0239782471	0.0149523493	0.1033461473	-0.086395815	0.0378087009	0.2623398126	-0.1264746298	-0.0772673087	-0.0400378689	-0.1001697953	0.0020975639	0.0739538678	0.0306439004	0.0078324612	0.0932393101	0.0172970973	0.0704591752	0.0032671621	-0.0768889349	0.0131870138	-0.0825299684	-0.0383364799	0.0708476423	0.0599259753	-0.0525863208	0.0	0.000477359	0.004432789	2.2787161488100002e-07	1.9649618318521e-05	0.0852510999999999	0.0297217999999999	0.0008833853952399	0.0072677500512099	0.30575	0.040097	0.001607769409	0.0934830625	0.00333747	-0.00070091	4.912748281000005e-07	1.11387060009e-05	0.00261677	0.00034723	1.205686729e-07	6.8474852329e-06	-0.000991435	1.60000000000134e-07	9.82943359225e-07	2.5600000000042882e-14	0.0	0.0	0.0	0.0	0.0	0.0	0.0	0.0	0.0	0.0	0.0	0.0	0.0	0.0	0.0	0.0	0.0
6155.4915761686125	-3.408346265725413	11.616824267084368	37890076.54428275	6255.17651115048	-41.63757663302931	39127233.185648695	1733.6877878713883	4241.593821964529	3.861490295333169	14.911107300952247	17991118.150527656	4310.145348410005	6935.501643224934	1.296075	28.755726	0.238371859	0.115161	0.1818569261	0.2232404957	0.0023835681	-0.0660889921	0.230354698	-0.1409681	0.0025032094	-0.0134993955	-0.1178559367	-0.0945735737	-0.0260206057	0.0131934208	-0.0195587567	0.0817558149	-0.0293780118	0.1261638417	-0.14590361	-0.1873858107	0.0938869057	0.0247206346	0.0070186959	-0.1013957373	-0.0259274842	-0.0650371778	-0.0781640044	0.0735713016	0.0753843629	-0.0201581663	0.0138092301	-0.0437317112	0.0257127902	0.0575120197	0.0516424862	-0.0040808527	-0.0833622755	0.0467214687	0.0385005958	0.0023068207	-0.0679795497	0.1100792227	0.0277807549	0.0025040651	-0.0863941402	0.0278464254	-0.0108375641	0.0131233687	-0.0089510626	0.0989921114	-0.0266166604	0.0841720408	-0.0090230401	0.0163866422	0.0338719909	0.0251617642	-0.0028379095	-0.0282101968	0.0340236072	-0.0058890205	0.0063045918	0.0108934623	0.1154713324	-0.0562214967	-0.0079930784	-0.0297137875	-0.1090977555	0.0132605489	0.0677583042	0.0333976997	0.1529986444	0.0363974956	-0.0126619903	0.0150633736	-0.0672391972	0.0756801582	-0.0775614929	-0.0261668841	-0.0378945266	0.0246999335	0.1027319922	0.1014486136	0.0058875478	0.0474168117	0.0164704603	-0.0086730664	0.0433221658	-0.0599557283	0.0758370625	-0.0024904498	-0.0157836738	0.0390310745	-0.0909634572	0.0979594317	-0.0476607937	-0.0217013091	-0.0013613787	0.0496846276	-0.0455599214	0.0147798376	-0.0174450362	0.0891334005	0.0065258964	0.0123335553	0.2062010231	0.1280274586	-0.0403145199	-0.0772192384	0.0617657175	-0.1563294649	-0.0026487614	0.017923098	-0.0980879135	0.0558282397	0.0715291197	0.0107944992	0.0023665931	-0.0322384679	0.003508211	-0.0230538855	-0.0352884491	0.0464200766	-0.0480572153	-0.0734538575	-0.0638665038	0.068194374	-0.1107529026	0.0274219373	-0.1178942823	0.0311972539	-0.0539948151	-0.080359156	-0.0853824026	0.0486290692	0.0352088028	-0.0110758761	0.0345011665	0.0288569256	0.0064982876	-0.0351072541	0.0132462048	0.0315760496	-0.0162955033	0.0057973909	-0.058882532	-0.0541882669	0.0150596912	0.0084012341	0.0095517396	0.0800617661	0.0139859187	0.0474871882	-0.0809407914	0.0809620652	0.028311003	0.1068792027	0.0489207755	0.0526599138	-0.0122782135	0.0958596527	-0.0014915574	-0.0571570904	0.0312489798	-0.0996968795	-0.0785735125	0.0816863718	0.0526593258	0.0765164457	0.0449194685	0.0060647682	0.0313268124	-0.0012011863	0.0226355928	-0.1008498124	-0.0208080908	-0.0004540105	0.0001341388	-0.0744163568	-0.0324728497	0.1506968869	-0.0068739075	-0.0912740347	0.0596499008	-0.0919227505	0.0199651988	-0.0219280354	-0.0408189691	-0.2472278984	0.0699333761	-0.0133188836	-0.006678749	-0.0795338782	0.0931307021	0.1195197415	-0.0958793628	0.0199913988	-0.0599350286	0.0366628854	0.0389014714	-0.0729289843	0.0617626881	0.0214027029	0.0969382263	-0.0827636279	0.1186600667	0.0199989627	-0.1554359102	0.0121796622	-0.0831204621	-0.035574165	0.0731080069	0.0561506324	-0.0573042433	0.0	-0.0143613	-0.014838659	0.00020624693769	0.0002201858009182	0.0375275	-0.0477235999999999	0.0022775419969599	0.00140831325625	0.226759	-0.078991	0.006239578081	0.0514196440809999	0.00392564	0.00058817	3.459439489000003e-07	1.5410649409600002e-05	0.00152672	-0.00109005	1.1882090025e-06	2.3308739584e-06	-0.000733283	0.0002581519999999	5.377039580890001e-07	6.664245510399994e-08	0.0	0.0	0.0	0.0	0.0	0.0	0.0	0.0	0.0	0.0	0.0	0.0	0.0	0.0	0.0	0.0	0.0
6187.446856799895	31.95528063128222	1021.1399602240008	38284498.6057229	6265.765373903801	10.588862753321337	39259815.72081184	112.12401440867592	4242.482232227301	0.8884102627725952	0.7892727949996716	17998655.490764346	4312.74159935516	7190.851204744511	1.346373	29.871662	0.0733723499999999	0.0425282	0.0745292189	0.2419501796	-0.0760716603	-0.1859959423	0.1378107689	-0.0728530899	0.0471342353	0.0179437969	-0.0656737876	0.0421803594	0.0627280162	0.0220235332	-0.0650391559	-0.0115617174	0.1292540679	0.0963650339	-0.1562232668	-0.0262961283	0.0591932421	0.0109069906	-0.0297010153	0.0266363132	0.0779331212	-0.0632369055	-0.1440235559	0.1102664041	0.1231057618	0.0360612692	-0.111368114	0.0290138368	-0.0436004139	-0.0348776796	-0.0480372998	-0.0002395233	0.0350934173	-0.0405328233	0.0528165129	0.0618032768	0.0176708196	0.0454950053	-0.0592593294	-0.0254124832	0.1137468488	-0.0418946219	-0.0698217024	0.1353547353	0.0279363558	0.0523210177	-0.0555380834	0.047965449	0.1252400344	0.0124791757	0.0051835789	-0.0031383866	-0.1013517796	-0.04313856	0.0611933841	-0.0431247238	-0.044933574	-0.0243499175	0.0816145211	-0.0942133391	0.0568879774	-0.0054081442	-0.0004365925	0.0138117842	-0.0214458739	0.0395185	0.0410004423	-0.0753116637	0.0030610461	0.0220725149	0.1033153981	-0.0183211068	-0.0030032102	-0.082088559	0.0728271037	-0.0511252947	-0.0221025205	-0.0322820739	-0.0295533165	-0.044083047	0.0659939696	-0.0355080369	0.0165551274	0.0616316138	-0.1174920997	-0.0161978	0.0388829411	0.0082686765	-0.075427916	0.0610102953	-0.0079179016	0.0819837155	0.1299153705	-0.0683409258	0.0787281357	-0.011377613	0.0512735352	0.0223313937	-0.025684239	-0.0386026224	0.187394544	-0.004453885	0.0386362906	-0.0387538428	0.046603226	-0.0417652433	-0.0196295463	-0.1172158131	-0.1598964511	0.076614947	0.0786522625	-0.1602007329	0.0904780763	-0.1194536945	-0.0227044668	0.0109065303	0.0643998674	0.0661708503	0.0647791186	-0.0082437458	0.0683892177	-0.00997315	0.0003712501	-0.0890518988	0.0025191423	0.1166727053	-0.0134543477	0.0111550058	-0.0212292338	-0.0373242312	-0.0435926722	-0.0307581837	-0.0431794048	-0.0378112469	0.0348116694	-0.0555963492	0.0047903942	0.123407358	0.0054537623	-0.138086601	-0.0957824304	0.0553936657	0.0225080388	-0.040357726	0.0506996373	0.0045850459	-0.0671293844	-0.0325854027	-0.0433288895	0.013953706	0.0505637273	-0.0480604337	0.0934301423	-0.0345184443	0.0117391135	-0.0146955229	0.0528282555	-0.0397319874	0.0700668473	0.0919049851	-0.0658870067	0.0103951242	-0.0887208897	0.0309608677	-0.0262346265	0.0019218041	-0.0595655731	-0.0031189347	-0.0176366368	0.0314676945	0.0877289279	0.0372756991	-0.0504772059	-0.0715509909	0.0344588604	-0.0356999914	0.1110365757	0.0279360428	-0.092723082	-0.0128276007	0.0901753553	0.0387531928	-0.0018881232	-0.2662018037	-0.0201901659	-0.0656990485	-0.0253647805	-0.0086558771	-0.0180503945	0.0264269852	0.0930376513	0.0032188431	0.0615443744	0.1567425452	-0.0437755873	-0.1031790332	-0.0846449809	0.0424400389	0.0454326579	0.0404974095	0.0397062512	0.0376275205	-0.0061942263	0.0111706243	-0.0836649275	-0.0327675292	0.0752064584	0.0521810011	-0.061736679	0.0	-0.0184502	-0.0040888999999999	0.00034040988004	1.6719103209999995e-05	0.0523784	0.0148509	0.00022054923081	0.0027434967865599	0.216848	-0.0099109999999999	9.822792099999952e-05	0.047023055104	0.00319175	-0.00073389	5.385945321000001e-07	1.01872680625e-05	0.00144103	-8.569000000000003e-05	7.3427761000000055e-09	2.0765674609000003e-06	-0.0008041339999999	-7.085099999989996e-05	6.466314899558392e-07	5.019864200985824e-09	0.0	0.0	0.0	0.0	0.0	0.0	0.0	0.0	0.0	0.0	0.0	0.0	0.0	0.0	0.0	0.0	0.0
6196.34864898106	8.901792181165547	79.24190403666006	38394736.57972941	6298.9772550142725	33.21188111047104	39677114.45918714	1103.0290468960632	4245.006959046873	2.524726819571697	6.374245513464616	18020084.08235638	4309.414038322967	7170.433585684375	1.149602	25.505955	0.059168	0.0257332	0.1266933237	0.1524747729	0.0073168129	-0.0588075753	0.0521869601	-0.1386847385	0.0571781324	0.0134373765	-0.1307575941	0.0470948532	-0.0392175616	0.0635585732	-0.0583721148	0.076800962	0.0112778905	0.1126296553	-0.0792951475	-0.0622004396	-0.0415615254	0.046102351	0.0147698227	0.025091	0.0240485344	0.0188847642	0.0064473714	0.1394949501	0.0378079967	0.0013049282	-0.0308326299	-0.1018848212	0.0582893307	-0.0469091466	0.0444507599	0.0223671204	-0.0361184871	-0.1088313261	0.0614679562	0.0312489953	-0.0879693659	0.0043216871	-0.045176803	0.0083053762	0.0796161379	-0.064265129	-0.113281015	0.0348886798	0.0305575771	0.0031039484	0.0911168478	0.0337567484	0.0346320667	0.0855341871	0.034137368	-0.0341834369	0.0418597815	-0.083794787	-0.0496119781	0.1199314784	-0.0438027086	0.0145875494	0.0571561261	-0.1064431614	-0.0811921706	-0.1022752724	0.0032057941	0.0166064476	-0.1808293738	0.0648480333	-0.0153506706	-0.005403369	0.0733392973	0.0011299551	-0.0254301112	-0.0277140588	-0.0104275422	0.0652530017	-0.0319316789	-0.0554681464	-0.0322639056	-0.1085472481	0.0557123657	0.0236812318	0.0060941392	-0.0106464892	0.0046554832	-0.0334334884	0.1019477573	-0.0012484901	-0.0136660384	0.0006178578	0.016301085	-0.0386999252	0.0098391789	-0.0347986973	-0.0018793475	-0.0523025727	0.0913644247	0.0803786496	0.0173181467	-0.0606050307	0.0372476776	0.0603289495	0.0923588645	0.0503500364	0.0871682158	-0.0496740384	0.0394100319	-0.0411803908	0.0125888457	-0.0678880555	-0.0001342875	-0.0088198883	0.0574900251	-0.0706009132	0.0140006363	-0.112721881	-0.0177636428	-0.0127525896	0.0879738059	-0.0074689804	-0.0027141631	-0.0036737308	-0.10797889	0.0932009422	-0.0385963447	-0.1031600336	-0.0708279887	0.0421340776	0.0697196584	0.0073658714	0.0605931584	0.0651222653	0.0303696333	0.016566139	0.0187223004	0.0369437072	-0.0183815015	-0.0292157232	-0.1238750179	0.0237995989	-0.0819798117	-0.052849329	0.0343929037	0.0390735471	0.1292824907	-0.1200719139	0.0861754714	-0.0222095093	0.0227599416	-0.041693786	0.0462794202	0.0141247678	0.0464349661	0.042003748	0.0570330796	-0.0735584953	-0.000727116	-0.0479608066	0.0121784445	-0.0392578951	-0.0313012537	0.1210192074	0.0540679914	-0.0663312721	-0.0231852541	0.164629205	-0.0114783168	0.0410530458	0.0692447795	-0.0194700907	-0.0235627372	-0.010137293	0.0826031154	-0.0435699558	0.003746877	0.1704538324	0.0056612965	0.013306338	-0.0687010038	-0.0456721334	0.0061022994	-0.0707460343	0.0028107063	0.059348541	0.0136796681	-0.2027188216	-0.0438436876	-0.0698798421	0.0598939449	-0.04162475	-0.0626427276	0.0260064529	0.0453144149	0.0232406903	-0.0474623588	0.1163709107	0.0428460534	-0.0159477225	0.028136313	0.0154427116	0.0242463098	0.1012046127	0.0515592131	0.0789005208	-0.0604541385	0.01016004	-0.0841630631	-0.0299200691	0.0771383493	0.048030817	-0.0658615456	0.0	-0.0243428	-0.0058926	0.00059257191184	3.472273476000001e-05	0.068062	0.0156836	0.0002459753089599	0.004632435844	0.205952	-0.010896	0.000118722816	0.042416226304	0.00307349	-0.00011826	1.3985427600000056e-08	9.4463407801e-06	0.0016774	0.0002363699999999	5.5870776899999935e-08	2.81367076e-06	-0.00098342	-0.0001792860000001	9.671148964e-07	3.214346979603587e-08	0.0	0.0	0.0	0.0	0.0	0.0	0.0	0.0	0.0	0.0	0.0	0.0	0.0	0.0	0.0	0.0	0.0
6205.106972856887	8.758323875827045	76.70823711388208	38503352.54459717	6292.528782771184	-6.448472243088872	39595918.48200379	41.58279426988764	4245.606284873934	0.5993258270609658	0.3591914469823107	18025172.726161048	4312.2246967649	7294.484587928385	1.050097	23.298262	0.0865457999999999	0.0434059	0.0634814793	0.175810091	-0.0201555836	-0.0470285633	0.1323207208	-0.0406177888	0.041903481	-0.0589259964	-0.1357855361	0.0426936292	0.0205731266	0.1187101373	-0.1128281017	-0.0302881479	0.1055542214	0.0604728531	-0.1408955845	-0.0906473399	-0.0033775983	-0.0111414302	0.0395115997	-0.0397996553	0.005993695	-0.0074056219	-0.1316638831	0.0663461088	0.0130208239	0.0035716881	0.042760245	0.0215545582	0.0011389399	-0.0694175432	-0.0894673311	0.0672079738	-0.1868733847	0.0111825339	0.0597176156	0.0372541331	0.0518179893	-0.1002729832	-0.0024654413	0.0416617714	0.0310120237	0.1348418477	-0.0085677295	-0.0081601937	0.0052743824	0.032170537	-0.0663097735	-0.0836887873	-0.083377832	-0.0363657573	0.0054162142	-0.050555624	-0.0096424941	0.0163775018	0.0158297083	0.0843432519	0.1315285536	0.0189973135	0.0943940076	-0.0583948953	0.0484254505	-0.0109222655	0.0069895275	-0.0100162133	0.0058703307	-0.0544067659	0.0153736358	0.070226926	-0.0348147888	0.1297859685	-0.1015305316	-0.0757360647	0.0192300269	0.0235643548	0.0556953515	-0.1094070906	-0.0431390486	0.0309709372	-0.0099866021	-0.0725495526	-0.0401431093	-0.1528799543	-0.0370585617	0.0491608517	0.0126317736	0.0405637898	0.0146142852	0.0375255724	0.1023851989	0.019343626	0.1005877281	-0.020364221	-0.0360966232	-0.0841330355	-0.061319143	-0.0581715873	-0.0167491093	0.0160026727	0.016723332	-0.0177867988	0.1213091541	0.0972687918	0.050276559	-0.0345873878	-0.0300026963	-0.0823187203	-0.0002608389	-0.0727390192	-0.0644639899	0.0813849707	0.0737282277	0.0531699216	0.0291143881	-0.0734537416	0.0346749859	0.0654655971	0.1020111435	-0.0331803967	-0.0553045509	-0.1665692385	0.0055088541	-0.0856525309	0.0997637532	0.0554005318	-0.0175291944	-0.0557904663	0.042006596	0.0467877683	-0.0418341501	-0.0283563527	-0.073622806	0.1043756759	0.0512281768	-0.0592666629	0.1178477558	0.0827119685	-0.0222952744	-0.0679806326	-0.0458773531	-0.0842620475	-0.0225478238	-0.0064722205	0.0080229642	0.0673382086	0.0203861167	0.0042251402	0.1135756309	0.0712975914	-0.0325545164	0.0480647782	0.0677783604	0.0205283222	-0.024173627	0.054388849	-0.0563821661	0.0101399929	0.0728614461	0.0471370628	-0.0333057846	0.0773974487	-0.0013323856	0.0282422773	0.0805009858	-0.0581231296	-0.038349581	0.1237899405	0.0403662027	-0.0334683488	-0.044317535	-0.0588827972	-0.0389989581	-0.0608196209	-0.0552485956	0.0363762956	0.073063879	-0.0647219926	0.0985590712	0.033409426	-0.0349200129	-0.0083288224	0.0372746447	0.0090999486	0.0092296244	-0.2233809775	-0.0243087984	0.0727754272	0.023302046	0.024782844	-0.0347537582	-0.0040844745	0.0223225077	-0.0124273466	0.0219524539	0.1988910138	-0.0813695711	-0.0784976588	-0.0653483065	-0.0112179626	0.0820686624	-0.0036579672	-0.0487614072	0.0543078046	0.0869298008	0.0091480491	-0.084614593	-0.0270353323	0.0788994011	0.0437144402	-0.0696582933	0.0	-0.0272385	-0.0028956999999999	0.0007419358822499	8.385078489999987e-06	0.0387373	-0.0293246999999999	0.0008599380300899	0.00150057841129	0.190665	-0.0152869999999999	0.0002336923689999	0.036353142225	0.00345818	0.00038469	1.4798639610000001e-07	1.19590089124e-05	0.0013653	-0.0003120999999999	9.740640999999989e-08	1.86404409e-06	-0.0008994419999999	8.397800000010003e-05	8.089959113638201e-07	7.052304484016801e-09	0.0	0.0	0.0	0.0	0.0	0.0	0.0	0.0	0.0	0.0	0.0	0.0	0.0	0.0	0.0	0.0	0.0
6218.528335772497	13.42136291560928	180.13298251249202	38670094.66280545	6308.269860857233	15.741078086049129	39794268.63739973	247.7815393110961	4249.2627938692685	3.656508995334661	13.370058032963296	18056234.291361663	4315.845540330017	7334.936815880584	0.965492	21.421158	0.1031662999999999	0.0537153	0.0758179495	0.1335868199	-0.0230233028	-0.0845368458	0.0882648471	-0.0536659441	-0.021507489	0.0408037212	-0.075188349	0.023300589	0.0118530928	-0.0181925972	-0.1235473296	0.0496275828	0.0855658809	0.0841474048	-0.0978894781	-0.0178386932	0.0871627649	0.0068865163	-0.0377365715	0.0351434827	-0.0305803095	0.0274867949	-0.1287262042	0.0640661568	-0.079242168	0.0838508422	-0.1011812297	0.1074845685	-0.0247249047	-0.1435094603	-0.127533633	-0.0552317686	-0.1050123646	-0.0081093857	-0.0417504434	0.074662397	-0.0816965115	0.0317160851	-0.0324344223	0.0175311344	-0.0311109415	0.0691399626	0.0080760106	-0.0535225024	-0.0320156452	-0.0036714347	0.082013677	-0.0639598849	0.0241693685	-0.0710324744	-0.0492840778	-0.0558306221	0.049869952	-0.0814761358	0.011131185	0.0530175011	0.0238160159	-0.0467997046	-0.0602408021	0.0388743298	-0.0404230835	0.0126798385	-0.0233886426	-0.0191378738	0.0345052495	0.0050096637	-0.0292678458	0.0463572743	-0.1186614889	-0.0031659107	0.016378739	-0.0442632592	-0.059968575	-0.0845153409	-0.0845100306	-0.0152084808	0.0722957059	-0.0539719405	0.0789404555	-0.0357635589	-0.0484325501	0.0514925888	0.0203650724	0.1140680716	0.0033035141	0.0020589516	0.0068267295	-0.0418825465	-0.0011316153	0.0228112041	-0.0032469906	-0.0659126298	-0.038060261	0.0432986749	-0.0241355973	-0.0071500186	-0.0655427972	-0.0084606433	0.0344341791	0.0021349446	0.139048815	-0.0155706118	-0.0115245043	-0.0465793677	0.0243345783	-0.0327690014	0.0674973826	-0.0935684979	-0.1188672779	-0.0394689904	-0.0295820249	-0.0439893512	-0.0306207628	-0.1432589777	0.0271928437	0.0940613751	0.0625357977	0.0517404061	0.0452794141	-0.0073399953	0.0106443128	-0.0826608009	0.1644348632	0.0608950632	-0.0906869244	-0.0601471211	0.0327108043	0.0200780758	0.035003828	0.0138215045	-0.0120516477	0.0465244359	0.0040462188	-0.0474031051	-0.0045107198	-0.0168613019	-0.1002779167	-0.1109928392	0.0054609491	-0.0203843454	0.0213160509	-0.0364109793	-0.0083720966	-0.0258073077	-0.0609690307	-0.099685343	0.0342791214	0.0704825854	0.0344233677	-0.0537772754	-0.0221815172	0.0502093788	0.0013929762	0.0999607336	0.0190902131	0.0361126604	-0.0257360302	-0.0129131961	-0.0224102546	-0.0311774871	0.0069968589	0.0097197464	-0.0673219067	-0.0203373265	-0.0165344241	0.0632138062	0.0646598108	0.1523223972	-0.0241196077	0.0471194929	-0.0096531049	0.0507026895	0.0148681143	-0.007224935	0.0680141597	0.0620090011	-0.0806742618	0.0213202319	0.024291157	-0.040417205	0.0535586996	0.0436537973	0.0152124278	-0.1738557758	-0.0479682031	-0.0317130983	-0.0869244069	0.0394422234	0.0050944485	-0.033682275	-0.0456045596	0.0089442523	0.018381196	0.1054173971	0.0742091504	-0.0353536241	-0.1370151901	0.0321666326	0.01029781	0.0523809913	0.0297057018	0.0087273866	0.0111180071	0.0081347916	-0.0850192673	-0.0241169128	0.0804857135	0.0392468059	-0.0731080069	0.0	-0.029301	-0.0020625	0.000858548601	4.253906250000007e-06	0.0545147	0.0157773999999999	0.0002489263507599	0.00297185251609	0.233622	0.0429569999999999	0.0018453038489999	0.054579238884	0.00313567	-0.0003225099999999	1.0401270009999989e-07	9.8324263489e-06	0.00175133	0.0003860299999999	1.4901916089999992e-07	3.0671567689e-06	-0.00103829	-0.0001388480000001	1.0780461241000002e-06	1.927876710402779e-08	0.0	0.0	0.0	0.0	0.0	0.0	0.0	0.0	0.0	0.0	0.0	0.0	0.0	0.0	0.0	0.0	0.0
6223.389001238293	4.860665465796046	23.626068770382293	38730570.66073375	6323.496336151732	15.226475294499323	39986605.91332438	231.84554989399825	4249.259036358789	-0.0037575104797724	1.4118885005599888e-05	18056202.358076826	4312.543979222566	7338.780241411243	0.928423	20.5987	0.13623586	0.0701997	0.0903043283	0.0969085694	0.0038281122	-0.0394512183	-0.0023111004	-0.0997147664	0.0295525141	0.0285570737	-0.1043770317	-0.0358710462	0.0074974433	0.0365581645	-0.0764144732	0.0292275149	-0.0853771395	0.093434849	-0.037132846	-0.0305076064	-0.0242801362	0.0915408305	-0.0305710922	-0.0698408352	-0.0098334739	0.0519294161	-0.0269387927	0.0896155708	-0.0198453092	0.0107471968	0.0130694185	0.0769965547	-0.1461111387	-0.0124648718	-0.0413111691	-0.0426990207	-0.0427156785	-0.0235741204	0.0196452169	0.0594998107	0.0826565787	-0.0086292317	0.0247366835	-0.0181859869	0.021797523	0.0327937915	0.0338395336	-0.0437756883	0.0236990692	0.0046626238	0.0402521667	-0.0269631988	-0.0316998812	0.036995307	-0.0228361338	-0.0392818999	-0.0099645654	0.0089366944	0.0492511877	0.0662181498	-0.1212099008	-0.065483224	-0.0144605809	-0.0318828128	-0.0386523753	-0.0097387578	0.0774202243	-0.0383077409	-0.0275768021	0.0273990033	0.0714532836	-0.0044504499	-0.045117674	-0.004752319	-0.0156960082	0.0730032507	-0.1001269015	0.041136615	-0.0446259458	0.0799721758	0.0678967684	-0.1167193868	0.0296003447	0.1183532394	-0.0025351889	0.1236318415	-0.0263890747	0.0209276856	-0.024355461	-0.0177054474	0.0591914267	0.0632224486	-0.0099512366	-0.0210654616	-0.064666407	-0.0241574741	-0.0013521305	-0.0115917406	0.06174461	-0.109808528	-0.0509245665	-0.0055345946	-0.1111791005	0.057338321	0.0527023761	0.0034802657	0.0777252042	-0.0463127929	0.0525619311	-0.0763542787	-0.0199475564	-0.0222628666	-0.0230962261	-0.081829277	0.0489235313	0.0538458189	0.0469706029	-0.088731587	-0.014391599	-0.0098920932	0.0103759472	0.0519191891	-0.0565217386	-0.0173930031	0.0121519301	-0.0589813355	0.0252524445	0.0791236805	-0.0139981381	-0.0076753957	0.0724733838	-0.0621711956	0.0484556294	-0.0563263981	-0.0390280804	0.0680813747	0.050542601	0.0602736572	0.0293100493	-0.0447150612	-0.0237676339	-0.0137128361	0.0403612382	0.0732537962	-0.0225637206	0.0150539284	0.0379494048	-0.0376157954	0.0787971355	-0.0638916795	-0.0508658979	-0.0996444266	-0.0497181418	-0.00051902	-0.046955146	0.0565571073	-0.0126182993	0.0310636787	0.0721244908	0.0056201829	0.0067185575	-0.0692408624	-0.0016188892	0.0790972941	-0.0537600956	-0.0309074414	-0.0175031544	-0.1390695718	-0.0170530586	-0.0060896878	0.0845899307	0.0545280192	0.0743732528	0.0065881502	0.0162695848	0.0911516121	-0.0751640354	-0.016495588	-0.0134443761	0.0172236092	-0.035875373	-0.1269017027	0.0174024076	-0.0480056638	-0.0026655173	-0.0158171959	-0.0198467188	-0.1479338362	-0.0575848697	-0.0469096077	0.0507751477	0.02715182	0.0077928281	-0.1003678517	0.028658501	-0.0444289644	-0.019391347	0.0808882198	0.012465364	-0.0132871116	-0.0469133651	-0.0781492613	-0.0020252342	0.0676850383	-0.0632261272	-0.0268167617	0.0331050916	0.007120408	-0.0853768617	-0.0211684467	0.0818937733	0.0346433727	-0.0761935001	0.0	-0.0218009	0.0075000999999999	0.00047527924081	5.625150000999999e-05	0.00640459	-0.04811011	0.002314582684212	4.10187730681e-05	0.193304	-0.0403179999999999	0.0016255411239999	0.037366436416	0.00352609	0.0003904199999999	1.524277763999999e-07	1.24333106881e-05	0.00192815	0.00017682	3.126531240000002e-08	3.7177624225e-06	-0.000799377	0.000238913	6.39003588129e-07	5.7079421569000056e-08	0.0	0.0	0.0	0.0	0.0	0.0	0.0	0.0	0.0	0.0	0.0	0.0	0.0	0.0	0.0	0.0	0.0
6232.013037752504	8.624036514211184	74.3740057984478	38837986.50271719	6317.483339662905	-6.012996488827412	39910595.746918365	36.15612677465078	4245.897932439854	-3.361103918934532	11.29701955387707	18027649.25269703	4311.804542334103	7463.245361365251	0.93608	20.768589	0.0668684199999999	0.0437469	0.0468912551	0.0981584597	-0.0520258914	-0.0384153525	0.0656250331	-0.0288902408	-0.0090706444	-0.0557920686	-0.1127519443	0.0702478783	0.0302405176	0.0940765711	-0.0765483152	-0.0324395055	-0.0901352614	0.0797882813	-0.0889808766	-0.0160995406	-0.0249356612	-0.0533422034	0.0197757151	-0.0590862914	-0.0684606002	0.0871213147	-0.0110471371	0.0676802729	0.0143695366	0.0051060731	-0.0078384872	0.0252701303	-0.0248201913	0.0352429101	-0.0352237583	0.0389900391	-0.0044922043	-0.0627718613	0.0079021851	0.0303959804	-0.0828087041	0.0029084268	-0.0872243887	-0.0525044197	-0.0366314046	0.037455889	-0.0535147083	-0.0139293492	0.0306836859	-0.0006050127	-0.0576972168	0.0237837932	-0.0744544191	-0.116983485	0.0387977505	0.0846771438	-0.0041109042	0.0303954269	-0.0022261271	0.0326656639	-0.0836717439	0.0343579945	-0.1094542106	0.1321462031	0.0628511144	-0.0058201691	0.0033160825	0.0393378014	-0.1245721784	-0.0361284713	-0.016550214	-0.0336665041	0.077980416	0.0891382519	0.0738921063	0.007204119	-0.0382450424	-0.0930643295	0.0235279869	-0.0224074526	0.0272055903	0.0547360066	-0.147726825	-0.0312020185	-0.0444702178	0.0188518071	0.0121667334	-0.0383138328	0.0755904663	-0.0372014623	-0.0073473006	0.0267433386	-0.039980219	-0.0303102588	0.0572963574	0.0033185748	-0.0414357602	-0.0187825107	-0.0150719246	0.1386899372	0.0828634919	-0.0289254938	0.1017606735	0.0261799336	0.0946153345	0.0252920885	0.0576805071	0.0193128073	-0.0727036402	-0.0934666484	0.0322559392	-0.0353818166	0.0223583454	-0.0313036846	0.0638690945	0.0016938394	0.0004029728	-0.0496771599	-0.0208006417	-0.0157580765	-0.0447436932	0.0297305483	0.0177007842	-0.0949252396	0.0104223031	-0.0713806144	0.0513260783	-0.0556349602	0.0341463587	-0.0594227188	-0.051533598	0.0840086391	0.0007235674	0.1276947698	-0.0432992607	-0.0327645803	-0.0275539944	-0.0731498848	0.0183635434	-0.0027638039	-0.0139512111	0.0359617469	-0.0245555506	0.115616257	0.0987868136	-0.0333776768	0.0011943224	0.0221959044	0.0164490242	0.0483062938	0.0881582892	0.003922318	0.0179799749	-0.0222662337	-0.0446042413	-0.1054957265	0.0370056451	-0.0629319596	-0.0130666075	0.046243928	0.0063139998	-0.0129202183	0.0378089097	-0.0489322324	-0.0292829403	-0.1003652264	0.0337026183	0.0132166631	-0.0447841692	0.0775719251	-0.0270478628	-2.15998e-05	-0.125342939	-0.0582642125	-0.0006068543	-0.0290844842	-0.0557499331	0.0241488503	-0.089586983	0.0684743785	-0.0327415165	0.0041086076	0.0101795314	-0.0182130534	0.0739989084	-0.0131117552	-0.0312051785	-0.120235668	-0.0304740974	0.0872331949	0.0026529788	-0.0062021124	-0.0096028889	-0.1017775574	0.0619985926	-0.0494152077	0.0330544719	0.0467493276	0.0522661178	0.0050435945	-0.0813892023	-0.0102641543	0.0425310922	-0.0008253641	-0.0512307135	-0.0495558039	0.0180260393	0.0061050386	-0.0856871783	-0.0181936073	0.0831204621	0.0299200691	-0.0788994011	0.0	-0.0218166	-1.5699999999996966e-05	0.0004759640355599	2.4648999999990476e-10	0.00847501	0.00207042	4.2866389764e-06	7.18257945001e-05	0.229701	0.0363969999999999	0.0013247416089999	0.0527625494009999	0.00314174	-0.0003843499999999	1.477249224999999e-07	9.8705302276e-06	0.00192815	0.0	0.0	3.7177624225e-06	-0.000982733	-0.0001833559999999	9.65764149289e-07	3.361942273599999e-08	0.0	0.0	0.0	0.0	0.0	0.0	0.0	0.0	0.0	0.0	0.0	0.0	0.0	0.0	0.0	0.0	0.0
6250.764644040817	18.75160628831327	351.6227383919097	39072058.635190725	6332.688369446671	15.205029783765896	40102941.98452513	231.19293072520796	4253.660262926831	7.76233048697668	60.253774589047616	18093625.632402755	4316.286157152491	7446.888717276626	1.036572	22.998184	0.0682993399999999	0.0400201	0.0828310325	0.0350332954	0.0178730291	-0.0845574382	0.005668523	-0.02144466	-0.0425939782	0.035146527	-0.1098880649	-0.0136975759	-0.1004026844	0.0099808418	-0.082789171	-0.0086982895	-0.0357584121	0.0611008625	-0.0215985028	0.0525055629	0.0902194307	0.0330111234	0.0583832409	-0.020824667	-0.0674283339	0.0784792483	-0.0775502032	0.0603065716	0.0554218663	-0.0443277779	-0.0245095345	0.0842219657	0.0526687496	0.0633805559	-0.0384782833	-0.0526375488	0.1506445358	0.0357242695	-0.0398165876	0.0451769871	0.0493983571	-0.0960662026	0.0756656827	0.0454991514	0.0621786988	0.0398088789	-0.0745115207	-0.0014263016	0.0267280959	-0.0892490549	0.0559070317	0.0058935294	0.0153633772	-0.1186953449	0.0733972083	0.0526474479	0.0174049692	-0.0315829266	-0.023467727	0.0103372158	-0.0522351692	-0.0023758848	0.04445733	-0.0479841254	-0.034725366	0.0073626676	0.0552812144	-0.0299215862	-0.0090831168	0.0089136245	-0.0277236792	0.0541060577	0.0988660749	-0.0795740374	0.0173946167	0.092286779	0.0159209903	0.0405593152	0.0765232965	-0.0014001778	0.0342153102	0.0776071529	0.0550641159	-0.0351722634	0.004275369	0.0107708669	0.1181071258	-0.0570819195	-0.0008500884	0.0107125435	-0.1012034225	0.0093987212	-0.1215730214	-0.0107517931	-0.0756236457	-0.0592978125	-0.0529781264	-0.0214397881	-0.0244321275	-0.0109161486	0.0641929783	-0.0388624151	0.0434137592	0.0315540427	0.05361266	-0.0680298445	-0.0107032086	-0.0900617504	-0.051232031	-0.0576161993	0.0809361689	-0.0512569663	-0.0064214595	0.0274984609	0.0476773033	-0.0004502075	0.0782485126	-0.0091929523	-0.0761546461	-0.0520531353	-0.0753571073	-0.007297369	0.0574615635	0.1259289388	0.0158642832	-0.0865437245	0.0794341895	0.0631221426	0.0755117486	-0.0111826891	0.1608889495	0.0530779179	0.0788912885	0.0114690563	0.0302766973	-0.0504060477	-0.0414243505	-0.0673999576	-0.0492151992	-0.0501558133	-0.0381646149	0.0832391231	-0.0405145232	-0.0713269797	0.0140182717	-0.0690315277	0.1519972661	-0.0112541252	-0.0047187319	0.0037072846	0.0343860786	-0.0097584948	-0.0627844953	-0.0228714355	-0.0280854968	0.0193290823	0.0223246526	0.0200833228	0.017545933	-0.0918835724	0.0235101507	0.0218171559	0.0246555736	-0.0746985226	0.0035094934	-0.0731330208	0.0492370271	0.0200745676	0.1141743465	0.0492374192	-0.0429458621	0.0403762172	-0.0051563989	-0.0497497155	-0.0960164611	-0.1008416288	0.024814084	-0.0115649387	0.0085121692	0.0456635904	0.0321747911	-0.0333848432	0.0527843129	-0.0566371714	-0.0175753241	-0.0115360846	-0.0279224215	-0.0901052878	-0.0833215597	-0.0044472524	-0.1193265988	0.0251258715	-0.0832095289	-0.0137895363	0.0613223305	-0.046510548	-0.0121197209	0.0273784323	0.0746678931	0.1318975232	-0.0220216225	0.0022634842	-0.0571141001	0.0923331765	-0.0258056792	-0.056829511	-0.0889562077	0.005088824	-0.0859500453	-0.015196101	0.0841630631	0.0250932382	-0.0812122292	0.0	-0.0294129	-0.0075963	0.0008651186864099	5.7703773690000006e-05	0.0197962	0.01132119	0.0001281693430161	0.00039188953444	0.193254	-0.0364469999999999	0.0013283838089999	0.037347108516	0.00314174	0.0	0.0	9.8705302276e-06	0.00182168	-0.00010647	1.13358609e-08	3.3185180224e-06	-0.00113496	-0.000152227	1.2881342016e-06	2.3173059529000002e-08	0.0	0.0	0.0	0.0	0.0	0.0	0.0	0.0	0.0	0.0	0.0	0.0	0.0	0.0	0.0	0.0	0.0
6256.832019136282	6.06737509546474	36.81304054906577	39147946.915689	6321.432071174992	-11.256298271678132	39960503.43047976	126.70425078098414	4254.525485987621	0.865223060790413	0.7486109449235308	18100987.110918205	4315.462119078405	7662.352219054878	1.051239	23.323605	0.0914858	0.0490762	0.0177017016	0.0178989038	-0.0484459135	-0.088685153	-0.0560684997	-0.0398872271	0.0155494306	-0.0255186128	-0.0373942416	-0.0175085936	0.0182632129	0.0014215015	-0.0140245572	-0.012297555	-0.0620206012	0.0381217061	-0.0053660779	0.0339523271	-0.0138594553	0.0622507431	-0.0166369245	-0.0352473935	-0.0037462183	0.0633360921	0.0573404689	0.0816202861	0.0309622406	-0.0499000586	0.0371669342	-0.0058880746	-0.0603212191	0.0850896962	0.0311544611	-0.0329063852	0.0582141563	-0.0158448013	-0.0858119035	-0.035783146	0.0926158408	-0.0666927606	0.0037145899	0.0020835099	-0.020223602	-0.0293487581	-0.00615698	0.1827000841	0.062337059	0.0362067554	0.0145300161	-0.118707029	-0.0915207988	0.0347803355	-0.0246957394	-0.0812510098	-0.0641401521	0.0021350696	-0.040604249	-0.0874011648	0.079328898	-0.0021646005	-0.0448864753	-0.1450629566	0.0663591498	0.0433436776	-0.0099521872	-0.0164408351	0.0323541652	0.0794263128	0.0538113168	0.0239877189	0.0201266035	-0.051720849	0.0343824076	-0.0242268392	0.0735252692	-0.0789968762	-0.0512018657	-0.0223014219	-0.0156006693	0.0156105987	0.0991793676	-0.0250034742	0.0971379398	0.0341169637	-0.0176541445	0.0381432198	0.0905811925	0.0565825076	-0.0169032185	-0.0574588218	0.0419092346	-0.0636245386	-0.0400980965	-0.0112957551	0.0675892997	-0.1280693182	-0.0750800946	-0.1010633749	0.0489859909	-0.0528435155	-0.0713184946	0.0360030112	0.0019183095	-0.0609530553	0.0483545687	-0.019026776	0.0183004525	-0.0680431575	-0.0280864057	-0.0196562155	0.0507999311	-0.0421612485	0.080435133	0.0496613139	0.0405076355	0.0209353757	-0.0338564097	-0.0825805783	0.0608819927	-0.0582885697	-0.0446800424	0.069081364	0.0142210983	-0.0523933072	-0.1011481796	-0.0493752702	0.0332755771	0.0855527001	0.0437032648	0.084988173	0.0107135411	-0.0635463698	-0.0541254612	-0.0030708676	-0.0725593523	0.1586580048	0.008686046	0.0258682979	0.0761338779	-0.0174557856	-0.0412806757	-0.018238059	-0.0627641702	-0.0191653685	0.0339565587	-0.1080808701	-0.0935546816	-0.1674198564	0.0683638306	-0.0161589811	0.0018330091	-0.0070497437	0.0134578772	-0.0893236351	-0.1105330895	0.0109919052	0.061300878	-0.0528307555	0.073187915	0.0325483325	0.0362041096	0.0155056736	-0.1007069623	0.0933658451	-0.0026168467	0.0250752582	-0.0526491241	-0.0944156283	-0.0606587827	0.1267599557	0.0547250014	-0.0410493131	-0.0414868829	0.0109888223	-0.0663928402	0.0210450912	0.0825486608	-0.0801566507	0.0388416873	0.0099645967	0.0415765267	-0.01312936	0.020430168	-0.0551273464	-0.0112606486	-0.0750673607	-0.0868374569	-0.0446583952	0.037652044	0.1050125513	-0.0423070845	-0.1296985244	-0.0214187641	-0.005398713	-0.020841838	0.0786391263	-0.0278402138	0.0947935745	9.65091e-05	-0.0285823309	-0.0013229729	-0.0210325403	-0.0768967954	-0.0457345655	0.0225671074	0.0040719049	-0.0861653171	-0.0121796622	0.0850192673	0.0201795815	-0.0831204621	0.0	-0.0335212	-0.0041083	0.00112367084944	1.687812889000002e-05	-0.0105233	-0.0303195	0.00091927208025	0.0001107398428899	0.185601	-0.007653	5.856840900000032e-05	0.034447731201	0.00360844	0.0004667	2.1780889e-07	1.30208392336e-05	0.00130619	-0.00051549	2.657299401e-07	1.7061323161e-06	-0.00114087	-5.91000000000003e-06	1.3015843569e-06	3.4928100000000347e-11	0.0	0.0	0.0	0.0	0.0	0.0	0.0	0.0	0.0	0.0	0.0	0.0	0.0	0.0	0.0	0.0	0.0
6262.6325465881655	5.800527451883681	33.646118720056194	39220566.41358537	6356.802450761496	35.37037958650399	40408937.39800737	1251.0637520933778	4256.563262785518	2.037776797897095	4.152534278047739	18118330.8100953	4320.006280399063	7698.851153603436	0.941019	20.87817	0.0685701	0.0357879	0.0135910823	0.0006755224	-0.0846726355	0.006856412	-0.0148052218	0.0105348828	-0.0119006953	-0.0744458827	-0.028379733	0.0593026325	-0.0066714003	0.0472986137	-0.0693041967	-0.0384790154	-0.1456189739	0.011498671	-0.0146709549	-0.0616608254	-0.0217807633	-0.0381129259	-0.0455880253	-0.0855505037	-0.0460366687	0.1021161775	-0.0157030823	0.0292657507	0.0346387981	-0.1066640322	-0.0102146783	-0.0232803489	-0.0030104869	-0.0473458036	0.010199899	0.0351824773	0.0589484536	0.0702100128	0.078559381	-0.0874944429	0.1191245269	-0.0523399464	-0.0025851262	0.0109738015	0.0101058866	-0.0372577292	-0.0032910198	-0.0356497845	0.0196308007	-0.0597501733	0.0413755161	0.022953779	0.0306828399	0.0388062459	0.0174188718	0.063530133	0.0483915961	0.0508085838	0.0038983617	0.0086254205	-0.03448913	-0.0563821003	0.0132067092	0.1058204811	0.0782902437	0.1017175391	0.0907628756	-0.0380241743	0.0011145461	0.0906734391	-0.0438728748	-0.0171600275	-0.0081896593	-0.0552324178	-0.0006717955	-0.0054872485	-0.1177953482	-0.025847499	0.0076146449	-0.0179316451	0.0222362621	-0.0287090668	-0.0218836189	-0.0870328046	-0.0379830481	-0.0127643903	0.0068717729	0.0158040147	0.0112263249	0.0672228868	0.1163397442	-0.0463232825	0.0598580473	-0.0458526702	-0.0443884082	-0.0380536718	-0.0376809389	0.0403487008	-0.0886483356	-0.0051088356	-0.1307760601	0.0649713453	-0.0973314144	0.0259048061	0.0081532327	0.0335127441	-6.79498e-05	0.0671544103	-0.0259806241	-0.1064392054	0.0269659421	-0.0493485958	0.0484077043	-0.0449643696	0.0253805266	0.0837540403	0.0360940283	0.0774657698	-0.0196466471	0.0467058334	-0.0977252218	-0.0590381876	-0.0077288884	0.0102260728	-0.0170612838	0.0096789988	0.0412213297	-0.0067265506	0.137992343	0.084072857	0.0788962046	-0.0201479502	0.0140180502	0.0101515317	0.0534239136	0.0079563133	-0.0198281736	-0.0734126632	-0.038528801	0.0856428692	-0.1221984335	-0.0785626868	0.0120407484	0.0298207107	0.0567284298	0.0200377972	0.0352526083	0.050962306	-0.0422562232	0.0031940946	-0.1014481366	0.0044183885	-0.0636083209	-0.0230193091	-0.0325834036	-0.1190434966	0.0058574848	0.0340734777	0.0516137416	-0.0315441736	0.0159696677	0.0152148441	0.0368442916	0.0121744485	-0.0800629306	-0.0050037189	-0.0710879505	-0.0090748346	-0.0054712684	-0.0128333439	0.0986806291	0.0535004042	0.0267931176	-0.0599291942	-0.0616662903	-0.083601034	-0.0624492881	0.0473910939	0.0202750023	-0.1079394878	-0.021380682	0.0657061179	-0.0305630542	-0.0026244548	0.0370580787	-0.0466416414	-0.0496635686	-0.0295038682	-0.1011027701	0.1055265908	0.0082201403	0.0398899411	-0.0843698677	-0.0671916966	0.0616674085	-0.0452769677	-0.0088666507	-0.0223758987	0.0104113486	0.0136395585	-0.0728092211	-0.0521693195	0.0109902725	-0.0245688199	-0.0503528861	-0.0691683497	0.0414089381	0.003054422	-0.0863328744	-0.0091480491	0.0856871783	0.015196101	-0.084614593	0.0	-0.0184588	0.0150624	0.00034072729744	0.00022687589376	0.0113864	0.0219096999999999	0.0004800349540899	0.0001296501049599	0.186979	0.001378	1.8988840000000497e-06	0.034961146441	0.00338019	-0.00022825	5.2098062500000076e-08	1.14256844361e-05	0.00166785	0.00036166	1.3079795559999997e-07	2.7817236225e-06	-0.00112638	1.4490000000000032e-05	1.2687319044e-06	2.099601000000009e-10	0.0	0.0	0.0	0.0	0.0	0.0	0.0	0.0	0.0	0.0	0.0	0.0	0.0	0.0	0.0	0.0	0.0
6263.225122718743	0.592576130577072	0.3511464705296951	39227988.93785521	6329.655013994614	-27.147436766882493	40064532.59618716	736.9833230118834	4257.142732944945	0.579470159426819	0.335785665666143	18123264.24866596	4320.030498023172	7703.984206884157	0.914094	20.28079	0.1308784999999999	0.0767215	0.0155495022	-0.0164148976	-0.0663589841	-0.061797902	-0.0001242335	0.0061648843	-0.0924853573	-0.0285941549	0.039257874	-0.0316680445	-0.0265544784	-0.0802107677	-0.0606928895	-0.0204174309	-0.0571018427	0.0163046277	-0.0086743018	-0.0111778712	0.1051060285	0.0205988345	-0.0716242607	0.0340218955	-0.0693960203	0.0849310809	0.0498864705	0.0012473037	0.0061272817	0.0030538056	0.0514285259	0.0214990108	0.0762364439	-0.0030005754	0.0155544447	0.0446684059	0.0490291085	-0.062924669	0.0241503548	-0.0968410626	0.0145510206	0.1009503592	0.0336675727	0.0125359865	0.1338350055	-0.02471977	-0.009555192	-0.0599437723	0.0543696501	-0.0314931309	0.0777736022	0.034104155	0.017972925	0.0779121098	-0.0463867178	0.0395399239	-0.0575816242	0.0324022798	-0.1201348832	0.0868876051	-0.0033844557	0.0586762516	-0.0321390276	0.0233910834	0.1347101871	0.0338031383	-0.1139729571	0.1214657142	0.0702230445	0.0467969466	-0.0796058477	-0.0755331098	0.0419840736	0.029127523	-0.1700145278	-0.0256716002	0.0115113391	-0.1086768771	0.082711026	0.0152746677	0.1296035481	-0.0334406194	0.0937644305	0.0872953884	-0.0754000156	-0.1019150223	0.0497716287	0.0396321191	0.0027519234	-0.0707904927	0.0171007428	-0.0066524111	-0.0135666337	-0.0097992876	-0.0434882947	0.0296289749	0.059801291	-0.0254627723	-0.0958011133	0.0573160283	0.0315137106	-0.0629480876	-0.0743975971	0.0068720051	0.0353270207	-0.0500135369	-0.0673499103	-0.0077901754	0.0484111447	-0.0541742541	0.0825321898	-0.0804865514	0.0700213647	0.0051170381	-0.0069943033	0.0033915003	-0.0986183998	-0.0202216571	-0.0176076653	-0.0085609225	0.007161072	-0.0519841908	0.0506669238	0.0627367282	0.0456443829	-0.0001363591	-0.0098121318	-0.065759619	0.002507444	0.0329759942	0.0403380935	-0.0676890117	-0.0172368041	-0.0339805186	0.0792128561	0.0782397979	0.0694346735	0.0379707112	-0.151740617	0.0627722656	-0.074091586	-0.0192239365	0.0697910868	0.0321852942	0.0545484138	0.0295659985	0.0339245399	0.0288747106	-0.0405035276	0.0935993349	-0.0147470135	0.0850759301	0.0540942624	0.0750908979	0.0317142864	-0.1283569294	-0.0155369417	0.0458635917	-0.0431971351	-0.0117356114	-0.0012091865	0.0015114071	0.0200527881	0.0552120265	0.0122062136	0.0122379968	-0.0564393851	0.0553744181	0.0461375703	0.0696975313	0.0751729368	-0.1068783322	0.0699415733	0.0270255133	0.0133199519	-0.1142185079	0.0242895845	-0.1034480302	-0.0954411087	0.0084665677	0.130419901	-0.1316670441	0.1038253974	-0.0176190325	0.0330176231	0.0333695406	-0.0336657209	0.0091803648	-0.053127928	-0.0085411072	-0.0929957044	0.0679120448	-0.0253078692	-0.0234904382	-0.0495283929	0.0606475516	-0.099888103	-0.0437049309	0.0510130776	0.0111623139	-0.1348349321	-0.0499024747	0.0166453243	-0.0026673699	0.0657106717	-0.0086439142	-0.0202974412	0.0020365163	-0.0864526246	-0.0061050386	0.0861653171	0.01016004	-0.0856871783	0.0	-0.0185508	-9.199999999999832e-05	0.0003441321806399	8.463999999999693e-09	0.0716394	0.060253	0.003630424009	0.00513220363236	0.211872	0.024893	0.0006196614489999	0.044889744384	0.00275638	-0.0006238099999999	3.891389160999997e-07	7.597630704400001e-06	0.00192815	0.0002603	6.775609e-08	3.7177624225e-06	-0.00109768	2.8699999999999996e-05	1.2049013824e-06	8.236899999999996e-10	0.0	0.0	0.0	0.0	0.0	0.0	0.0	0.0	0.0	0.0	0.0	0.0	0.0	0.0	0.0	0.0	0.0
6271.324465780082	8.099343061339823	65.59935802527355	39329510.55509184	6352.68120972723	23.026195732616543	40356558.55242143	530.2056899167683	4256.7192908884745	-0.4234420564707761	0.1793031751882	18119659.12142208	4319.19336121198	7723.711050557974	1.083227	24.033312	0.1175638	0.069919	0.0208308382	-0.0494140115	0.0387872171	-0.0056391066	-0.0738942594	-0.0261121653	0.0395350234	-0.0299645692	-0.0074612463	-0.0617962494	0.0106219991	-0.0596240413	-0.0592776639	0.0410213497	-0.0652203468	0.0270311213	0.0415817915	-0.0339211843	-0.0406427601	0.0723069457	-0.0183123689	-0.0137651868	0.035243916	0.0140856344	0.1185401582	0.0159691447	-0.1161810913	0.0542460878	0.0084196844	0.1356267938	0.0113635549	0.0367421266	0.0090333469	-0.0903422359	0.0871168198	0.0230571469	-0.0646116618	-0.0291641945	-0.0980334537	0.1081745175	0.0499450855	-0.0908150377	-0.010946766	-0.0410066861	-0.0414538425	-0.0349402162	0.0418435446	0.010192483	0.0291678966	0.009993135	-0.0496512131	-0.1425669479	-0.0990800524	-0.0253720705	-0.0666885761	0.0294950453	0.067819081	0.0394575581	-0.0124653642	0.0309797642	-0.0298483279	-0.1066774721	-0.060666001	0.0014951162	-0.0028123832	-0.0334022555	0.0136271212	-0.0787452726	-0.0114363111	-0.083352294	-0.0927380739	0.0486645711	0.0865711923	0.0855265324	0.0160590352	0.1420163924	0.0532812028	-0.026010491	-0.0451899433	-0.0565075634	-0.0065627485	0.0421344049	-0.0831506723	-0.1044938047	-0.0213399186	-0.0443530138	-0.0755131887	0.0848060681	-0.0246253353	0.0563480428	-0.0344893698	0.1322948559	-0.0252034188	-0.0486493158	0.0848320343	0.0487001012	0.099209624	-0.0446732344	-0.1469241888	-0.0671627393	0.0555007441	0.0454052097	-0.0417992359	0.0158825736	0.0306327496	-0.029932289	0.0758558976	-0.0131858974	-0.0560857099	0.0233507381	0.022311917	-0.126586876	-0.0072812819	-0.0040380465	-0.083970071	-0.1152215259	-0.0277941654	-0.0960250398	0.0167732658	0.0703299556	0.1438115729	0.0510231164	-0.030249554	-0.0629116969	0.0019055806	-0.0022527878	0.0048026813	-0.0713132782	-0.0487965871	-0.046651527	0.0619640703	0.0269809393	-0.0683109644	-0.1187260036	0.0106554605	0.0739962344	-0.016269187	-0.0410324421	-0.0186530923	0.0097073214	0.1544163389	-0.014471893	0.0412577347	-0.0930058382	-0.038882914	0.0565716573	0.0131608127	0.0089154478	0.0526677911	-0.0652907107	-0.0236359435	0.0558054624	0.0074545357	0.069600012	-0.0770853144	-0.091276474	-0.0740956214	-0.06589059	0.0085557746	-0.1607989782	-0.0625646924	-0.0141439899	-0.0014394648	0.0737627564	-0.0932276901	-0.0744279658	-0.0021035032	0.0464365037	0.0035936215	-0.1280749384	0.0157825625	0.1391467238	-0.0324812588	0.0096397842	0.0165779723	0.089979167	0.0500984301	-0.0407820889	0.0061971576	-2.22707e-05	0.0367920663	-0.0329999787	-0.0592174072	0.0207466179	-0.0043161282	0.0152261764	0.0171874	-0.0441798819	0.0812266362	0.092624404	-0.0226790954	-0.0595013131	0.0806366971	-0.0853757099	-0.0744221831	-0.0702174776	0.0435954598	-0.0286305538	-0.033721278	-0.1051870703	0.00886744	0.0668575582	0.0331497466	0.0114921641	-0.0517944267	0.0010183286	-0.0865245012	-0.003054422	0.0864526246	0.005088824	-0.0863328744	0.0	-0.0185078	4.29999999999979e-05	0.00034253866084	1.8489999999998194e-09	0.0218161	-0.0498233	0.00248236122289	0.00047594221921	0.171488	-0.040384	0.001630867456	0.029408134144	0.00316444	0.00040806	1.6651296360000002e-07	1.00136805136e-05	0.00179368	-0.00013447	1.8082180900000012e-08	3.2172879424e-06	-0.00110142	-3.740000000000123e-06	1.2131260164e-06	1.3987600000000923e-11	0.0	0.0	0.0	0.0	0.0	0.0	0.0	0.0	0.0	0.0	0.0	0.0	0.0	0.0	0.0	0.0	0.0
6272.054460353284	0.7299945732020205	0.5328920769044001	39338667.15363753	6364.660314315404	11.979104588173868	40508900.91662146	143.49894673440824	4256.704248878123	-0.0150420103518627	0.0002262620754255	18119531.06241706	4320.935989276182	7820.25865650409	1.094937	24.293121	0.0449622999999999	0.0263409	-0.0235862055	-0.0369779652	-0.0528694214	0.0479615191	0.0063951144	0.0515265444	-0.0034989206	-0.0589042597	0.0178302187	0.0343953339	-0.0677068432	0.0559067949	-0.0473348019	-0.0813242057	-0.056487935	0.0062141877	0.0020701461	0.0164009764	-0.0206483767	-0.0685988871	-0.0071644159	-0.0556536793	-0.058263952	0.0085493855	0.0248066135	0.0304824855	0.065086258	-0.0027338855	0.013660435	0.0646625238	0.007088799	0.0169593927	-0.0127712864	0.0444176637	0.0248088183	0.1534920525	0.0197993629	-0.1032651337	0.0393982099	0.010059847	-0.0142956167	0.0572326599	-0.034928983	0.1211283486	0.0007460703	-0.1408053237	0.0085940529	-0.0578893858	0.0313758577	0.0990107847	-0.0403713722	0.0300298983	-0.0923879896	-0.0446367226	-0.0394374699	-0.0142178984	0.0513385274	0.0567750698	0.1564765281	0.0750474474	-0.0010104948	0.090807042	0.0371551427	0.0944999548	-0.0217153604	-0.0192484837	0.002927292	-0.0335723255	0.0385666319	-0.0141601148	-0.0781418826	0.0408862209	0.0497082393	0.0412048922	0.1357677645	0.0610445314	-0.0314230136	-0.1023692531	-0.0334433612	-0.0033494671	-0.0414085918	0.0235169504	-0.0538862025	0.0053745229	-0.0711734651	0.0073422118	0.0306985864	-0.0523604524	-0.0373968279	0.0421754783	-0.0541845165	-0.0421233721	0.0056241012	-0.0067039868	-0.0273133693	0.0378598321	0.0029778793	-0.0353821317	0.0876682527	0.0742977051	-0.004223121	0.0074672515	0.0001365459	0.0206095645	-0.0059913768	0.0442741641	-0.068765408	-0.0329971889	0.0222189917	0.046163601	0.0797439568	0.0436125049	0.0927620351	0.0621472768	0.0421698273	-0.0518259411	0.048073688	0.0141292	-0.0841743488	-0.0063700294	0.0299614227	-0.053393064	-0.0396182981	-0.055969335	0.0547344401	0.0728013137	0.0455869009	-0.0269045148	-0.0103144078	0.0328003704	-0.0118437918	-0.0249859885	0.0257117366	0.0408628124	0.0979344606	0.0743289503	-0.0442975644	0.1271002259	-0.0533935586	-0.1082337143	0.0923122337	-0.0524277945	-0.0195461136	0.0311249748	-0.0234618064	0.1449450794	-0.0653036108	0.0862279026	0.059165601	0.0186378509	0.029465967	0.0476893092	-0.0314523704	-0.0029109806	-0.0585238157	-0.0965993788	-0.0903437111	-0.0097293411	-0.0098257037	0.0062505655	0.0533951904	-0.086903818	-0.0077848314	-0.0832918167	0.0534759978	-0.0352837477	-0.0525653954	-0.0244713422	-0.11345925	0.0226124315	-0.0166867695	0.0090570658	-0.0177614104	0.1074952128	0.0489856773	0.0422500253	0.0695572507	0.1090356416	0.0268173157	-0.075632017	0.0623793978	0.015624013	0.0124176532	-0.0444597467	-0.0591272786	0.0288610166	0.0027854544	0.0838995092	-0.0087054872	0.0226914862	-0.0504019783	-0.0080900879	0.0609090153	0.0060205387	-0.102767496	0.0281206064	-0.0697547951	-0.1033327867	-0.0628649412	-0.0894064718	0.0813159347	-0.0342226325	-0.0605006147	0.0111018574	0.0111360742	0.0	-0.0865484645	-0.0	0.0865484645	0.0	-0.0865484645	0.0	-0.0184342	7.360000000000005e-05	0.00033981972964	5.416960000000008e-09	0.0249263	0.0031101999999999	9.673344039999982e-06	0.0006213204316899	0.167373	-0.004115	1.6933225000000062e-05	0.0280137211289999	0.0035233	0.0003588599999999	1.2878049959999997e-07	1.241364289e-05	0.00143354	-0.0003601399999999	1.2970081959999993e-07	2.0550369316e-06	-0.00113569	-3.4269999999999873e-05	1.2897917761e-06	1.174432899999991e-09	0.0	0.0	0.0	0.0	0.0	0.0	0.0	0.0	0.0	0.0	0.0	0.0	0.0	0.0	0.0	0.0	0.0
6269.044578064678	-3.009882288606605	9.05939139126773	39300919.92176213	6363.568522135417	-1.0917921799873511	40495004.335912734	1.1920101642815324	4254.969471069182	-1.7347778089406347	3.0094540463928694	18104765.199730758	4318.794735688145	7815.609909224684	0.918147	20.370726	0.1580669	0.0820672999999999	-0.0134905075	-0.0533457127	-0.0300681672	-0.0016832158	-0.0276821672	0.0231842519	-0.0299825598	0.0465690498	0.0597631963	0.0283765547	-0.0375165446	-0.0842709604	-0.0126864133	-0.0872535614	-0.0193032356	0.018462093	-0.0016847051	0.0833497623	0.0495840883	0.0119856132	0.0310088801	0.0713553732	-0.0463269214	-0.052931688	0.085436187	0.0651727683	0.0244726702	-0.079342041	-0.0415699755	0.0501244131	0.066302208	-0.0045635812	-0.0550626255	-0.0170497712	0.0663166944	0.062014336	0.0193431321	-0.0570762826	-0.1127605351	0.0325596737	0.0072158443	0.031247779	0.0662772095	-0.0540221751	0.1161499255	0.0082645002	0.0396755732	-0.0370521327	0.0517298633	0.0942302148	-0.0807509703	0.0141108476	0.0452440577	-0.1557089793	-0.0333116639	0.0041000324	0.0222370425	-0.0079346228	0.0821516275	-0.0459104668	0.0660753071	-0.0187811254	0.0395399147	0.0030670027	-0.0130242696	-0.044040105	-0.0631632718	-0.1049035391	-0.0079310964	-0.0521027381	0.0138016145	-0.0444310992	-0.0922166521	-0.0819221072	0.0615439808	0.0574570702	0.0102881635	-0.0128751458	-0.0204389288	0.2179698255	0.1257942041	-0.0197468722	-0.0073913324	0.0451599137	-0.0201703338	-0.0317801552	-0.1163834086	-0.0310332855	-0.0372799562	0.0172618919	0.0618465112	0.0734527431	0.0188420395	-0.0128522969	0.0644775644	-0.0407553233	-0.030682122	0.0518364341	0.0348695177	0.0682787267	0.0195017254	-0.0007328466	0.0152020573	-0.0677612318	-0.0040915443	-0.0391608914	-0.0054265903	0.0568189567	0.0712327606	0.0493296327	0.0482111504	0.0188793404	0.0495495861	-0.026480476	-0.028233987	-0.0644925007	-0.0516078795	0.0573030196	-0.0153302147	-0.0761878859	0.1016225112	0.0088947821	-0.0177902824	-0.0542570439	0.0171004491	-0.0853227103	-0.0663953464	0.0393855963	-0.0297946548	-0.0190749681	-0.0015098603	-0.1557259512	0.0054294316	-0.1076815106	0.0061833984	0.0212348112	-0.0660691444	0.0474772589	-0.0012026348	-0.0495214097	0.0083380579	-0.0260437363	-0.0889528222	0.0346606816	0.1142989001	0.0375394729	-0.0279614817	0.0472794082	0.0871840997	-0.015996014	0.0094129398	0.0259157754	-0.0437509755	0.0408351043	-0.0152531441	-0.0980222132	-0.0097563823	0.0984360233	-0.0327675268	0.1087210896	0.0174880189	-0.0396465661	0.1737918667	0.1359113275	0.0114431342	-0.04583707	0.0755649398	0.0665528387	0.0086013488	-0.0171215953	0.0854191838	0.0244348287	0.0054471615	0.0813610996	0.0383361771	-0.1108721114	0.0666079527	-0.0001586978	0.0831167692	0.0384316939	-0.0084571698	-0.0090529853	0.0151067661	0.0570992858	-0.0321128601	0.0540672889	-0.0059958258	-0.0446797702	-0.0551292735	0.0833486227	-0.0140367421	0.0160712312	-0.0115952653	0.0152975848	-0.0966982337	0.0020625116	-0.0187855076	-0.1145542598	-0.0844496037	0.0606750239	0.0148173791	0.0616912589	0.0534168644	-0.0263864156	0.0059151798	-0.0010183286	-0.0865245012	0.003054422	0.0864526246	-0.005088824	-0.0863328744	0.0	-0.0214057	-0.0029714999999999	0.00045820399249	8.829812249999991e-06	0.0755461999999999	0.0506198999999999	0.0025623742760099	0.0057072283344399	0.202384	0.035011	0.001225770121	0.040959283456	0.00269629	-0.00082701	6.839455401e-07	7.2699797641e-06	0.00192815	0.0004946099999999	2.446390520999999e-07	3.7177624225e-06	-0.00120336	-6.767000000000014e-05	1.4480752896000002e-06	4.579228900000019e-09	0.0	0.0	0.0	0.0	0.0	0.0	0.0	0.0	0.0	0.0	0.0	0.0	0.0	0.0	0.0	0.0	0.0
6262.617548868735	-6.4270291959428505	41.3067042855018	39220378.56339864	6372.270994354857	8.702472219440097	40605837.62549624	75.73302273012663	4252.568135053483	-2.401336015698689	5.766414660291655	18084335.74327226	4315.175903883258	7713.776139694119	1.013848	22.494017	0.1533829	0.0834207	0.0104287032	-0.0374416041	0.050656719	0.0565754485	-0.0836997796	-0.0202680572	0.0462803819	0.0253713819	-0.0358816302	-0.013601169	0.0572582279	-0.0586723653	0.0360100417	-0.0580005787	-0.0621477355	0.0390923217	0.0174108775	0.005231073	-0.1054954996	0.0436929227	0.0660274719	-0.0266550321	0.0342587715	-0.0575801594	0.1756122724	-0.0066251589	-0.0771184558	0.0033515263	-0.0266531146	-0.0384211668	-0.0770108423	-0.0483243193	-0.0167749008	-0.0610175225	-0.0835343897	0.0034886552	0.0481087692	0.0252092792	-0.0218090455	-0.0214605814	-0.0072314508	-0.0659859539	-0.014215275	0.0421219361	-0.013007729	-0.0022783269	-0.0467038768	-0.044426807	-0.0189855664	-0.0466958875	-0.0519294451	0.0220843553	-0.0706340342	-0.0919850981	0.0109851473	0.0186360426	0.0617490486	-0.0145819456	-0.059623552	0.124853243	0.0354633701	0.0879204762	0.0748021669	-0.0327395272	-0.0423626668	-0.022533753	-0.080754702	-0.0360885765	0.0247898841	-0.0670682083	0.0074086005	-0.052076821	-0.0054676793	0.0636907027	-0.0318148038	0.0133535275	0.0321337315	0.0407949137	-0.1091076828	0.0628362246	-0.0473405679	0.0538395377	-0.056108733	0.1374903414	0.1080435115	0.0491635714	-0.1116983855	-0.1019731194	0.0735088364	0.0870253445	-0.0709808473	-0.0471750936	0.0436204403	-0.0064331731	-0.0281141842	0.052658441	-0.0375887609	-0.0074464104	0.0179319059	-0.0486149756	0.0032722539	0.0395016041	-0.0304366292	0.0275586543	0.0951007226	-0.0461919286	-0.0056242797	0.0200740036	-0.0823543473	0.1032919084	0.0293260085	-0.1369890051	0.0069331698	-0.0753516512	-0.0532546328	-0.0344208251	-0.0251466466	-0.0056651167	0.0424956224	-0.0037189308	0.0661937157	-0.0270986616	-0.0796167609	0.0033462547	0.0170957014	-0.0320986663	0.0259556623	-0.0425748955	0.0219618551	0.0081941329	0.0268767559	0.0469553054	-0.0619446689	0.0380604327	-0.0186062634	-0.0062876113	0.0672515002	0.0029474054	-0.0205217068	-0.0933561215	0.0674230911	-0.0153420308	-0.0639603394	0.0744975787	-0.1114357554	-0.0563104517	0.0203367742	0.0470804548	0.0066579998	-0.0509134978	0.0355899689	-0.0601879483	-0.0067891775	0.007463668	0.0493928219	-0.170756397	-0.0240498184	0.0543397954	-0.0824806531	0.1075621708	-0.015852996	-0.0087098367	-0.007516794	0.0358010014	-0.0113146369	-0.0498730821	0.0252678255	0.0089334506	-0.0346604108	0.0423032042	-0.0263891009	-2.85057e-05	-0.0390213712	0.0193462563	-0.1079123457	-0.1426418859	-0.1342695229	-0.0106046384	0.0152203153	-0.0089478406	0.0695566596	-0.019789298	-0.0638213337	0.021166657	0.0239385773	0.0093171723	0.0762294276	-0.0166140776	0.1036543258	0.0864423034	-0.0019385847	-0.0492386863	0.0082746436	-0.0510121039	-0.1035166526	-0.07604095	-0.0592344264	-0.1109086827	-0.0118620792	-0.0149955804	-0.075366511	0.0607374443	0.0418793355	0.0148100764	-0.017704318	-0.0020365163	-0.0864526246	0.0061050386	0.0861653171	-0.01016004	-0.0856871783	0.0	-0.0211423	0.0002634	0.00044699684929	6.937956000000023e-08	0.0181997	-0.0573464999999999	0.0032886210622499	0.0003312290800899	0.173761	-0.028623	0.000819276129	0.030192885121	0.00351106	0.0008147699999999	6.638501528999997e-07	1.23275423236e-05	0.00145664	-0.00047151	2.223216801000001e-07	2.1218000896e-06	-0.00114664	5.672000000000012e-05	1.3147832896e-06	3.2171584000000132e-09	0.0	0.0	0.0	0.0	0.0	0.0	0.0	0.0	0.0	0.0	0.0	0.0	0.0	0.0	0.0	0.0	0.0
6266.948977286709	4.331428417974166	18.761272140034187	39274649.48391493	6353.108332185664	-19.162662169193027	40361985.48048691	367.2076214106216	4255.975078529848	3.406943476365086	11.607263851146618	18113323.869067147	4320.911611760705	7750.102933354621	1.209871	26.843124	0.0339567	0.0204858	-0.0267066536	0.0085129007	-0.0937469835	-0.0015594101	0.0183508153	0.0716316899	-0.0293774415	0.0157023842	-0.0105239456	0.0748084559	-0.0052068833	0.0207066426	-0.0111860831	-0.0857548505	0.0389849208	-0.008360281	-0.0280061109	0.0904602743	0.0162141313	-0.0788117885	0.0750819138	-0.0317541388	-0.0095839041	-0.0637041835	-0.0474444661	0.1147685165	-0.0034193746	0.0499759529	-0.0421664308	-0.0271735763	-0.103945154	-0.0078196585	0.0132011937	0.062232032	-0.0375421657	-0.0307704666	-0.0021115953	-0.0028499504	-0.012469136	0.0053839666	-0.0317637445	-0.0585375238	-0.0559169496	0.0948235922	0.0933579327	0.1211592346	0.045333249	0.0879844784	-0.058031825	0.043781765	0.0043595524	0.112614372	0.0267295968	-0.007017459	-0.0142269077	0.1102571228	-0.0340795775	-0.1379724659	0.059980233	0.1537119965	-0.0787990325	0.1441147335	-0.0473385219	0.0425661846	0.0659948737	-0.0024440465	0.0053368545	-0.00504425	0.0057004628	0.0080571174	-0.0474020576	-0.0160417938	0.0281284872	-0.0264117528	0.0564852785	0.0287355219	-0.0184285243	-0.0837262054	-0.0555943376	-0.0016004867	-0.041543265	-0.0765400718	-0.0391876218	-0.0664100957	0.0025681635	-0.0874257675	-0.0819455953	-0.0463758797	-0.058084212	0.0738749576	-0.0755900072	-0.0183250864	-0.0013913752	-0.0506861345	-0.0135268527	0.022026975	0.060294263	0.0416537081	-0.0259310655	0.0571374807	-0.0377251389	-0.0346158731	0.0267425741	-0.0413055038	0.0022971813	0.012212203	-0.1263018723	0.0067245064	0.0031265541	0.073144979	-0.0658432916	-0.0363208743	0.0671548325	-0.0168176307	0.0766698865	-0.0771466385	0.0712981892	0.0284055501	0.0605844863	0.0006824695	-0.0639403869	-0.0440613446	-0.0105405146	-0.025152365	-0.0586888256	-0.0719149094	0.0828294332	-0.0580557337	-0.0948032314	0.0408239719	-0.0251095782	0.0493101722	-0.0846294757	0.0434677184	0.001799465	-0.0123024406	-0.0516469665	0.0054593093	0.0742115055	-0.008774994	-0.1177193436	0.0998277981	-0.0734004894	0.065895944	-0.1099332055	0.0719446364	-0.1037592866	0.0911726234	-0.0996146672	-0.0256140354	0.0489435087	0.0283274078	0.0154408583	0.0612662858	-0.0664603004	-0.1096203785	-0.0587938164	-0.0750296564	0.0797894978	0.0404013463	0.0388111476	-0.0284562766	0.0721590497	-0.0133835025	0.0198993676	0.0793390494	0.0009968208	0.0149561717	-0.0269300429	0.0193901032	-0.103476773	0.0658263136	-0.0063730545	-0.0027312717	-0.1005878698	-0.0209778148	0.1547811686	-0.0394268871	0.0585890573	0.0252930728	0.0019468826	0.034489808	0.0472426934	-0.029861023	-0.0295158266	-0.0122434794	0.0347084868	0.0642294273	-0.0537849302	0.0484563405	-0.0751483981	0.0022766915	0.1086855746	-0.0567853523	0.0160614146	-0.0108733749	-0.0926592309	-0.1273662311	0.1159520223	-0.0620045765	-0.042297604	-0.0434721746	-0.0147480856	0.0265676771	0.0496244334	-0.003054422	-0.0863328744	0.0091480491	0.0856871783	-0.015196101	-0.084614593	0.0	-0.0277738	-0.0066315	0.00077138396644	4.3976792250000026e-05	0.0196794	0.0014797	2.1895120900000013e-06	0.00038727878436	0.192326	0.0185649999999999	0.0003446592249999	0.036989290276	0.00343775	-7.331000000000004e-05	5.374356100000006e-09	1.18181250625e-05	0.0015241	6.746000000000009e-05	4.550851600000012e-09	2.32288081e-06	-0.0011418	4.839999999999879e-06	1.3037072400000003e-06	2.342559999999883e-11	0.0	0.0	0.0	0.0	0.0	0.0	0.0	0.0	0.0	0.0	0.0	0.0	0.0	0.0	0.0	0.0	0.0
6267.831229347786	0.8822520610765423	0.7783686992738069	39285708.31958737	6367.582859658787	14.47452747312309	40546111.47462038	209.51194557019508	4252.965537303333	-3.0095412265154664	9.057338394096218	18087715.86148983	4313.589244864751	7673.067664403985	1.228469	27.255753	0.0983824999999999	0.0494833	0.0393174588	-0.047943057	-0.0045615512	-0.0128804647	-0.1031655952	-0.0311316336	-0.0123798624	0.0400199425	-0.0236293216	0.0290617157	-0.1142545268	0.0080535482	-0.0193966915	-0.1042979654	0.0015908548	0.0551314763	0.037762849	0.0892468835	-0.0216258441	0.1008567526	0.0532390681	0.0463721649	-0.0163051264	-0.0111410421	0.0578886219	-0.0459898682	0.033682554	-0.0848770523	0.1065548221	-0.0588318709	0.0028116609	-0.0101305264	-0.0099827803	-0.0372712863	0.1290910333	0.0176765072	-0.0516682252	-0.0006704226	-0.0024268467	-0.0464143286	0.0486139453	-0.0137473271	0.057323447	-0.0452830146	-0.009693807	0.0662503186	0.0001501872	0.0190319046	0.1348814401	-0.006597368	-0.0463180223	-0.0191715349	0.0646481751	-0.0998563845	0.0522073115	-0.016925885	-0.1216747982	-0.1490785172	0.0521242045	0.0776478287	0.0830159721	-0.0088476148	0.0978383432	-0.0188029959	0.0323408444	-0.0657094181	-0.0071225316	-0.0659849095	0.0350023806	-0.0366703032	0.0007405528	0.0966231804	-0.0331942732	0.0551996862	-0.0739427507	0.0136665592	0.0539362635	-0.0630986802	-0.0766523505	0.0712136207	0.0555964358	-0.0080766466	0.1289997653	-0.0751440171	-0.0123255763	-0.0577913751	0.0003747026	0.0051610478	0.0878938122	-0.0229646527	0.0712206982	0.0092232699	-0.0159980953	-0.0855332736	0.0607046589	0.1067641247	-0.0560366612	0.0131776971	-0.083461241	-0.067738674	-0.0335956526	0.0684441988	-0.0275487696	-0.0844276481	0.0598667788	-0.0745411052	0.0180275384	0.0427345418	0.0197430091	0.0200063579	0.053138844	0.0203631904	0.0618996288	0.042540113	-0.0048689123	0.0940391519	-0.0150047867	-0.0551063375	0.1325702655	0.0011835574	0.058958579	0.0372655391	-0.0401497733	0.021005336	-0.0386511851	-0.0037628138	0.0757880169	0.008983729	0.0481341266	0.0617169346	0.0478537468	-0.0391785854	0.038037223	-0.0811098587	0.0328596242	0.0616885719	-0.0927608576	-0.0781901352	0.1182549365	-0.0842865742	-0.0752757031	-0.0577803454	0.011337647	0.0456928093	0.0574026576	-0.0056115074	-0.0180266866	0.0262724589	0.1065168988	-0.0492090113	-0.0843464403	0.0514142883	0.0109230838	0.0471354598	-0.0266815654	-0.0420163522	-0.0232069555	0.0145743292	0.0737157658	0.0876786252	0.0324669287	0.0144590151	-0.0131410701	0.0696284402	-0.0446167062	-0.032997865	0.0593387651	-0.0905102148	0.0015168876	-0.0225490107	0.0013105937	-0.0961458539	-0.0314155161	-0.1022793053	0.0023998225	-0.0357782789	0.0014723937	-0.0626408358	0.0539473953	0.0829907946	0.0448409963	-0.0465873922	-0.0366044825	0.0516917261	0.0020358735	0.031466082	-0.0261822931	-0.1042355973	-0.0018591216	0.0372850044	-0.065740365	0.0035313964	0.0246606719	0.0514329548	-0.0941128905	-0.1109696543	-0.0020637906	0.0187630283	0.0840767732	0.0116666562	-0.0072677605	-0.0678415597	0.0639089456	-0.083353147	-0.0151144279	-0.0040719049	-0.0861653171	0.0121796622	0.0850192673	-0.0201795815	-0.0831204621	0.0	-0.0185192	0.0092546	0.0003429607686399	8.564762116000004e-05	0.0526488	0.0329694	0.00108698133636	0.00277189614144	0.200559	0.0082329999999999	6.778228899999984e-05	0.040223912481	0.00296034	-0.0004774099999999	2.2792030809999973e-07	8.7636129156e-06	0.00192815	0.00040405	1.632564025e-07	3.7177624225e-06	-0.00121885	-7.704999999999995e-05	1.4855953225e-06	5.9367024999999925e-09	0.0	0.0	0.0	0.0	0.0	0.0	0.0	0.0	0.0	0.0	0.0	0.0	0.0	0.0	0.0	0.0	0.0
6260.913263344303	-6.917966003482434	47.85825362533872	39199034.89112061	6374.501873309796	6.919013651008754	40634274.1328301	47.87274990284549	4252.97005821507	0.0045209117370177	2.0438642933904768e-05	18087754.31607389	4316.472884139274	7691.002636120557	1.043374	23.149103	0.1507626	0.0845865999999999	0.0070979726	0.0019443758	-0.0356734583	0.0504525782	-0.0276763338	0.0395213032	0.0206463218	-0.0260247529	-0.0342163958	0.0345941766	-0.0088787516	0.0451484542	0.0251851965	-0.0737944917	-0.030842995	0.0168412072	-0.0243661899	-0.0195507348	-0.0894728791	-0.0264353234	0.084460996	-0.0734937205	0.0160408818	-0.0227818894	-0.0145531673	-0.0351013283	0.02762575	-0.0121310524	-0.051928826	0.0319383519	-0.0309534679	-0.0512924557	0.0066352496	-0.0089682197	0.0364391266	0.0077355252	-0.1297680918	-0.1873821793	0.0581389297	-0.1334651735	0.0325110451	0.0807875594	0.0325257542	0.0777390878	0.0209633126	-0.0055461303	-0.0543534709	0.0208513662	0.0209395777	0.044103832	0.0167380669	0.062821558	0.0220651089	0.013320821	-0.0190794522	0.0301850663	-0.1249931114	-0.0696861825	0.0444357164	0.0452173437	-0.0472133449	0.1047139771	-0.150608712	-0.0443031959	-0.0453750521	-0.0309832849	-0.1074227074	-0.0364857935	-0.0360497873	-0.0306984941	0.0183750759	0.0141728439	-0.1118271673	-0.0249919924	0.0082701473	-0.0443389449	-0.0967828787	-0.0834003671	0.0409387926	-0.0105835918	-0.0394989158	0.1109922512	-0.0617071003	-0.0036588315	-0.0046855433	-0.0263066449	0.0095191984	-0.0500504937	-0.0121746184	0.0340425336	0.0805932012	0.0384178945	-0.0481048962	0.1417366718	0.0651096522	-0.0490683447	0.1347181244	-0.0459208416	-0.0958558903	-0.0137846875	0.122265896	0.0106645269	-0.0037439201	0.0517297904	0.0681028515	4.73141e-05	-0.0763929194	-0.0375320431	-0.0627964992	0.0592287587	0.0194413405	0.0217250178	0.0331877004	-0.0053000448	0.0141946012	0.0681788069	-0.0574449317	0.1050205594	0.0153415066	-0.0574918102	-0.0717567913	0.1507148514	-0.0137079686	-0.0843966272	-0.0082342924	0.0720822559	0.0789436223	0.0467750298	0.0035131796	0.1167501875	-0.0660069689	-0.0200892242	0.0803843917	0.0941001781	0.0659667307	-0.0119476176	-0.1376036536	0.0002299174	0.0457561326	-0.0274700689	-0.0497197426	-0.012263907	0.0268001675	0.022856191	-0.0339369013	0.0730999482	-0.0367682243	0.0776789752	0.0442334925	0.0725780074	0.113816075	0.0344645244	0.0151368094	0.0722012838	-0.0806656799	-0.0750738557	0.0690338601	0.0819245298	0.0183266579	0.0201107557	0.0101331391	0.0156574266	0.0689077142	-0.0013900651	-0.0339031363	0.0506639794	-0.0108541157	-0.0033714751	0.0397160252	-0.0185517729	-0.024693013	0.078754052	0.1483263442	-0.0149795969	-0.048267647	0.0213879054	-0.0647822873	-0.0475012021	-0.0831858404	-0.0387124273	-0.0884941434	0.0066375613	-0.0124288003	-0.0476810572	-0.023087435	-0.0344844264	0.0285714797	0.0818066019	0.0566498995	0.0407571577	-0.0857248738	-0.065010407	0.0367254601	-0.0143443523	0.0002574295	-0.0855404583	-0.0909542556	0.0034659243	0.0326947514	0.0768653538	-0.0369112552	-0.0530897135	0.0162750763	-0.0067216271	0.0411039342	-0.005088824	-0.0859500453	0.015196101	0.0841630631	-0.0250932382	-0.0812122292	0.0	-0.0183911	0.0001280999999999	0.00033823255921	1.6409609999999756e-08	-0.0126307	-0.0652795	0.00426141312025	0.00015953458249	0.176267	-0.0242919999999999	0.0005901012639999	0.031070055289	0.00365337	0.0006930299999999	4.802905808999998e-07	1.33471123569e-05	0.00146305	-0.0004651	2.1631801000000003e-07	2.1405153025e-06	-0.00115572	6.313e-05	1.3356887184000002e-06	3.9853969e-09	0.0	0.0	0.0	0.0	0.0	0.0	0.0	0.0	0.0	0.0	0.0	0.0	0.0	0.0	0.0	0.0	0.0
6266.781815470457	5.8685521261541	34.43990405738781	39272554.3227112	6362.047874342003	-12.453998967793268	40475653.1554196	155.1020902897958	4257.331691400401	4.361633185330902	19.023844043379796	18124873.1306022	4321.300970562685	7667.1014822706975	0.97437	21.618126	0.1196757	0.0648494	0.0165960787	0.0044943446	-0.0413100008	-0.0064077969	0.001225922	0.044609612	-0.0775817983	0.074868442	0.003865692	0.0701524268	-0.0488943912	-0.0540193028	0.0738963272	-0.0367418472	-0.0484426894	0.0095304123	0.0104409585	0.0428579486	0.0687138819	0.0101851653	0.0282319531	0.0329552557	-0.0392139076	0.0755064074	0.0496810646	-0.0546007636	0.0215706169	0.0485999301	-0.0115393021	-0.0326848479	0.0901536423	0.0242849117	-0.1219298486	-0.0232811045	0.0388694482	0.0173437567	-0.0304348618	-0.0538855941	0.0877851517	-0.0777898828	-0.0340720872	0.0652879691	0.0382730463	-0.0046418078	0.0552853441	0.0185570272	-0.0039389122	-0.0038409345	-0.1094017731	0.0398726081	0.0250463558	-0.0584470701	-0.0771670823	-0.0460930605	0.0097210025	-0.0456932234	-0.0346902043	0.0044075731	0.1228806878	-0.0139328876	-0.1364775332	-0.0780387358	0.00297034	-0.0596154227	0.0156863662	-0.0462390553	0.1139191069	-0.0585095424	0.0511212314	-0.0292307975	0.0163964751	-0.1165552742	-0.0237108775	0.002097421	-0.015235488	-0.0883463132	0.0183676803	0.0898223502	0.0710549903	0.0066690152	0.0664395609	-0.0473335639	0.036090189	-0.0096256774	0.0738497038	0.0170117524	-0.0029191974	-0.0627385086	0.0875640588	-0.0134732869	-0.0498271324	5.1156e-05	0.056184947	0.0663157195	-0.0645527073	-0.0641836799	0.0017658433	-0.0712620732	-0.0786469322	0.0052238554	0.0248833494	-0.0008252667	0.0206507565	-0.0528595455	-0.039664232	-0.0388741717	-0.0230619962	0.0318782882	0.0481528703	-0.0499255455	0.0832095488	-0.0049261438	-0.0379055205	-0.0598317885	-0.0920801023	0.0496531217	-0.0018909253	0.0446492663	-0.0210801359	-0.0706108308	-0.0300221435	0.0441421766	-0.0256667711	-0.087279459	0.0268383186	0.089517082	0.002905731	0.0482169274	0.0123948875	0.0607595272	0.0213090539	-0.0640756919	0.0121962664	0.002667353	0.0025503293	0.0301868598	-0.0306449311	0.0678900451	0.1307898559	0.0471320051	0.0204052954	-0.0511343207	0.0278973351	0.0283371612	0.0782021226	-0.0608584614	-0.0393458079	-0.019650401	0.0066153383	0.0407279319	0.0800465184	-0.0661422991	0.0841963717	0.0544598565	0.0830835236	0.0594680908	-0.1102197815	0.0413242234	0.0492466435	-0.0159534334	0.0407543429	-0.144515302	-0.0735534371	0.0548225289	0.0358753053	-0.0144476616	0.0247301915	-0.0241764286	-0.0064639003	0.0377837656	0.1567014975	-0.0082685147	-0.0486393435	-0.0146348536	-0.0274424398	-0.0170620591	0.0395266556	-0.0866641042	-0.0683279026	-0.0366547327	-0.0532256239	-0.0132723042	0.0158898282	0.0065005658	-0.0115594772	-0.0053553723	-0.0369512631	-0.0028486246	-0.1064522678	0.0388706817	-0.0425854852	-0.0559906535	-0.050702596	0.083295657	-0.0780019647	-0.0980767896	-0.0481118686	0.0824754609	0.0046573485	0.067479489	-0.0593193214	0.0062136834	0.0421815274	0.0176467572	0.0388310375	-0.0061050386	-0.0856871783	0.0181936073	0.0831204621	-0.0299200691	-0.0788994011	0.0	-0.0214728	-0.0030816999999999	0.00046108113984	9.49687489e-06	0.0335778	0.0462085	0.00213522547225	0.00112746865284	0.207838	0.0315709999999999	0.0009967280409999	0.043196634244	0.00319367	-0.0004596999999999	2.1132408999999998e-07	1.01995280689e-05	0.00177369	0.00031064	9.649720960000005e-08	3.1459762161000004e-06	-0.00114977	5.950000000000009e-06	1.3219710529e-06	3.540250000000011e-11	0.0	0.0	0.0	0.0	0.0	0.0	0.0	0.0	0.0	0.0	0.0	0.0	0.0	0.0	0.0	0.0	0.0
6264.102958776294	-2.678856694163187	7.176273187862919	39238985.87814992	6361.2037184842975	-0.8441558577051183	40464912.74805845	0.7125991120978639	4257.067075558599	-0.2646158418019695	0.0700215437325649	18122620.08580504	4318.748196840749	7693.695841601295	0.989778	21.959976	0.1143774	0.0624978	-0.0038182224	0.0141613388	-0.0080293045	-0.0108642959	-0.089930548	-0.0067522812	0.0399029981	-0.0018003329	-0.0130997763	-0.0148790186	0.0148535073	-0.0543100061	0.1299225709	0.081951014	-0.1037449612	0.0026464669	0.0109004839	0.0093155526	-0.0760796458	0.0559104021	-0.0152710224	-0.0641745807	-0.0024512308	0.008151644	0.0399883499	-0.0329616273	-0.098637077	0.132768324	0.0736863183	0.0492351421	-0.0752200213	-0.0176477365	-0.0935269764	-0.0989990119	0.0273105804	-0.0177921934	-0.0429240089	0.0866235867	-0.0057342243	0.0185954153	-0.0337747691	-0.065966961	-0.0467020136	0.0108708075	0.0534816506	-0.0463723085	0.0320927839	-0.0547630607	0.04102625	-0.0207542825	-0.0219391883	0.06241629	-0.0282923862	-0.0535518845	-0.0230523358	-0.0517556582	-0.0148946386	-0.1176136688	-0.0123167068	-0.0505217217	0.0041239387	0.0298491467	-0.0788554479	0.0017668714	0.0799347816	0.0047088375	0.0104303901	0.1053661429	0.0274628148	-0.0282126042	-0.0320399586	0.0276854163	0.0258872555	-0.0280446927	-0.0727618089	-0.0415050097	0.0284598341	0.0134777394	0.0356037059	0.0263697319	0.0206685361	-0.0464315466	0.0440000613	-0.0336944958	-0.0445171527	0.062178153	-0.0626897928	0.0876096401	-0.066397284	0.0161174493	-0.0253390458	-0.0529646928	0.0825663088	-0.0034979354	0.0509591768	0.0750304967	0.0015531414	-0.0238863504	0.100980985	0.014537926	-0.0097505833	0.0184310955	-0.0411756549	-0.0140071036	0.0697130709	-0.0064959012	0.0301048718	-0.0289946585	-0.0681848057	0.0285918626	0.0170405717	-0.0990931481	-0.0190050393	-0.0083869324	-0.1071074797	-0.0208745979	0.0557213236	-0.0828560894	0.0498594721	0.0936904257	0.0330768617	0.0438755943	-0.0401610185	-0.0501292958	0.0822875334	0.0814941662	-0.005680528	-0.0827920234	0.0238534393	-0.0124525042	0.0705738681	0.0242251805	-0.0392160488	0.0451683714	0.0217565496	0.0391962389	0.0105963888	-0.0514720628	0.0324578453	-0.0285199876	-0.0078503376	0.0665316552	-0.1223796951	0.000649062	-0.069148988	-0.0202395478	0.0037681803	-0.0283746554	-0.1043533861	-0.0580489693	-0.0381079512	-0.0604911746	-0.0681174901	0.0126732227	-0.0181162973	0.0502000709	0.1176741323	0.0644140482	0.0943329296	-0.083855236	0.0385348591	0.0764691409	0.0453030322	0.0065293413	-0.036188899	-0.0650021201	0.0383173438	-0.0393676371	0.0179587893	-0.0381898845	0.0382901951	-0.0250963419	0.0291330592	-0.0200309216	0.0260643321	0.0400274246	0.0857596986	0.0665677324	0.0288349025	0.0508989214	-0.0063932717	0.0106651633	-0.0167182702	-0.0282414155	-0.0244821122	-0.014781598	0.026683262	-0.0416685272	0.0661390346	0.0316074464	-0.0112949528	-0.0949016358	0.0620537139	-0.0580425621	-0.0389603962	-0.0599172704	-0.0434132508	0.0076035047	0.0321733359	-0.0773098102	-0.0501549841	-0.0326321187	-3.32861e-05	0.0176386305	0.0357586655	-0.007120408	-0.0853768617	0.0211684467	0.0818937733	-0.0346433727	-0.0761935001	0.0	-0.0184647	0.0030080999999999	0.00034094514609	9.048665609999996e-06	-0.010835	-0.0444127999999999	0.0019724968038399	0.0001173972249999	0.169123	-0.038715	0.001498851225	0.028602589129	0.00344711	0.00025344	6.42318336000001e-08	1.1882567352100002e-05	0.00160769	-0.000166	2.7556000000000045e-08	2.5846671361e-06	-0.00100438	0.00014539	1.0087791844000002e-06	2.1138252100000003e-08	0.0	0.0	0.0	0.0	0.0	0.0	0.0	0.0	0.0	0.0	0.0	0.0	0.0	0.0	0.0	0.0	0.0
6274.652352102599	10.549393326305108	111.28969955309074	39371262.13974668	6365.901274678375	4.697556194077151	40524699.03895176	22.06703419651261	4261.792341581058	4.7252660224594365	22.328138983009623	18162873.96275896	4322.807357076997	7678.005596931253	1.002594	22.244328	0.1285532	0.0734222	0.009659302	3.1339e-06	-0.0018711335	0.0206220182	-0.0198908179	0.0401451514	-0.0293158817	-0.0472175272	-0.0359777282	0.0508203017	-0.0552046374	-0.024358173	0.1015879278	0.0575002149	-0.1078365554	-0.0275526224	0.0338965625	-0.0005192306	0.0051101919	-0.0526467948	0.0451007379	0.0103525482	-0.0821687039	0.0913052208	0.0972614297	-0.0125453286	0.0304985659	-0.0782520724	0.0173879667	-0.0798088757	0.0666190463	0.0641072662	-0.0213775033	-0.0137605137	-0.0256764086	0.0678701228	0.0771805642	-0.0623498311	0.032088418	-0.0049090048	-0.0258762419	0.0128457066	-0.0151946298	-0.0742101095	0.0309862537	-0.0026613399	0.0259274695	0.0503551684	0.0074378209	-0.027039662	-0.0129599627	0.0085949864	-0.0410236598	-0.0103726105	0.1310014986	-0.0382937134	-0.090346867	-0.0180615914	-0.0579561072	0.0207238791	0.0043335191	0.0433031381	0.0933768351	0.0428639094	-0.0158898242	0.1345471841	0.000601821	0.0449523	-0.0509464216	0.0056452092	0.0134594145	0.0084771783	0.0514054095	0.0142534458	-0.0059838459	0.0518938853	0.0205113841	-0.0260222568	0.0390168474	-0.0623570083	0.0719913968	0.0137903964	-0.0416847045	0.0262831682	-0.0367698439	-0.0396845588	0.0934251423	0.072592738	0.0669182451	-0.0173270233	-0.0060970259	-0.0106029307	0.033190267	-0.0634843927	0.0465387346	0.0034787997	0.0868789765	-0.0843388183	-9.47451e-05	-0.089073304	0.0162669729	0.0219133133	-0.0430343113	0.0124670456	-0.0353489749	0.0215309393	-0.0887702092	-0.0245770475	0.0593726421	-0.0262045176	0.1391286322	-0.0019859392	0.036373797	0.0491216423	-0.0522958397	0.0460535707	-0.0414245847	-0.0819275869	-0.075867997	-0.0162319262	0.0062954308	-0.0936070017	-0.0511120987	0.0166431137	-0.0521584218	-0.0147735807	0.0729428979	0.018662436	-0.0154478083	0.0137477746	-0.0918549467	0.0471616205	0.0333872117	-0.0066022233	-0.0571913398	0.090872782	-0.0601842602	0.0610992539	0.0714392952	-0.0945326687	-0.0047757569	0.0009757446	0.087336759	0.0437035394	0.0323213732	-0.0046369826	0.0703648082	-0.0033455035	-0.0581024526	-0.0171605694	-0.0419074051	0.0554596544	-0.013249732	-0.0489375251	0.0098407077	0.0639826071	0.0164702775	-0.0332136161	0.0473541207	0.0172221358	-0.0338601197	0.0071162402	-0.0078754378	-0.0323973654	-0.0791924444	0.0985064105	0.0429809867	-0.0049125396	-0.0088093179	0.0267600789	0.0213246653	0.0433464138	0.0018283337	0.1073253421	0.0146705167	0.1073015918	-0.0415676881	-0.0374691819	-0.0595982799	0.00489821	-0.0821087407	-0.0039293625	0.0003991229	0.035600301	-0.0297329858	0.0284455846	-0.0317583963	0.0954070585	-0.0389977604	-0.0602280043	-0.0455791774	-0.0514171433	0.0574271151	0.0580692841	-0.1071624236	-0.0473150628	-0.0148774533	0.0975349298	0.015741508	0.024425604	0.0224735271	-0.0271153907	0.0197992818	-0.0331088418	0.0116701716	-0.0081347916	-0.0850192673	0.0241169128	0.0804857135	-0.0392468059	-0.0731080069	0.0	-0.0185534	-8.870000000000058e-05	0.00034422865156	7.867690000000104e-09	0.0473095	0.0581444999999999	0.0033807828802499	0.00223818879025	0.191287	0.022164	0.000491242896	0.036590716369	0.00286671	-0.0005804	3.3686416e-07	8.218026224100001e-06	0.00192815	0.00032046	1.0269461160000005e-07	3.7177624225e-06	-0.00106664	-6.225999999999996e-05	1.1377208896e-06	3.876307599999996e-09	0.0	0.0	0.0	0.0	0.0	0.0	0.0	0.0	0.0	0.0	0.0	0.0	0.0	0.0	0.0	0.0	0.0
6289.781310795345	15.128958692745982	228.88539112681423	39561348.937630415	6358.380435606693	-7.520839071681621	40429001.76390596	56.56302034213287	4269.247411316611	7.45506973555257	55.578064761951865	18226473.459033582	4329.546280084999	7799.822366681992	1.00243	22.240677	0.1929788	0.102629	-0.0188290717	-0.0385386615	0.037362194	-0.0309436831	-0.0245824166	0.0762211538	-0.066893409	0.0152558799	-0.0106384442	-0.0676076315	0.017445654	-0.081279796	-0.0591920743	0.128583175	0.0609052487	-0.0785324362	0.0827634668	0.0181097185	0.0681224039	0.0140219912	0.0429509493	-0.0422082277	-0.0362293045	0.0508866349	0.0473502243	0.0093541686	0.029053647	0.0401339785	0.0620960755	-0.0605181844	0.0170050157	0.0415158579	0.009919963	0.081413599	-0.0345977423	-0.1928163752	0.0113728258	-0.0389740877	0.0033733752	0.0324531697	0.0893996757	-0.0193763292	-0.0222503596	-0.0592657789	0.0175471065	0.0131404803	0.0954068229	0.018646495	-0.0805998923	0.0225502471	0.1074309124	0.0498377842	-0.0545563731	-0.0255634802	-0.0061910272	-0.0550942469	0.0738188182	0.085408015	-0.0890686492	-0.0268656548	0.0409078867	-0.0762269247	0.0433245335	-0.0060978251	0.0609485873	0.0825621772	-0.012536588	-0.0759701137	0.0349404387	0.0185868295	0.0224829068	0.0703578965	-0.0462389964	0.0663196487	-0.1141199383	-0.0029489359	-0.0597351238	-0.1047737795	-0.0513207982	-0.0906202826	0.0578463303	-0.0272304479	0.0449361763	0.0118339704	-0.0072206164	-0.0299193452	-0.0094124275	-0.044420471	-0.0974262516	-0.006529253	-0.0495524812	0.0348769187	0.1562521479	-0.0648949742	-0.1030524344	0.0394472893	0.0127723712	0.0821056755	-0.0206423186	0.0072016255	-0.0201420894	-0.0282312122	-0.0860432843	-0.0503503032	-0.0907896288	-0.0439687677	-0.0253021171	-0.0328841607	0.0016109964	0.0097198919	-0.0142406817	-0.0293928045	0.0393989088	-0.0508370661	-0.0814001444	0.0226252135	0.0095047172	0.0038218982	0.030016192	-0.0322151434	-0.0694359601	-0.0128403825	0.0950370115	-0.0348304279	-0.0433319263	-0.1084102511	-0.0512246985	0.0155069199	-0.0753511401	-0.1870132843	0.0973905081	0.0759709322	-0.0689651305	-0.0017130069	-0.0001651989	0.0923096146	0.0365120765	0.0076436067	-0.0467118307	0.08618933	0.0119424126	-0.0439769291	0.0505780476	0.1287211419	0.0290491431	-0.0021199448	0.0928104268	0.0864759303	-0.0130131666	-0.0030278514	0.0031500322	0.0426718263	0.0158511806	0.0047731861	0.0008465383	0.1426243517	-0.0649946188	0.0284429917	-0.0762540218	0.0048176414	0.0192293673	-0.0053758338	-0.0248857723	-0.1156749038	-0.0032358935	-0.0078808398	-0.0285311351	0.002545524	0.0211353001	0.0154025986	0.0126036615	-0.0187545215	-0.0281678961	-0.1004821454	-0.0349332164	-0.0266708868	0.0257090287	0.1132633232	0.0768940514	0.03955689	-0.0303698578	0.0173000349	-0.0786427093	-0.0548002052	-0.0287175472	0.003888187	0.0434250398	0.0152779604	-0.0914644286	0.0685875587	0.0058354978	-0.0393153524	-0.0042937575	0.0175631186	-0.0209414304	0.0299458098	0.0062208029	0.0128593332	0.0145592407	0.0174864691	-0.0508465923	0.0385509846	-0.0283504587	0.0551751689	0.0006185782	-0.0091480491	-0.084614593	0.0270353323	0.0788994011	-0.0437144402	-0.0696582933	0.0	-0.0142256	0.0043278	0.00020236769536	1.8729852840000013e-05	0.0103953	-0.0369141999999999	0.0013626581616399	0.00010806226209	0.113725	-0.077562	0.006015863844	0.012933375625	0.00368436	0.0008176499999999	6.685515224999994e-07	1.35745086096e-05	0.00137815	-0.0005499999999999	3.024999999999999e-07	1.8992974225000003e-06	-0.000950794	0.0001158459999999	9.04009230436e-07	1.3420295715999993e-08	0.0	0.0	0.0	0.0	0.0	0.0	0.0	0.0	0.0	0.0	0.0	0.0	0.0	0.0	0.0	0.0	0.0
6291.89583038604	2.1145195906947265	4.471193099431794	39587953.14042924	6356.644156170706	-1.736279435986944	40406924.92817919	3.0146662798311405	4266.923008729951	-2.324402586659744	5.402847384870508	18206631.962429058	4327.941052601638	8051.201178975349	1.147703	25.463825	0.2047049	0.104749	-0.0815672011	-0.0726864836	-0.0426278944	-0.0153785936	-0.0708361239	-0.0062107895	-0.0028845158	-0.0150471357	0.1147787596	0.0334637573	0.0388015104	-0.0757157652	-0.0748825747	0.0554038193	-0.1024480244	-0.0553888633	0.058546238	0.0502636882	-0.0101360111	-0.0221202702	-0.1073223945	0.0173644063	-0.0589645456	0.0076028006	0.1035860946	0.0319088792	-0.0314123727	-0.0063580043	0.1047773103	-0.0560114115	0.0497547074	0.001002059	-0.0289984698	0.0504932581	0.0121138618	0.0059647697	-0.0184577991	0.0940786693	0.0507201749	-0.0286254062	0.0379849344	-0.0639884321	-0.0847095724	-0.0251983794	0.0538383417	0.0219608686	-0.1246130657	0.0551134039	0.115587045	-0.0559206051	0.005938716	-0.0396063169	0.0535910232	0.050390878	0.0610250407	-0.1219908365	-0.0229760904	0.0439828043	0.0569042839	-0.0827088651	-0.0009542864	-0.0209493671	0.0160499181	0.1464375872	0.083639326	-0.0081544668	-0.0316224395	-0.0162567022	-0.0487692241	-0.0536490084	0.0868318089	-0.0473137501	0.0833260918	0.009252782	0.0600079178	0.012996913	0.0334968534	0.0232695711	0.0129543906	-0.0481993054	-0.0093799782	-0.0326943421	-0.0132743775	0.0179663879	-0.0536237384	-0.0517144857	0.068613092	0.016275587	0.000273208	0.0929093932	-0.0129318108	0.0604548789	-0.0103578944	-0.0864774433	-0.1293831523	0.0318960685	0.1027235148	0.0053859859	0.0508689709	0.0523069455	0.0704474785	-0.0042558897	-0.0663610351	-0.0756173297	-0.0182695066	0.1154618436	0.0385359592	0.007952598	0.045377957	0.0263908077	0.0674368592	-0.0309397792	0.0463738668	0.035473025	-0.1059410629	0.0426479437	0.0661198405	-0.070039634	0.0184416277	-0.0884572956	0.012072463	0.0320560255	0.0343320022	0.0395219247	-0.0625458769	0.0870427383	-0.0101954243	-0.0041782259	-0.0507041999	-0.0467973541	0.0215224219	-0.0510954867	0.0309233285	-0.023956982	-0.0300471684	-0.0313823014	0.1153234429	-0.0302060546	-0.0170894503	-0.1259058491	-0.0885421601	-0.0089434956	0.1484692684	0.0201990212	0.0197403168	-0.0080891317	-0.047012623	-0.0939244861	-0.0278399946	-0.1414719067	0.0058358816	0.013649701	-0.0862607853	0.0374212892	0.0250489664	-0.0382009199	0.0964131271	-0.0616906352	0.009930726	-0.0269127991	-0.016654164	-0.1163261931	-0.0789812234	-0.0361881469	-0.0498323941	0.010659605	0.0089000551	0.0276949107	-0.0030424519	-0.0714815985	-0.0774947272	0.0572667279	0.0123014624	0.0565521565	0.0218917328	0.0290586512	-0.0636333457	0.096129113	-0.0424930232	-0.0470334483	0.0172425944	0.0372596837	0.055469193	0.0287610861	-0.0647245652	0.0852839967	-0.006080845	-0.0438646421	0.0171555812	0.0338117956	0.0156770861	-0.0395941492	-0.0460102058	0.0275534398	-0.0256938595	0.0651143588	0.0284422171	0.0320379903	0.0821993726	0.0218065922	-0.0164680621	-0.0199968052	-0.1068413699	0.0049841814	0.0067994207	-0.01016004	-0.0841630631	0.0299200691	0.0771383493	-0.048030817	-0.0658615456	0.0	-0.0214141	-0.0071884999999999	0.0004585636788099	5.167453224999998e-05	0.0618939	0.0514986	0.00265210580196	0.00383085485721	0.185705	0.07198	0.0051811204	0.034486347025	0.00286338	-0.0008209799999999	6.740081603999996e-07	8.1989450244e-06	0.00185426	0.0004761099999999	2.2668073209999986e-07	3.4382801476e-06	-0.00113446	-0.0001836659999999	1.2869994915999997e-06	3.373319955599995e-08	0.0	0.0	0.0	0.0	0.0	0.0	0.0	0.0	0.0	0.0	0.0	0.0	0.0	0.0	0.0	0.0	0.0
6278.151032799996	-13.744797586044116	188.91946068132413	39415180.39064766	6404.685872569723	48.04171639901688	41020001.1262942	2308.006514563567	4263.782376187145	-3.140632542806088	9.863572768932634	18179840.1514841	4325.698338317871	7824.134743603477	1.277188	28.336672	0.1257847	0.0666176	0.0104721743	-0.0907989178	0.0940421374	0.1258037932	-0.0108016817	0.0277595457	-0.000554357	-0.0438412535	0.0166271126	-0.0440762244	0.0381176196	-0.1193854282	-0.0440738861	0.0798027302	-0.0603996642	-0.0378734366	0.0682803961	-0.0849970499	-0.0146664346	-0.0039960943	0.0401079108	-0.0132762828	-0.0020908862	-0.0087090746	0.081768132	0.0493946622	-0.1199524088	-0.0745677057	0.007686949	-0.0623067066	0.0316219991	-0.0215112494	0.0183626028	0.0352064348	0.0913177825	-0.1126009291	0.0163863422	-0.0425952756	0.0369159716	-0.0304186062	-0.077709471	0.0289709743	-0.0747378088	-0.0855911939	0.0548021026	0.0609086944	-0.0411638369	0.0533792251	0.0310167317	0.0289134915	0.0738733533	0.0009082372	0.0506413558	0.0325713134	-0.0875295363	0.0946470967	0.061309898	0.1244479206	-0.0580036495	0.0316361293	0.0254775675	0.0153951085	-0.0122802155	-0.0953675427	-0.0875656168	-0.1215458815	0.1454902732	-0.0123622828	0.0341558092	0.0212608065	0.0188789459	0.0724350232	-0.0169632948	-0.0218387439	0.0240317099	0.0154715907	-0.0206180146	0.0809522668	0.0341113065	0.0856421652	-0.0043510554	-0.0617150094	-0.153483419	0.102043907	0.0155861931	-0.0081722882	-0.0450341116	0.120106464	0.0567787847	-0.0493935032	-0.0675717721	-0.149251901	0.0347074479	0.051251088	0.0418495598	-0.0083358183	0.0401611377	-0.0072653033	-0.0137917596	0.0065324263	-0.0309165039	0.014793665	-0.077410567	0.0990315185	-0.0436111231	-0.0019187266	0.0127167239	-0.0146307974	-0.0078534886	0.0511624924	0.026368658	-0.0934176374	-0.0220869111	0.0069317332	-0.0692584932	0.0353749691	-0.0247737565	0.00489448	-0.0157302968	-0.1719134376	-0.0184726285	0.0047915184	0.0317226358	0.0324670392	-0.0154862912	-0.1021849172	0.0193110266	0.1332272618	-0.0623876871	0.0415931365	0.0194277564	-0.0273681999	0.0233880061	-0.0877001711	-0.0266661948	-0.078408462	0.030680055	-0.0499493179	-0.0313576813	0.0593776068	-0.0345989998	0.0932087615	-0.0537316403	0.1009858035	0.0099875856	-0.0341987363	-0.0030266371	0.0542201717	0.0665772773	0.0668778932	-0.107508342	0.0118232404	-0.0132068246	0.0624112835	0.0219590925	0.0264463325	0.0176287272	-0.0133776337	0.0154768209	-0.0683460746	-0.2380723048	0.0429549988	-0.0540142669	0.0746119383	0.0763719265	0.0069006902	0.053025805	0.0382239192	-0.0483056746	0.0349832325	-0.0849922927	0.0641196055	-0.0387953134	0.1359229996	0.0232260375	-0.0514317336	0.0309761556	-0.0235799766	-0.0939699446	0.0666683376	-0.0437878294	-0.0273538223	-0.0911143356	0.0035270639	-0.0173391194	0.0186903312	0.0186784673	0.0826449679	0.0524287838	0.0732537313	-0.0389783381	0.0019734673	-0.0802004602	-0.0646636342	-0.0079384955	-0.057771496	0.111727827	0.0419952357	0.0514620689	0.1895974947	-0.023425216	0.0082477249	-0.0629273309	-0.0427159947	-0.0039172801	-0.0111706243	-0.0836649275	0.0327675292	0.0752064584	-0.0521810011	-0.061736679	0.0	-0.018485	0.0029290999999999	0.000341695225	8.579626809999982e-06	0.0319093	-0.0299846	0.00089907623716	0.00101820342649	0.146996	-0.038709	0.001498386681	0.0216078240159999	0.00359361	0.00073023	5.332358529000002e-07	1.2914032832100002e-05	0.00152258	-0.00033168	1.100116224e-07	2.3182498564e-06	-0.00111313	2.132999999999996e-05	1.2390583968999998e-06	4.5496889999999823e-10	0.0	0.0	0.0	0.0	0.0	0.0	0.0	0.0	0.0	0.0	0.0	0.0	0.0	0.0	0.0	0.0	0.0
6269.132507343596	-9.018525456399402	81.33380140772404	39302022.394632205	6337.996902335403	-66.68897023431964	40170204.73401317	4447.418750913971	4260.065117777071	-3.717258410074464	13.818010087269334	18148154.80770097	4327.136552058841	7881.953724204479	1.388605	30.808649	0.049897	0.0310195	-0.067230405	0.0169714404	-0.0427890603	-0.027953323	0.0656937267	0.0300899178	-0.0071788176	0.0122998891	0.0934401942	-0.0246192177	-0.0200648788	0.0259725748	-0.0188888333	0.0135432517	0.0609121357	-0.0508881717	-0.045907391	-0.0077182186	0.0816385077	-0.0224962665	-0.0797080638	0.0169436473	-0.0195328382	-0.0745800931	-0.0545094394	0.0941320127	-0.0189048906	0.1023159967	-0.0722691545	-0.0009424973	0.0309326908	0.063988903	0.0253173446	-0.029514337	-0.0780854325	-0.0041176823	0.0312573093	-0.0340530431	0.0137946632	-0.0434325868	-0.0237559135	0.0002048852	-0.0160650585	0.0156243862	-0.0187382737	-0.0675146873	0.1238391949	-0.0045041077	0.0535966574	0.0263650298	0.0034844124	0.0710834841	0.0501215659	0.027455788	0.0162853882	0.1234080228	0.0881547623	-0.010927389	-0.0468972283	0.0212272928	-0.0021875572	0.0210903987	0.020955345	-0.1288413675	-0.002923501	5.97445e-05	0.0615212403	0.0331537409	-0.019728096	-0.012645358	0.0961728503	-0.0568456757	-0.0564637466	-0.0923903512	0.003261997	0.0900164724	0.0097885057	0.03367478	0.0347761145	-0.0773319184	-0.0559884608	-0.0516219917	0.0344400967	0.0256327041	-0.0364518539	0.0126902743	-0.0634112604	-0.01427009	-0.027350256	-0.0493864521	0.1280314439	-0.0727196954	0.0258575719	0.038714299	-0.044146694	-0.04869449	0.0163366608	-0.0125082888	0.1014955424	-0.077149126	0.0216147579	-0.0876322738	0.0499587856	-0.0177875917	-0.0672933488	0.0317355071	0.0533753338	-0.0002259744	0.0394796627	0.0268458094	-0.0637358622	0.0273153003	-0.0402183254	-0.1100263956	0.0597531903	-0.0860477257	0.0351563229	-0.0143439572	-0.0875233938	-0.0253418243	-0.1511394138	-0.0312009518	-0.039264286	-0.0206346867	0.0177939409	0.0177277263	-0.0352665837	-0.022979564	-0.0316550125	-0.0306825276	0.0178288695	-0.0320775911	-0.003706696	-0.0240062005	0.0668959349	0.0261674193	-0.0689120764	0.0120066027	-0.0219384727	0.0483798116	-0.0547333059	0.1021432114	-0.0212179581	-0.0494968454	-0.0376382549	-0.0241372328	0.0146975195	0.0275691012	-0.0324874079	0.017376671	-0.0975531184	-0.0967644138	0.0604436916	-0.0576572026	0.0066935715	-0.0386182001	0.0404347938	-0.0383333742	-0.0302286451	0.039895516	-0.0207064017	0.1280695977	0.072469052	0.0001897818	0.1002055803	0.0289875828	-0.0481271992	-0.0212675002	0.019034827	-0.0242156631	0.0165551021	-0.0499314439	0.0284349594	0.0310181991	0.128814398	-0.0259952172	-0.0343691041	-0.0787415206	0.0541502818	0.006748632	-0.0378327641	0.0632929844	0.0555729834	-0.0148853088	-0.0384186745	-0.0031846711	0.0357892788	-0.0140386757	-0.0524748726	0.0244204218	-0.0586783303	0.0681896173	0.0129873696	-0.0618975343	0.0780228789	0.0005880571	-0.0264787451	0.0477778468	-0.0640879552	-0.0051603975	-0.1141529507	-0.0602332972	-0.0168444391	0.1045994485	0.1190975763	-0.0121796622	-0.0831204621	0.035574165	0.0731080069	-0.0561506324	-0.0573042433	0.0	-0.0185566	-7.159999999999805e-05	0.00034434740356	5.126559999999721e-09	0.0319029	-6.400000000003625e-06	4.096000000004639e-11	0.0010177950284099	0.16936	0.022364	0.000500148496	0.0286828096	0.00346175	-0.00013186	1.7387059600000038e-08	1.19837130625e-05	0.00192815	0.00040557	1.6448702490000005e-07	3.7177624225e-06	-0.00110146	1.1669999999999866e-05	1.2132141316000002e-06	1.3618889999999688e-10	0.0	0.0	0.0	0.0	0.0	0.0	0.0	0.0	0.0	0.0	0.0	0.0	0.0	0.0	0.0	0.0	0.0
6275.573313890614	6.440806547017928	41.483988976109	39382820.41801602	6371.513036831152	33.5161344957487	40596178.37850933	1123.331271537116	4256.619480705502	-3.4456370715688536	11.872414828969584	18118809.40352157	4316.999217238936	7691.07303299637	1.37589	30.52655	0.0741725	0.05585	0.0382192977	-0.0394768783	0.0706738217	0.0373518858	-0.0803300061	-0.0933266565	0.0510809959	0.0075487911	-0.0091370946	0.0052046146	-0.0661827866	-0.0407191431	0.0568288016	0.0074945466	-0.1564513025	0.0401714593	0.0116825556	-0.0508700492	-0.0731122357	0.0816633811	-0.0115917292	0.0353601854	-0.0668381163	0.087841818	0.1009837662	-0.0578747842	-0.0507039092	-0.0278465832	-0.0281656696	0.01827371	0.0338604617	0.0675925744	0.0772527024	-0.0443783066	-0.0256935143	-0.0098485718	-0.0227057609	0.0579870312	0.0605770947	0.0810586888	0.0449251198	-0.0641610696	-0.1359201738	-0.0548532989	-0.0840930555	0.0662885589	0.0315440537	-0.1503853203	-0.0880743598	-0.1025262256	0.0257082305	-0.0857995197	-0.0555178878	-0.0267463549	0.0577467789	0.0133963992	0.0023696503	-0.0484974088	0.0378506812	-0.0566177683	-0.0485553155	0.0260207417	0.0465998964	-0.1535004829	0.0551451521	0.0269157681	0.0375656903	-0.0518305399	-0.0002337827	0.1145195869	0.1497055663	0.0332537774	0.0080172487	-0.0739803019	0.0361787838	-0.0161464826	-0.0652050875	0.0269471669	0.0415978318	-0.0942151355	-0.1082903943	-0.005367062	-0.0198141902	-0.0918866653	-0.0359590946	0.0073958247	-0.0173057366	-0.0770839597	0.0234358397	-0.0710235901	0.0427891674	0.0625381161	0.0025075495	0.0659730969	-0.0146205945	-0.0130300556	0.1093118313	0.1243255331	-0.0135319648	-0.053191118	-0.0038357555	0.0715993087	-0.0379602061	0.0410491857	0.070698356	-0.0216574683	0.0791649348	-0.0072736231	0.0676914977	0.0431743606	0.1219149458	-0.1117402185	-0.0377816779	0.0247081578	-0.0366743942	0.04626947	-0.0453092555	-0.0698923891	-0.0740474649	0.0784340139	-0.0270211894	0.0017659947	-0.0081381997	0.1325959719	-0.0066442158	0.0540589266	0.0057395053	-0.0552118171	-0.0216432789	-0.0527750071	0.1183237667	0.1358281622	-0.0246149951	-0.0316584568	-0.1409232992	0.0280576799	0.001600259	0.0248728489	0.1511825167	0.094171127	0.0180952772	-0.0410986645	0.0069999736	-0.0674993308	-0.0384710953	0.0167834288	-0.0463282988	-0.1036161136	0.0925240004	0.0200818789	0.047530164	-0.1004189133	0.0981075414	-0.0873403172	-0.0313052156	0.0970086849	0.0066184725	-0.0016036399	0.0395747279	0.0016141372	-0.0319038706	-0.0119990272	-0.0173631973	-0.0828657461	0.0826395553	0.015584975	-0.0463085049	0.0279948451	0.0491014025	-0.1055823222	-0.1044067065	0.0553219583	0.0969921349	-0.0344678402	0.0366602433	-0.0606163949	-0.0135463657	-0.0094857858	-0.0159312613	-0.0209195647	-0.0836950302	-0.0414971724	-0.0646998598	0.0743502919	-0.0456019469	0.0235981552	-0.0302906446	-0.0453969067	0.0516229114	-0.0550827725	-0.0595162373	-0.007547673	-0.0311049182	0.0035671714	-0.0984990742	-0.0449890016	0.1389377351	0.1161782064	0.05876534	-0.0130687003	-0.034865069	0.0014023147	0.0465972911	0.0292791832	-0.0566671167	-0.0131870138	-0.0825299684	0.0383364799	0.0708476423	-0.0599259753	-0.0525863208	0.0	-0.0185705	-1.3900000000000716e-05	0.00034486347025	1.9321000000001995e-10	0.083081	0.0511781	0.00261919791961	0.006902452561	0.164444	-0.004916	2.416705600000004e-05	0.027041829136	0.00310904	-0.00035271	1.244043441e-07	9.6661297216e-06	0.00192815	0.0	0.0	3.7177624225e-06	-0.00109288	8.580000000000003e-06	1.1943866944e-06	7.361640000000004e-11	0.0	0.0	0.0	0.0	0.0	0.0	0.0	0.0	0.0	0.0	0.0	0.0	0.0	0.0	0.0	0.0	0.0
6286.115307412457	10.541993521842414	111.13362741456744	39515245.658085205	6352.7010936248	-18.811943206352225	40356811.18494173	353.88920719902166	4258.290809775662	1.6713290701600272	2.793340860761981	18133040.62061986	4320.686237372241	7848.07290562168	1.237187	27.44919	0.25332285	0.130601	-0.0489940926	-0.0076284953	0.0295177772	0.0203783699	0.0272168887	0.0898180822	0.0544367996	-0.0541280705	-0.0605195374	-0.0537971219	-0.0225177451	0.0995981061	0.0455955876	-0.0325363742	0.0324737481	-0.0649282563	-0.0449122845	0.0034031371	-0.0525054978	-0.0181745715	0.089275717	-0.0581023279	0.0184112947	0.0266225738	-0.0957374766	0.014717852	0.1021427222	-0.0102959423	0.0636699253	0.1574560694	0.0931994229	-0.0245709437	0.0901803975	0.0826897247	0.0070169012	0.032163462	-0.0433924219	0.0188049144	-0.0765035218	0.0028741909	-0.1086508224	-0.0148302608	0.0539488118	0.0057841288	-0.0030902612	-0.0142538668	-0.0132057747	0.0248650616	-0.1074422288	0.0464966091	0.0118087724	0.0252523407	0.0315464334	0.0268625538	-0.0739150002	0.0432927236	0.0175867454	-0.0042328501	0.0725749776	0.0169812916	0.1032019574	-0.0017267154	0.0410499398	-0.0509635177	0.0162122385	-0.1752917761	0.1121892966	-0.0651805974	-0.0358482765	0.1726542896	-0.0148593729	0.0002916186	-0.0172560041	-0.057933286	0.0281700208	-0.0430728602	0.0701652901	0.029708996	0.0437200018	-0.1104553726	-0.1475887074	0.0655668797	0.0826004511	0.0822780043	-0.0697444094	0.0183023497	-0.0306582101	0.0790465477	-0.0187890197	-0.0442392781	0.0510580511	0.021584939	-0.0142846144	-0.0101053786	-0.0770534874	-0.0021556658	0.0328363874	0.0574846942	-0.0774046688	-0.0135625433	-0.0066925262	-0.0612109111	-0.0499741012	0.0409923801	0.0340217193	-0.0435116185	-0.0909889531	-0.0466574584	-0.0247747308	-0.0198915739	0.0380771307	0.1659435808	0.0284526441	0.1092251347	0.0338983929	-0.095401342	0.0194259623	0.0489663666	-0.0379553875	0.0721191357	0.0021609878	0.0571164154	0.0528157793	0.0252576255	0.0478822998	-0.0661236928	-0.0673359046	-0.0441766478	-0.0963739907	0.1047862226	-0.0357911019	-0.0523524744	0.0987589622	0.0224480925	0.0668008223	-0.05860527	0.0682187371	0.0908655641	0.079483091	0.1315183484	-0.0030504835	-0.0317762205	-0.014435212	-0.0018190078	-0.0155060851	0.0113959499	0.0003505148	0.0869689697	-0.0173830632	0.0578509094	-0.0053783176	-0.0980357024	0.0680141583	-0.0096175428	-0.0866104787	0.0755206671	0.0321823098	-0.0670441097	-0.0332090458	-0.0367851664	0.0246420964	0.0381557594	-0.1090490719	-0.0189401922	0.0982243319	-0.0797026586	0.0399859415	-0.0668385704	0.0736418481	-0.1288835464	-0.0431346915	-0.0202790295	0.0199919975	0.0638499789	0.0825089358	-0.0255976236	0.0864567333	-0.085221473	-0.0484612329	0.0806123819	-0.0044868618	0.0606579519	-0.0767370787	-0.0629851605	0.0034344457	-0.0407800054	-0.0117423825	0.0632518333	0.0312613022	0.0332035329	-0.0588249715	0.0478503823	-0.0306850193	0.1030105157	0.1068774672	0.1817737641	0.0635394212	0.0856355014	0.0425955309	0.0278198344	-0.0135401312	-0.0741560806	0.0015976822	-0.0208218349	-0.0188342053	-0.0141925398	-0.0818937733	0.0410510323	0.0684303707	-0.0634939669	-0.0476064159	0.0	-0.0316117	-0.0130412	0.00099929957689	0.0001700728974399	0.0377419	-0.0453391	0.00205563398881	0.00142445101561	0.0672042	-0.0972398	0.00945557870404	0.00451640449764	0.00388521	0.00077617	6.024398689000001e-07	1.50948567441e-05	0.0008217549999999	-0.0011063950000001	1.2241098960252212e-06	6.752812800248356e-07	-0.00102139	7.149000000000001e-05	1.0432375321e-06	5.110820100000001e-09	0.0	0.0	0.0	0.0	0.0	0.0	0.0	0.0	0.0	0.0	0.0	0.0	0.0	0.0	0.0	0.0	0.0
6291.900747406534	5.785439994077024	33.47131592506595	39588015.0152149	6355.070846340255	2.3697527154554336	40386925.46200385	5.615727932408402	4259.2482382159815	0.9574284403197452	0.9166692183331	18141195.554745942	4323.849085894834	8046.719433211352	1.049723	23.289961	0.16897875	0.0848845	-0.111992238	-0.0142497111	-0.0132479094	-0.0325822942	0.0122241259	0.0523531513	0.0209629501	0.0896417423	0.0442733452	0.0267203212	0.0986706524	-0.0281667663	0.0118826877	0.0614693431	0.0713796878	-0.0560916691	-0.0502395459	0.0781384138	0.0064017319	0.0062356851	-0.0123424153	0.0515256584	0.0152705434	0.0058887435	-0.1858219974	-0.0872815934	0.0170877606	0.0460826959	-0.0702248688	0.0847388243	0.0243426993	-0.0323387791	0.0621309453	-0.0333116761	0.0584182421	-0.0186687837	-0.0023215898	0.008122475	0.0332439686	0.048182571	0.0756065335	0.0085947958	-0.0566710535	-0.0886775387	0.1289573504	-0.0486553429	0.0983568437	0.0075669591	0.003712772	0.0127446493	-0.0076118294	-0.049151129	0.0163883377	0.0504731035	0.0113493858	-0.0217115766	-0.0499108933	0.0823960902	-0.0013135833	-0.1317340605	-0.0961984044	-0.0016823196	-0.0962460474	-0.0121860493	-0.0219071795	0.009963091	-0.0372553289	0.0348757185	-0.1034749851	-0.0603402028	0.0167902549	-0.0364930014	0.0044021464	0.0078795378	-0.0794630434	0.0682891165	0.029075262	-0.0760002041	-0.0312750079	-0.0141470165	-0.077663288	0.0668994835	0.0843295141	-0.0209719641	0.0488739254	-0.0030717477	-0.0286513195	-0.0186733162	-0.0299508066	-0.0538725396	0.0107531079	-0.1120867979	0.0749148346	0.1368593594	-0.0280548886	0.0733265095	-0.0523632022	-0.0075018949	-0.0294032742	-0.0202277328	0.0408347094	-0.0797470064	0.0002952983	-0.0685032097	0.0408238182	-8.11172e-05	-0.0069935683	0.0650152622	0.0214836756	-0.0371987019	-0.1313883748	0.0664000239	-0.1113910253	-0.0048462318	0.051997943	0.0258996133	-0.0208503327	0.0978960933	-0.064529587	0.0475387902	-0.0578977483	0.1102382962	0.0856357134	-0.0052536701	0.1368731602	-0.0246141767	0.0606816122	-0.0604715258	-0.0822161862	-0.1540151439	-0.0216603975	-0.086596728	-0.0198706518	-0.0569363058	-0.0568202013	0.0226125719	-0.0451748516	-0.0251189697	0.0190607537	0.0010047043	-0.0269028685	0.0809143426	0.0574179869	-0.0750705634	0.1444634026	0.0355073448	0.0147541781	-0.0183291097	-0.0096542049	0.0416301284	0.1229311823	-0.078674977	0.0291711602	-0.042472479	0.0633219012	-0.0031311507	0.0583706256	-0.0091169749	0.0262355892	-0.0147057352	0.0394350985	0.0396244583	0.0253035296	0.0380704771	-0.0519793533	-0.0226588189	-0.0450207223	-0.0657173977	0.0178114946	-0.0349604954	0.0205531404	0.0191540093	0.0422295705	-0.1042118369	0.0276346849	0.1150815367	-0.0723577684	0.0005040885	-0.0090548266	0.0412922595	0.0476936908	0.0928565302	0.0296167624	0.0195983969	0.0068206661	0.0305556503	-0.0280455037	-0.0337795661	0.0052125859	0.0485507835	0.0234498811	0.0749054768	0.0187171888	-0.0004988553	0.1751041127	0.0723844911	0.0448940859	0.028047544	-0.1590524227	-0.0480458136	-0.0575790027	-0.0447130747	0.0553917071	-0.1031661167	0.035562976	-0.015196101	-0.0812122292	0.0437144402	0.0658615456	-0.0668422612	-0.0423893383	0.0	-0.0186331	0.0129786	0.00034719241561	0.00016844405796	0.0631035	0.0253616	0.00064321075456	0.00398205171225	0.123126	0.0559217999999999	0.0031272477152399	0.015160011876	0.00314682	-0.00073839	5.452197921000004e-07	9.9024761124e-06	0.00156466	0.0007429050000001	5.519078390251486e-07	2.4481609156000004e-06	-0.00103443	-1.303999999999997e-05	1.0700454249e-06	1.7004159999999918e-10	0.0	0.0	0.0	0.0	0.0	0.0	0.0	0.0	0.0	0.0	0.0	0.0	0.0	0.0	0.0	0.0	0.0
6284.226531047782	-7.674216358751437	58.893596720928166	39491503.09352484	6369.079455601184	14.008609260929006	40565173.11176108	196.24113342538595	4260.8364505262725	1.5882123102910557	2.522418342560052	18154727.25813333	4319.263352225591	7824.271810336704	1.239599	27.502697	0.1147107999999999	0.0605347	-0.0088104598	-0.0490319443	0.0904819062	0.0398239742	-0.063529358	-0.0656894747	0.0600788174	0.0186031392	-0.0648068358	0.0539250883	-0.0436256855	-0.0351708708	0.0396987484	0.0611807769	-0.10668455	0.0244875846	0.0408867728	0.0167083733	-0.0773509826	0.0241635117	0.028757167	0.0770568447	-0.0696265005	0.1112908749	0.007022276	-0.0732662842	-0.0103951097	-0.0480245317	0.0038862244	-0.1749477411	0.0118444746	0.1006929781	0.024233512	-0.0675310023	-0.0421021124	0.1418229736	-0.0429455001	-0.049093131	-0.0846036968	0.0576967022	0.0046504674	-0.0017180084	-0.0486553429	-0.0034016226	-0.0466584012	-0.0119966403	0.0102281354	-0.0853470668	-0.0191619938	-0.0400562969	0.0765549456	-0.0426652932	-0.0185498356	0.0406841756	-0.1477048331	-0.1284323076	0.0375899358	0.0167185439	-0.0431308864	0.0083906479	0.0363206221	-0.0538979717	-0.0158658723	-0.0660424278	0.0352396177	0.0700016693	-0.0681336813	0.0444801773	0.0502790801	0.0543048696	-0.0849548431	0.0250555241	-0.0213110054	0.0101384436	0.0746871132	0.0372296615	0.0579601054	0.0007976627	0.0368223654	-0.1047604866	-0.1271135409	-0.080159635	-0.0827477626	0.0018283799	0.0002779948	0.0302022518	-0.0091907883	0.0847600044	-0.0046565734	-0.0439727489	-0.0316788536	0.0063150904	-0.069168097	0.0676532109	0.118488229	-0.0698647644	-0.006026257	0.0216718416	0.032474954	0.0558213987	0.0205049548	0.0615707844	-0.0600833544	0.0105665712	0.0877713957	-0.0015566719	-0.0366543346	0.0314314883	0.0772758675	-0.022418417	0.0374145898	-0.1030770356	-0.039519191	-0.0176497279	-0.0125203597	0.1525301827	-0.0174342794	-0.0548570657	-0.0932791005	0.0379309415	-0.042573104	-0.0184882958	-0.1435853478	0.1160031395	0.0208564786	0.0507707299	-0.0445299173	-0.098322747	-0.001806197	-0.0259070432	-0.049409144	-0.0014889951	0.0390416632	0.000522401	-0.0561612309	0.0313689851	-0.011176833	-0.0233609772	-0.0285485473	0.0220529117	0.0582323846	-0.1474071485	-0.0799512933	-0.0811746964	-0.0391924414	-0.0749234832	0.0344922284	0.0613544753	0.0041323575	0.0018264173	0.0438995441	0.1106149449	-0.0316164871	-0.0012530413	0.0107223252	0.0526588963	-0.0781631198	-0.0620825234	-0.111426992	-0.1771052208	0.0558477148	0.0867980304	0.0254358772	-0.0379602882	0.0398902536	-0.0053430656	0.0183557945	0.0775267269	-0.0104414923	-0.024497131	-0.1011771568	0.0794686715	-0.042378935	0.1098927508	0.0094981718	0.0311860209	-0.0003565254	-0.0008343952	0.0386259924	0.0084643074	-0.0472292338	-0.0098572433	-0.0422792399	0.0974097669	-0.0248971581	0.0574917196	0.0192541056	0.0053402852	0.058176125	-0.0685258726	-0.0471111122	0.0175491238	0.000148522	-0.0024071641	-0.0528842204	0.0156942279	0.0918426389	0.0700137587	-0.0112156353	-0.1162745765	-0.060931508	0.0009871439	0.0772939112	0.0333985111	0.0049940597	-0.0161975583	-0.0804857135	0.0463233854	0.0631468562	-0.0699592729	-0.036961079	0.0	-0.0187383	-0.0001051999999999	0.00035112388689	1.1067039999999946e-08	0.0878671	0.0247635999999999	0.0006132358849599	0.00772062726241	0.163819	0.0406929999999999	0.0016559202489999	0.026836664761	0.00264782	-0.0004989999999999	2.490009999999999e-07	7.0109507524e-06	0.00202515	0.0004604899999999	2.1205104009999985e-07	4.101232522499999e-06	-0.00105792	-2.348999999999993e-05	1.1191947263999998e-06	5.517800999999964e-10	0.0	0.0	0.0	0.0	0.0	0.0	0.0	0.0	0.0	0.0	0.0	0.0	0.0	0.0	0.0	0.0	0.0
6297.783267090914	13.556736043131425	183.78509214313863	39662074.07925031	6371.918198110032	2.838742508847645	40601341.5234058	8.05845903153862	4265.014926020464	4.178475494191844	17.45965745556177	18190352.31917735	4324.805160537276	7841.084409300718	0.980506	21.754257	0.21428637	0.117294	-0.027566898	-0.0385646721	0.0803617833	0.0214148647	-0.0338189537	0.0808520324	-0.0114310044	-0.0335747934	-0.0875585581	0.0198969494	-0.0252615355	0.0370340587	0.0128822935	0.0076728247	-0.078638686	-0.0489902805	0.0421408896	0.0009095957	-0.0266397963	-0.0488160019	0.1030454257	-0.0701425179	-0.0849775777	0.089742155	-0.0075961336	0.0100467928	0.0006070952	-0.0670271796	0.0751463223	0.0485544194	-0.0056209894	0.0015213522	-0.0964335498	0.0779216717	-0.1504333948	-0.1063014912	-0.0663682238	0.0267290406	-0.0612306787	-0.0097705203	0.060813988	0.147624976	-0.0270738121	-0.023708435	-0.0552905921	-0.0058973247	0.0320705084	-0.03068648	-0.0722377675	-0.059341005	0.0696077966	-0.1643364019	0.072698832	0.0092362101	-0.0006808644	-0.0624415949	-0.0233932135	0.0120216895	-0.0090740523	-0.0788070382	0.001820206	0.0356228058	-0.0294773068	-0.0024321497	0.0192781025	0.0817745343	-0.0308198038	-0.0145301738	-0.0660533562	-0.0645474835	-0.0516449981	0.0177762498	-0.1366776039	-0.0292223748	0.0170088382	0.0849208586	-0.0349322838	0.0523163771	-0.0227088311	0.1085737532	0.0776707437	-0.1039966938	0.0966804938	0.017753686	-0.0840937782	0.0497790164	0.0576630835	0.0008343834	0.0027877843	-0.0077833884	0.0530362507	0.0772521668	-0.1113933976	0.1469191362	0.0433235692	0.0809973163	0.0213546378	-0.008830704	0.1288295333	0.0391491683	-0.0012560572	-0.001249546	-0.0818043412	0.0076204081	-0.0146672837	-0.0274296243	-0.1306360769	-0.047317005	0.0181331044	0.0004645178	0.0508848679	-0.0068904134	0.0542920408	0.0868460843	-0.0922323028	0.0724373395	-0.0243763634	0.0600567787	0.0087156198	-0.0198819395	-0.1043258497	-0.0929207805	0.1342517025	-0.0796517054	0.0909004336	0.042211719	-0.1071172354	-0.0734614324	0.0472386665	0.0020791077	-0.0670998254	0.1406063422	0.025050609	-0.033310328	-0.0560973403	-0.0366660671	0.0328217705	-0.0503690773	0.0085907994	0.0453138544	0.0075283956	0.0070325087	0.023127665	-0.0917340466	0.0890189856	0.0355435908	0.0043323955	-0.0766263396	0.0057916729	-0.0319272932	0.0949187154	0.0888547807	-0.0050193597	0.0151383349	-0.0331783297	0.0818961526	-0.0208478824	0.0423506038	-0.0123657098	-0.0016135682	-0.0378027102	0.0822611808	0.0536680231	-0.0115984712	0.0074493845	0.0757792857	-0.0280397936	0.019715904	0.0902610084	0.0223720982	0.0458623407	-0.0970402054	0.0972888197	0.0847383851	0.1307718801	-0.0433769181	-0.0645365519	-0.0088734563	-0.01304551	0.0221614136	0.0797934622	0.022269617	-0.0723753936	-0.0411414802	-0.0269746843	0.0170549759	0.076764555	0.0875218299	-0.0218473663	0.0042734218	0.0016830416	-0.0559509241	-0.0101823485	0.0175422786	0.0100858861	0.049778306	0.0352744646	0.0571302875	-0.060571732	-0.0542186778	0.0018913583	-0.0719603772	-0.0636374899	-0.0147796009	0.0415378619	-0.0171967732	-0.0797146284	0.0488746174	0.0602923148	-0.0728342167	-0.0313486816	0.0	-0.0155114	0.0032268999999999	0.00024060352996	1.0412883609999998e-05	0.00486363	-0.08300347	0.0068895760320409	2.36548967769e-05	0.108983	-0.0548359999999999	0.0030069868959999	0.011877294289	0.00357665	0.0009288299999999	8.627251688999998e-07	1.2792425222499998e-05	0.0015287	-0.0004964499999999	2.4646260249999986e-07	2.33692369e-06	-0.0010188	3.911999999999991e-05	1.03795344e-06	1.5303743999999927e-09	0.0	0.0	0.0	0.0	0.0	0.0	0.0	0.0	0.0	0.0	0.0	0.0	0.0	0.0	0.0	0.0	0.0
6306.085045739746	8.301778648832624	68.91952873421323	39766708.60410246	6360.251605520221	-11.666592589810534	40452800.48552255	136.10938265662207	4266.823540089861	1.8086140693967536	3.271084852019885	18205783.122264974	4328.693479949063	8100.902496755558	1.096771	24.333801	0.1674055699999999	0.0881411	-0.0766064853	-0.0953345347	-0.0284495748	-0.0228671746	-0.0299100529	0.0376479557	-0.0642705156	0.029013389	0.0505412483	0.0562185277	0.0285538323	-0.0689087692	-0.0054172405	0.0120594723	-0.0634822657	-0.0396673387	0.0466192206	0.097301225	0.0454465316	-0.0537800644	-0.0623214501	0.0382811702	-0.1124856002	-0.0003980026	0.0816809241	0.0422485234	-0.0104811023	-0.0017543597	0.0741161854	-0.0368622975	-0.0906076059	0.0004009257	-0.0401354632	0.0264721598	0.0300718403	0.021036012	-0.0292589162	-0.1221250335	-0.0023220049	0.1064825465	0.0818143531	0.032188247	-0.0672919154	0.0254141518	-0.0056235999	-0.0009300501	0.0105815921	0.0682377114	-0.010983264	-0.0905939461	0.0262140701	-0.0009060663	-0.034986767	0.0400617389	0.0097019377	-0.0013607492	-0.02140238	-0.0250546563	-0.0095197184	-0.0262985096	0.0581169813	0.0571020778	-0.0100234944	0.0240646809	-0.0307508061	-0.0534092129	-0.0619620122	0.0515631718	0.0167290476	0.0470141918	-0.080165208	-0.0489047158	-0.0450679199	-0.0165363887	0.1228348843	0.0368358012	0.0155087573	-0.0789797541	0.020077301	0.0630609743	-0.0595146249	0.0376031186	0.117139746	0.0963134527	-6.78667e-05	-0.0138642885	0.0034910927	-0.085983712	0.0036605429	0.0538839422	-0.0493150201	0.0371874701	0.0402501082	-0.012902191	-0.0042626968	0.0348921795	-0.0514335425	0.0242614561	-0.0011845209	-0.1701813351	-0.0422014364	-0.0117688043	-0.0353351743	-0.1052340604	-0.0427246475	0.0667264715	-0.0264890761	0.029538406	0.1053915247	0.0860685363	0.0475473512	-0.0706750059	0.0330160859	-0.0093425098	-0.041302544	0.047675135	0.0238931849	0.0013773723	-0.0363486997	0.0050606583	0.0256581112	0.009004112	0.0450682241	-0.0564507812	0.0009455926	-0.0400973365	-0.0038925737	0.0264317295	0.037513774	-0.1413623071	-0.113512762	0.0176539844	0.0285473307	0.0697492322	-0.0121848529	0.0874723249	0.0147089683	0.0203388554	-0.0609488736	0.0501348789	-0.0492265014	0.040414652	-0.0218315032	-0.0241857087	0.0238555724	-0.0423445667	-0.0808045541	-0.0420305793	0.0442597274	0.0665748723	-0.0023109122	0.0219080079	-0.0254622537	0.0783847978	-0.0323848923	-0.057905199	-0.0038515567	-0.0022832721	-0.0613336892	0.0149369205	0.138196547	0.0047712014	0.0214398067	0.0131935228	0.0714592725	0.0166291275	0.033277843	-0.0180902934	-0.0168451756	0.0845235531	-0.0491792831	-0.0569800566	0.0317037724	0.0562221974	0.0271926706	-0.0163950919	-0.108329852	-0.0534389056	0.0438531777	0.0177213255	0.0057547883	0.0339283595	0.0415619258	0.0144295581	-0.0896229359	0.1153936119	-0.0012322697	-0.0189225309	-0.0695011935	0.0040503457	-0.0019741258	-0.0183457118	-0.0270581677	0.0101292627	0.0267476605	-0.0019811135	0.0610444157	0.0479829268	-0.1364478651	0.0173221991	-0.0297624083	-0.0191739819	-0.0578826097	0.0350241248	0.0287885635	-0.0181936073	-0.0788994011	0.0513649577	0.0573042433	-0.0754571448	-0.0255801066	0.0	-0.0116557	0.0038557	0.00013585534249	1.486642249e-05	0.065187	0.0603233699999999	0.0036389089681568	0.0042493449689999	0.160542	0.0515589999999999	0.0026583304809999	0.0257737337639999	0.00309968	-0.0004769699999999	2.2750038089999974e-07	9.6080161024e-06	0.00195326	0.00042456	1.8025119360000005e-07	3.8152246276e-06	-0.00115062	-0.0001318199999999	1.3239263844e-06	1.7376512399999984e-08	0.0	0.0	0.0	0.0	0.0	0.0	0.0	0.0	0.0	0.0	0.0	0.0	0.0	0.0	0.0	0.0	0.0
6291.143920055351	-14.941125684395049	223.23723671688936	39578491.822849415	6388.017497440349	27.76589192012761	40806767.54760406	770.944754120208	4267.985167995227	1.1616279053660037	1.349379390525009	18215697.394227248	4327.817800918135	7937.99820427999	1.31093	29.085295	0.15570945	0.0845506	-0.004250443	-0.1298887326	0.1074899145	0.0846802813	-0.1019136276	-0.018768909	0.0418019816	-0.0269998215	0.0011082638	-0.0628383513	-0.0033495283	-0.0658823701	-0.0243582121	0.0500810247	-0.0802572658	-0.0519982925	0.1084766506	-0.0705888221	-0.0608409707	0.0604786311	0.0183900497	-0.0257060837	-0.0480815631	-0.0528697327	0.1527074738	-0.0013315324	-0.0344845272	-0.0195552568	-0.0753033706	-0.0511832319	-0.0296268878	-0.0260676123	0.0533664446	-0.0275055466	0.0653640479	0.0719190548	-0.0277954944	-0.0560302877	-0.078073078	0.1212550024	-0.0847418646	-0.0222653558	0.0715830416	-0.056957329	-0.0524418791	0.042082491	-0.0092035169	-0.0061547022	-0.1428630663	-0.0696080249	0.0538550625	0.0212221743	-0.0503909147	-0.0781157328	0.0537241414	0.1165272142	-0.0462052519	0.0447501319	-0.0133821945	-0.0299843943	0.0880666813	-0.0075142096	-0.0982550149	0.0577359565	0.0093703815	0.0698948086	-0.0287966012	0.1049559933	0.0252513244	-0.0557451523	0.002428964	0.0071520079	2.53932e-05	-0.0217756261	-0.1136372535	-0.0758718428	0.0517018944	0.0673092799	0.0639410797	0.0472153697	0.0175770366	0.0262675294	0.0162198274	-0.0492253987	0.0553652123	0.1219143902	0.0452937295	-0.0020746126	-0.0225364703	-0.0374103849	0.0243328635	0.0641595442	-0.073066037	-0.0441773228	0.0063246337	-0.0152368892	0.1198908509	-0.0378894035	-0.0119547388	0.0661588884	-0.0584717337	0.0467731172	-0.1414340317	0.0558356415	-0.0063467248	-0.0103926173	0.0608387813	-0.0144408822	-0.0072271332	0.1035697474	0.0782579463	-0.0713965915	0.0187971847	-0.0281442645	-0.0646896432	-0.0084053295	-0.0179522962	-0.0002682212	-0.0152380646	0.0817140327	0.1225795527	-0.004660039	-0.0909206464	0.0791148812	-0.0335289927	-0.0964066606	-0.0250699077	0.0225529227	0.0526519272	0.0523321928	-0.0890099277	0.073722189	0.0105122189	0.0004661728	-0.0093690472	0.0030277806	-0.0200302056	0.0908663151	-0.0572736609	0.0996779383	-0.0065365028	0.0794433685	-0.1347133836	0.0300925821	-0.0135564315	0.0181671045	0.0017130203	-0.1420029109	-0.085689347	0.0721133689	0.0227818777	0.0601199525	-0.0112758555	0.0480658164	0.0359040891	0.0258294373	0.0922283924	0.054719661	0.0375776836	-0.0862695639	-0.028343517	-0.0357916394	0.0047306998	0.048597264	-0.1386571915	-0.0014037661	-0.0141727595	0.0454733254	-0.0073103105	-0.0135551437	0.0595506286	0.0107517281	0.0676106553	-0.0786097828	0.0272498921	0.0093547008	0.0118210581	-0.004567661	-0.0056399825	-0.0486044831	-0.0925403489	-0.0266888923	-0.1201711766	-0.011729961	-0.0536698909	0.096039861	0.0378603776	-0.0316283414	0.0893113887	0.0103243426	0.0298733745	-0.0167713429	-0.0694988046	-0.0226045822	-0.1245821612	-0.0280452835	0.0648636314	0.0061841462	-0.007136466	-0.0279510629	-0.0611569748	0.0402684752	-0.0743124007	-0.0019796366	-0.0186352027	-0.0191879226	-0.0780404828	0.0537913037	0.0541892595	-0.0778189817	-0.0196840927	0.0	-0.0103748	0.0012808999999999	0.00010763647504	1.6407048099999993e-06	0.0326612	-0.0325257999999999	0.0010579276656399	0.00106675398544	0.0945903	-0.0659516999999999	0.0043496267328899	0.00894732485409	0.00371321	0.00061353	3.764190609000002e-07	1.3787928504100002e-05	0.00161095	-0.0003423099999999	1.1717613609999999e-07	2.5951599025000003e-06	-0.000987439	0.000163181	9.750357787209997e-07	2.6628038761000033e-08	0.0	0.0	0.0	0.0	0.0	0.0	0.0	0.0	0.0	0.0	0.0	0.0	0.0	0.0	0.0	0.0	0.0
6289.36300478291	-1.7809152724412345	3.171659207614436	39556087.00593192	6369.011195951717	-19.006301488631838	40564303.614158325	361.2394962767687	4271.309386783711	3.3242187884834493	11.050430553706372	18244083.87762664	4339.74212159092	8126.361281211649	1.680394	37.282509	0.07987284	0.0454271	-0.1317869272	-0.0172046644	-0.0681451251	0.0385304014	0.0590423671	0.095497869	0.0168012489	-0.0370819235	0.0795149938	0.0559700602	0.0634984639	0.068653554	-0.0841881933	0.10076368	0.0778397167	-0.1396463903	0.0028686201	-0.0371748518	0.0063042389	-0.1029793269	-0.0565433974	-0.0533966432	0.0584169531	-0.156919859	-0.0774729298	0.0854601629	0.1122208068	0.0699769625	-0.1009190536	0.0834009598	-0.0699208495	0.1069644644	0.0065991087	-0.0432540649	0.0413897571	-0.0696773551	-0.0189159807	0.0254656153	0.0317552269	0.0781136314	0.0024900673	0.0779537895	0.0530348846	-0.0519027465	0.0342912633	0.0906556737	-0.0106379494	0.0793213901	-0.0168704296	-0.0458484243	-0.0475350238	-0.14582205	0.0129647625	0.0253687468	-0.0357116444	-0.0538430216	0.0082310203	-0.0367978838	-0.0273761453	0.0007254049	0.0695846032	0.1615181776	-0.0138883959	-0.0563355663	-0.0110958354	0.068642931	0.0605073052	-0.0649825271	0.1132337789	0.0021513626	-0.0315201558	0.0675586736	0.0618769139	0.0371073398	0.0310912058	0.1595566284	0.0372046829	0.0857575325	-0.0180795526	0.0769893059	-0.0487720763	0.0105888907	-0.0237587993	-0.05836486	0.0144166939	-0.0628533422	0.0206470874	0.0070131391	-0.0080928871	-0.120536102	0.0413657975	0.1631545489	0.0385108015	0.0222340106	-0.021694356	0.0457510181	-0.0829038145	-0.0274578348	-0.0375746499	0.0032795715	0.0629429846	-0.1238127306	-0.0267684803	0.0424772394	-0.084111471	0.1348704874	0.0016490877	-9.38438e-05	-0.0593331473	0.0808798372	-0.1418895476	0.0326649775	0.1235669992	-0.1046556922	0.0965469808	-0.0894292934	0.0220287398	-0.077151568	-0.0725331151	0.1260425868	0.0340284737	-0.0278848758	0.127092261	-0.0011149965	0.027037954	-0.080893514	0.0483775105	0.0474450771	-0.066150377	0.0091606102	-0.0863467952	0.0632845662	0.0297480202	-0.0343471875	-0.0872598479	0.0309323041	-0.0405722706	-0.0501034814	0.0589712019	0.066999269	0.0123117283	-0.036684638	-0.0225736557	-0.0710293812	-0.0718058798	0.1368588423	0.0914943593	0.0201362952	0.0761435251	-0.1188409008	0.0533411185	0.0219149152	-0.0564345089	0.06482334	0.0486230292	0.0497944573	-0.1132568388	0.002038478	0.0523887164	0.0076246817	-0.0356126575	-0.0678169546	-0.0366632959	0.0290399083	0.0902816226	-0.0703325505	-0.0191966232	0.0221401717	0.0456915501	0.0350926671	0.02954597	-0.0052045671	-0.0517852273	8.23952e-05	0.0739434091	0.0059791846	-0.0940926949	-0.0298210167	-0.0419950717	0.0640969403	0.0063627718	0.1061884674	0.0848346644	-0.025392481	-0.0797308713	0.0665847036	0.1537067498	0.0783486957	0.0243916155	-0.0238927038	0.0289130725	0.0545233923	0.0634190987	0.0183665101	0.1453582497	0.0410283635	-0.0337927142	-0.0701739976	0.0236327039	0.0285227293	-0.0268521138	-0.0779306118	-0.0733261095	0.0588432272	0.0251449515	-0.0201795815	-0.0771383493	0.0561506324	0.0509542622	-0.0799115551	-0.0136900138	0.0	-0.00286946	0.00750534	8.2338006916e-06	5.63301285156e-05	0.0302157	-0.0024454999999999	5.980470249999999e-06	0.00091298852649	0.133306	0.0387157	0.00149890542649	0.017770489636	0.00337432	-0.00033889	1.1484643210000009e-07	1.13860354624e-05	0.00179888	0.00018793	3.53176849e-08	3.2359692544000004e-06	-0.000890133	9.730599999999993e-05	7.92336757689e-07	9.468457635999985e-09	0.0	0.0	0.0	0.0	0.0	0.0	0.0	0.0	0.0	1.0	0.0	0.0	0.0	0.0	0.0	0.0	0.0
6283.053370730887	-6.309634052023284	39.81148187045177	39476759.65945276	6370.73759699547	1.7264010437529578	40586297.52977162	2.980460563871302	4266.276044963437	-5.033341820273563	25.334529879714783	18201111.291828867	4330.402308047396	7784.625926683709	1.650768	36.62521	0.1033280899999999	0.0631196	0.0275571501	-0.080609745	0.0751409943	0.0364618152	-0.0068460214	-0.0158405226	-0.0253084625	0.0591844382	0.0392410542	-0.0053317262	-0.1111332229	-0.0906269215	-0.0344397029	-0.0409724268	0.0689199195	-0.0175791878	0.0584561097	-0.0103868925	0.1064005726	0.0206865669	0.0489634263	0.1037271459	-0.0623825775	-0.1240271139	0.1302641119	0.0632222951	0.0793688247	-0.0376038471	-0.0271849606	-0.0276056587	0.0128008938	0.0773448017	0.0319210088	-0.0979737029	-0.0321380491	0.0058474092	0.0428989231	0.0295062951	-0.0472799319	0.0239819023	-0.0509785051	0.0457257852	-0.1333382117	0.0446746307	-0.0240519673	0.009247148	-0.1000273752	-0.0398235782	0.0671645773	0.0650553094	-0.0355755453	-0.0017573477	-0.041787607	0.0295701081	0.0058032836	-0.12353533	-0.0562765788	0.0425880242	0.0004979958	0.112393136	-0.046718337	-0.016090958	0.0144767505	-0.0290450875	-0.0583763626	-0.0104880143	-0.0041131307	-0.0081059867	0.0723857952	0.149291324	0.0112721184	-0.0616377644	-0.009577166	-0.0113151978	0.0688154268	-0.0712924657	0.0884674662	0.0483906889	-0.0153010237	0.025367928	-0.1316338015	0.0152777066	0.0394091224	0.0648266131	-0.0105597566	0.0531176883	0.0709037838	0.045411035	-0.0507454728	0.0414666785	0.1114817862	-0.067696519	0.0135987218	0.0707507479	-0.0408893135	-0.04130519	0.0003181721	-0.1193785857	0.0324453876	-0.0933295484	-0.0635519529	0.0074691029	-0.0303100884	-0.0013110119	-0.0935238121	-0.0577296197	0.0476345837	0.077547328	0.1232811676	0.103432487	0.0418843138	-0.0058203429	0.0624636398	-0.0809189024	0.0788414557	-0.0085242077	0.0262507256	-0.0750883079	-0.0045192576	-0.0440236222	0.0601338073	-0.0167633331	-0.0541953094	0.0408814383	-0.0250942965	0.021402235	-0.0624616996	-0.0268819965	-0.1448008848	0.0372061638	-0.0787062943	0.0491773819	0.0441726941	0.0039455956	-0.0164529954	-0.038897727	-0.1158929218	-0.0252072493	0.0286196348	-0.1069590818	0.0218640228	-0.0669493768	0.0249732172	-0.0397961627	-0.0280813933	-0.1881952838	0.033704525	-0.0039463759	0.029439863	0.0438812535	0.0782555221	-0.0307103306	-0.0457441531	-0.0185730326	0.0574637972	0.0075551514	0.0400255447	-0.0295984363	-0.0505100085	0.0505167443	-0.0088375986	-0.0268867449	-0.1204964726	0.0921956108	0.1310162234	-0.0740980104	-0.0359171667	-0.0375115442	-0.0880635075	-0.0127746574	-0.0814856737	-0.1659871729	-0.0062043191	0.0613056372	0.0328434521	0.0314690635	0.0067070214	-0.0594907137	-0.0175457028	-0.0118071281	-0.0031669062	-0.040939401	-0.0834184315	0.0769294227	-0.0643178982	0.0769328569	0.0456664141	-0.0801170315	-0.0977381191	-0.0463356994	-0.04911333	0.069387765	0.0184046625	-0.0145882579	-0.0969276426	-0.1380209934	0.1133502391	-0.0381059103	0.0134210166	0.0783877757	-0.049931693	-0.0170656189	0.0249222089	0.0301072156	-0.0627067818	-0.0211684467	-0.0761935001	0.0584400044	0.0476064159	-0.0817276244	-0.0076277318	0.0	-0.0120848	-0.0092153399999999	0.00014604239104	8.492249131559998e-05	0.0832515999999999	0.0530358999999999	0.0028128066888099	0.0069308289025599	0.133332	2.5999999999998247e-05	6.759999999999087e-10	0.017777422224	0.00283964	-0.00053468	2.858827024000001e-07	8.0635553296e-06	0.00188865	8.976999999999987e-05	8.058652899999977e-09	3.5669988225e-06	-0.0010867	-0.0001965669999999	1.18091689e-06	3.863858548899997e-08	0.0	0.0	0.0	0.0	0.0	0.0	0.0	0.0	0.0	0.0	1.0	0.0	0.0	0.0	0.0	0.0	0.0
6272.248846465839	-10.804524265047805	116.73774459400676	39341105.59199205	6369.124821241765	-1.6127757537051366	40565750.98855794	2.6010456317391712	4260.927423465147	-5.348621498290413	28.60775193197438	18155502.50803733	4323.83375432283	7889.844815349346	1.326994	29.44171	0.2227395	0.108332	-0.0558852319	0.0049127201	-0.0092908601	0.0028699455	-0.0478756412	0.0008402311	0.0603489163	0.0209915778	0.0625766652	-0.0815447166	0.0229625883	0.0823343598	-0.0331622233	-0.0589386415	0.0663012567	-0.0545260006	-0.0133175098	0.0277763942	-0.072055032	0.0836654612	-0.0645274262	-0.0330291138	-0.0063851383	-0.1621499999	-0.0492124805	-0.0300952048	0.1001069053	0.1096476795	0.0397749917	0.0489634703	-0.0087874276	0.0341091887	-0.0055360403	0.025758118	0.0547176647	-0.1050724617	-0.0222926442	-0.015093416	-0.0006239006	0.0257537966	-0.0977466807	-0.0729791663	0.0971537564	-0.0493386933	0.1062513217	-0.0825354211	-0.0183023448	-0.0513677432	0.0676220296	0.0059402274	-0.0190401658	0.0443734437	-0.060748093	0.0083544478	0.064466655	-0.0252121613	-0.0174098022	0.0364629981	0.0110697446	-0.0285770912	-0.0546772418	0.0207903564	-0.0722363285	0.0705965547	0.0346528205	0.0288058266	-0.0733078991	0.0071479247	-0.0531177525	0.011379597	-0.0419348737	0.0999373745	-0.0125139364	0.0032389484	-0.0905875952	0.0592852357	-0.0216539657	-0.0152441409	-0.0948711512	0.0088600362	-0.0034165612	0.0438612374	0.0147962013	0.0068925117	-0.036138885	0.010899777	-0.0528954633	-0.0068796495	-0.0706702101	-0.0237566325	0.1130461765	-0.0197816936	-0.0313572609	-0.0064846245	0.0781887899	-0.0360288597	-0.0464909577	-0.0717680748	0.0260650443	-0.006732549	-0.1372298007	-0.0433965776	-0.048764299	-0.0215484401	0.0675759959	0.0006181703	0.0781467582	-0.0011733739	-0.0509925312	0.0654302971	-0.0101086447	0.1726922595	0.0453580585	-0.0477777542	-0.0308716974	0.0041959122	0.0867268549	-0.0235721349	-0.0328826521	0.0755685416	0.0080528793	0.0534165337	0.032677352	-0.0324712298	-0.0139902036	-0.1217268688	-0.029845694	0.0097102425	-0.008142649	0.0460977274	0.1300050944	-0.0665099149	-0.016241316	0.0569284123	0.0686089304	0.0009424903	-0.0098610363	0.0486562379	-0.0241768551	-0.0676116588	0.0120480088	0.0211376285	0.0783679961	-0.0242731027	-0.0099179696	-0.0148816856	0.0377260981	-0.0742864978	-0.0711155976	-0.0435180166	0.0410164538	-0.0100784493	-0.0974284524	0.0285611006	0.0081081127	0.0348814338	0.0276421599	0.057148976	0.0283676132	0.034540774	-0.1394052284	0.0976746987	0.1054833176	-0.0490502569	-0.0376441746	-0.0788103747	0.0283648632	-0.0589279852	-0.026284585	0.0388916585	-0.0053195138	-0.063094936	0.0418842262	0.0005072012	-0.0059391927	0.0397235907	0.0566946185	-0.0006936587	0.0904814534	0.0597658537	-0.0251543784	0.0631039187	-0.0297067655	-0.049247082	-0.0460293145	0.0279276693	0.0955386362	-0.0859112302	0.0995378545	-0.0285621254	0.0142373888	0.0261403575	0.0028445399	0.0680933175	0.0256462079	0.0461698599	-0.1702156814	-0.0638085553	0.0708416019	-0.0327489888	0.0096392874	-0.0901964051	-0.0409108045	0.0970831452	0.0464864245	-0.0221543812	-0.0752064584	0.0606565674	0.0441531352	-0.0832609058	-0.0015274489	0.0	-0.0185703	-0.0064855	0.00034485604209	4.206171025000002e-05	0.0241363	-0.0591152999999999	0.0034946186940899	0.00058256097769	0.0809446999999999	-0.0523873000000001	0.00274442920129	0.0065520444580899	0.00377485	0.00093521	8.746177441000002e-07	1.42494925225e-05	0.00092603	-0.00096262	9.266372644e-07	8.575315609e-07	-0.000889502	0.0001971979999999	7.912138080040001e-07	3.8887051203999953e-08	0.0	0.0	0.0	0.0	0.0	0.0	0.0	0.0	0.0	0.0	0.0	0.0	0.0	0.0	0.0	0.0	0.0
6267.567228585904	-4.681617879935402	21.91754597373085	39282398.96484399	6370.307633011429	1.182811769664113	40580819.33920368	1.399043682455951	4254.329133657911	-6.598289807235233	43.537428380264366	18099316.37749048	4319.338016310016	7822.745676953137	1.093175	24.254015	0.2314611	0.12028	-0.0200738092	0.0044427766	-0.0115590276	0.067528055	0.0195056768	0.003364227	0.0442850602	-0.0088517307	-0.0013907848	0.1077911707	0.0715526292	-0.0488815868	0.0071634134	-0.0095283753	-0.0525265591	0.0249194079	-0.0218753117	-0.0091818377	-0.0908255292	-0.0842861054	0.0197602239	0.0258003643	-0.0684117361	-0.0781810597	0.0527607349	0.0346400505	0.0355673013	0.0097783412	0.0342032147	-0.0200545448	-0.0228763907	-0.0383329611	0.0299211622	0.0302385844	-0.040845168	-0.0682391483	0.0147545587	-0.0616869556	0.0662493651	0.0184941077	-0.1520751033	-0.1248673557	-0.0667394902	-0.0178853926	-0.0206107569	-0.1398722893	-0.0547149393	0.0268377961	-0.0710663223	-0.0784512372	-0.0013312987	0.0697266747	0.0175568097	0.0294465839	0.0273408936	0.088449884	-0.0203461767	0.0590873412	0.0018999832	0.1201505417	0.0062850006	-0.009676412	-0.0428207215	0.0690017603	-0.0119437379	-0.0006633177	-0.0014568479	-0.0280044436	-0.0114038801	-0.04560351	-0.0636058611	-0.0113237515	0.0394345826	-0.0491544106	0.0305702829	-0.072039958	-0.0638629652	0.0155219949	0.0173556707	0.0237075151	0.0425754331	0.1492886863	0.040360489	-0.0869825731	-0.020602231	0.0331590832	0.02888945	0.0996830706	0.0104007029	0.0839755464	-0.1320963009	-0.0018104245	0.0435891931	0.0440134033	-0.000504181	-0.0368711202	-0.0507926923	-0.069639956	-0.065750728	0.0514421135	-0.0043682125	0.0073531687	0.0136343346	0.0592909743	0.0608851824	0.0602997312	-0.0723698001	0.0316012788	0.0463687106	0.0892973721	-0.0032765397	-0.0227053815	0.0479307492	-0.0439645872	-0.0534776114	0.0213848285	0.0565972965	0.0494543577	-0.0389196558	0.0182242691	-0.0652813446	0.0043874832	-0.0215488263	0.0139966983	-0.0112933911	-0.0611022492	-0.0060212186	0.0905377318	-0.0819156739	0.066391693	-0.0096081789	0.0213765435	0.0046084094	0.0438445395	0.0874090666	-0.0770185137	0.1306946994	-0.004416016	-0.0739788784	-0.042254909	0.0584029024	0.1521826424	0.0552068083	0.0303083351	-0.0784511874	-0.01462478	0.0559680039	-0.0519838056	-0.0699942827	0.0892136399	0.0300781466	0.0217242652	-0.0291563117	-0.0377975964	-0.0962868057	-0.0378206448	-0.053483595	0.0318771817	0.0354485757	0.0433129809	0.0319267931	0.0604718809	-0.1068916775	0.0972006178	-0.0023279023	0.0055104631	-0.0857024254	-0.071279563	-0.0496631277	-0.0952047242	0.0792717184	0.090174654	-0.0564987296	0.015162552	-0.0569046362	-0.0543940978	0.0447395275	0.1436568117	-0.0095330711	0.030708134	-0.0528560401	0.0107454246	0.036328795	0.0606836697	-0.027683141	0.0430649034	0.0547552226	0.0812749249	0.0134390814	-0.0172680167	0.0439293416	-0.0854876973	-0.0694429015	0.0036276692	-0.0157607183	-0.1307871234	-0.002808367	-0.1025337153	0.0186028783	0.1328087318	0.0560705869	-0.0603744948	-0.02110091	-0.0065348623	0.0318989575	-0.0231372486	-0.0741777708	0.06279756	0.040602068	-0.084506094	0.0045804437	0.0	-0.0212174	-0.0026470999999999	0.00045017806276	7.007138409999997e-06	0.0591931	0.0350568	0.0012289792262399	0.0035038230876099	0.174165	0.0932203	0.00869002433209	0.0303334472249999	0.00296368	-0.00081117	6.579967689000006e-07	8.7833991424e-06	0.00183337	0.00090734	8.232658755999999e-07	3.3612455569e-06	-0.00118173	-0.0002922279999999	1.3964857929e-06	8.539720398399999e-08	0.0	0.0	0.0	0.0	0.0	0.0	0.0	0.0	0.0	0.0	0.0	0.0	0.0	0.0	0.0	0.0	0.0
6252.6291977339415	-14.93803085196214	223.14476573417272	39095371.88435499	6346.674141995248	-23.633491016181324	40280272.66467112	558.5418976119233	4255.033130390798	0.7039967328864805	0.4956113999148385	18105306.94072331	4320.814012012667	7673.291256535663	1.068835	23.713987	0.1695474	0.0909636	0.0222530486	0.0291314613	0.0331895619	0.0328437404	0.0943946562	0.0441995378	0.0171741466	0.0707925363	-0.0172944298	-0.0720749652	0.0048574601	-0.0364044391	-0.0700677293	-0.0642433117	0.0867710977	-0.0130991914	-0.0621453286	-0.0034322318	0.0581728569	0.0056289178	0.0687262929	-0.038766386	-0.0296729515	-0.0374841205	-0.0847708314	-0.0665562776	-0.0132621286	0.0310889204	0.0025429257	-0.0075956545	0.0128443664	-0.1607996356	0.1433621393	0.0439640574	-0.0865709526	0.0138252404	-0.0988944659	-0.0131146274	-0.0571944424	-0.0622435639	-0.0157249788	0.0236029731	-0.1403131436	0.0574789925	-0.0216356406	-0.0169542849	0.0190817438	-0.0233700625	-0.0047500123	0.0346362393	-0.0466615821	0.0533076509	-0.0114869685	-0.0157103885	0.0578279984	-0.0402940362	0.0351957476	0.0505381225	-0.1385918814	-0.0135676943	0.0093926949	-0.0438620206	-0.1095791334	0.0388032494	0.0265232715	0.1126980058	-0.0121032294	-0.0896096299	-0.0065944087	-0.0466456624	0.0007209381	-0.0447587958	-0.1159961582	0.0303697649	0.1141073471	-0.1237847449	-0.0021447328	-0.0290926236	-0.0895269463	0.0214143225	0.1233554505	0.0504260308	-0.0441874979	-0.0557294003	0.0578958436	0.0573802454	-0.0411715967	-0.0423199662	0.1100020508	-0.1289861334	0.0445352075	-0.0773521078	-0.0114404533	-0.1291228928	0.0195239274	0.0751051637	0.0129707067	0.0218002895	-0.0826799031	0.0604063017	0.0252867899	-0.0534357891	0.0353129908	0.0036620109	-0.0123847666	-0.0762322764	-0.0237205833	-0.0099630601	0.025013465	0.0730713577	-0.0833566193	0.0838572211	-0.0760462076	0.0830826996	0.0285386903	0.0190401674	0.081940105	0.1490566117	0.0511393376	-0.0181898193	-0.1060349676	0.1170119466	-0.0401713404	0.0207161324	0.0236668678	0.0028680809	-0.0033558527	-0.1279780774	-0.0253252345	0.050060006	-0.0561698594	0.0898117565	-0.0708488808	-0.0673820829	0.0285027966	0.0251974109	-0.0173734552	-0.0094736469	-0.1311429134	-0.0767867216	0.0310564603	0.0350298773	-0.0144667731	0.051412244	0.0187894758	-0.0312646073	0.0662810969	0.0366105032	-0.0393465396	-0.0169911604	0.0031856741	-0.0836348903	0.0053924321	0.0556438077	-0.0126569615	0.1157618801	-0.0048628738	0.0999208508	-0.0520984741	0.052789368	0.0242761094	0.0076329441	0.0588476652	-0.0749551143	0.0454454137	0.0388543641	-0.0644452372	0.1152444186	-0.1081466339	-0.0392000104	0.1733144511	0.0745952077	0.02153426	-0.0113974609	-0.114462577	-0.0315605219	-0.0650488969	0.0020549581	-0.0597748729	0.0083816902	-0.0249554989	0.0044983984	-0.0538532847	-0.025286084	-0.0097003876	-0.0291000898	0.068776445	0.0025231039	-0.0794762933	0.0080520957	-0.0269393551	0.0683912523	-0.0250695001	-0.0236833507	0.0423503207	-0.0482473527	-0.0515524835	-0.0466646566	0.1050380977	0.0140402998	-0.0364513269	-0.0024122645	-0.0013254348	0.1134060692	0.0554839328	-0.0241169128	-0.0731080069	0.0648603145	0.036961079	-0.0854588803	0.0106655167	0.0	-0.0251657	-0.0039482999999999	0.00063331245649	1.5589072889999987e-05	0.0421185	-0.0170745999999999	0.0002915419651599	0.00177396804225	0.108793	-0.0653719999999999	0.0042734983839999	0.011835916849	0.00387305	0.00090937	8.269537969000001e-07	1.50005163025e-05	0.001196	-0.00063737	4.062405168999999e-07	1.430416e-06	-0.00106542	0.0001163099999999	1.1351197764000002e-06	1.3528016099999976e-08	0.0	0.0	0.0	0.0	0.0	0.0	0.0	0.0	0.0	0.0	0.0	0.0	0.0	0.0	0.0	0.0	0.0
6250.269256532045	-2.3599412018966177	5.569322476409252	39065865.77914965	6335.520284886374	-11.153857108874035	40138817.28020672	124.40852840517984	4250.257785715341	-4.775344675456836	22.803916769413952	18064691.245033875	4315.7649331694665	7726.971573284362	1.09215	24.231274	0.1594205999999999	0.0894007	-0.0117297336	0.0706174391	-0.0455538991	-0.0314936555	0.0277228476	-0.0778895474	0.0473111463	0.0643595519	0.006121382	0.0444303552	0.0659539964	-0.0105130062	-0.0787207842	-0.0583420728	-0.0500597768	0.0449972907	-0.0853353415	0.0616937843	-0.0381866889	0.0281847633	-0.0114583018	0.0521740688	0.0229939723	-0.0273468372	-0.0162778531	-0.0222299406	-0.0010590495	-0.0100520575	0.1357564699	0.0327909594	-0.1068211394	-0.1616444089	-0.1106280761	0.0042326155	-0.0254926362	0.0632662853	-0.1289506187	-0.0592298481	-0.0747946933	-0.0282913656	0.0553868866	0.1430303006	0.0292859845	0.06073399	0.0205809857	-0.0332905014	-0.0139324381	-0.1021746882	-0.0355739551	-0.0581865622	0.0011112469	0.0264275174	-0.0991257376	-0.0294249322	-0.0543352795	-0.0356324607	0.0506982207	-0.0234299196	-0.0808690029	-0.0360223293	-0.0354570908	0.0136162806	0.0227527976	-0.1001217334	-0.1270319023	-0.0320366648	0.0174627495	0.0518941939	0.107738961	-0.0964548732	-0.001827659	-0.1005325111	0.1548905321	0.0288428696	-0.0147645219	-0.031128428	-0.1135085559	0.0407463518	-0.0663289394	-0.0136822246	-0.038933232	0.0958727068	-0.0121531641	0.0338286394	0.0623910902	-0.0620849439	0.0488117338	0.0263828503	0.0831049429	-0.0312744558	0.0005349114	-0.0909392019	-0.0638265515	-0.0044513983	0.0665423668	0.0568001485	-0.0676026568	0.0232324412	-0.0164025598	0.118292202	-0.0104275164	-0.0108280997	0.0735649955	-0.0350796983	0.1062073248	-0.0011688752	0.0044922154	0.0684523197	0.0096552079	0.0043925675	-0.0178749399	-0.0276976096	0.0709097491	0.1174859586	-0.014841972	0.1000560662	0.0896768624	0.1026769616	0.019177268	0.0036685457	0.0006765092	0.0318632009	-0.0090531722	-0.0917971843	0.0891393371	0.0355096194	-0.119632936	-0.0305929861	0.1245085454	0.0278866126	-0.0633563644	-0.0326980935	0.0333908898	0.0852272904	-0.0138105322	0.036410146	-0.0036436148	-0.1019414065	0.054848676	0.0348021864	0.0779993645	-0.0248704287	-0.0581337808	0.0804664218	-0.1094168548	-0.0362870349	-0.0232620105	-0.0373074569	0.0836257442	-0.0103889496	-0.0635224032	-0.0820313449	-0.0382692848	-0.0704453529	0.0948346226	-0.0262042278	-0.0341101763	0.1075859247	-0.0058187383	-0.1053081281	-0.0183082632	-0.036258717	0.0482853391	0.0172135173	-0.0520865652	0.0011352289	-0.11568817	-0.1342605207	-0.0766314936	0.1108358352	0.0311059218	0.0949491752	0.035917664	0.0224203972	-0.0996749519	0.0096309047	-0.0258632711	-0.0373082208	-0.054268106	0.0059208856	0.1191413034	0.0161878944	0.065122294	0.055206135	0.0283519942	-0.0333733877	0.0038920685	-0.0804328816	0.0041201658	0.0386356104	0.0163496381	-0.0807914277	-0.1031488671	0.0206310118	0.0254342679	-0.0326378417	-0.0670821978	-0.0271297109	0.0994110044	0.0543625411	0.0377638169	-0.1141266783	-0.0275040971	-0.0444341526	0.0974735881	-0.0250932382	-0.0719977591	0.0668422612	0.0332382319	-0.0861159682	0.0166974547	0.0	-0.0313356	-0.0061698999999999	0.0009819198273599	3.806766600999999e-05	0.0605857	0.0184671999999999	0.0003410374758399	0.00367062704449	0.184857	0.0760639999999999	0.0057857320959999	0.0341721104489999	0.00326719	-0.0006058599999999	3.670663395999997e-07	1.06745304961e-05	0.00164897	0.00045297	2.051818209e-07	2.7191020609e-06	-0.00118098	-0.00011556	1.3947137604000002e-06	1.3354113600000005e-08	0.0	0.0	0.0	0.0	0.0	0.0	0.0	0.0	0.0	0.0	0.0	0.0	0.0	0.0	0.0	0.0	0.0
6251.507359888132	1.2381033560868673	1.532899920353564	39081344.27073548	6370.811177397725	35.29089251135156	40587235.05805579	1245.4470942477694	4255.15427174514	4.8964860297992345	23.97557544001907	18106337.876350917	4319.3005021919325	7574.590757314306	1.094161	24.275902	0.1531205	0.0778052	0.05846148	0.0424321831	0.0331961117	0.0902749882	0.027568019	-0.0239283292	0.0242455702	-0.0215087758	-0.0743189519	-0.0183140548	0.0656827493	0.0081804454	-0.0641371377	-0.019871696	-0.0244487851	0.0288696385	-0.011412332	-0.0565023457	-0.075815376	0.0359989531	0.0912891469	-0.0242039498	-0.0608052078	-0.0437799001	0.0373916577	-0.0450410869	-0.0277952387	0.0546282995	0.0454459603	-0.0789368088	0.0216685596	-0.0814530411	-0.0791522769	-0.0291477239	0.0408772644	0.0168111932	-0.0471378168	-0.0468861655	-0.012779781	-0.0493170675	0.0741559107	0.0436176057	0.0110668894	0.1044886436	0.0411677913	-0.0739428962	0.0111212978	0.0646807232	-0.0220643138	-0.1066355211	0.0993106875	-0.0360730628	-0.0031852746	-0.0488230997	-0.0566033552	0.0727268649	0.0557175438	-0.013057632	-0.0414854446	-0.0059640964	0.0858553895	0.0273573242	-0.0218847089	-0.0136431372	0.0992859044	0.0826272551	-0.007459208	-0.1088627532	0.0577169656	0.000592954	0.0262740422	-0.0929705404	0.0778552877	-0.0724886044	-0.0570959504	-0.1538004629	0.0087365441	0.0368056535	0.0380053001	-0.0345500726	-0.0102296979	0.0200346259	0.1019800994	-0.0849683608	-0.0144352633	-0.0737494361	-0.1044886069	0.0856234397	-0.0702002807	0.0451904373	-0.0337659017	0.0129374113	-0.0107944666	-0.0333907931	-0.0561550694	0.0082544138	-0.0975907923	-0.0254295524	0.1000076198	-0.061894401	0.0378113362	0.026805189	-0.009302038	0.0927752759	0.0640957737	-0.064663811	-0.0363788659	-0.0210963106	-0.0146382468	0.0659979821	-0.0094030637	-0.0038547736	0.0212708589	-0.0897309656	-0.0319245311	0.0919089221	0.0360094246	0.0335522185	-0.0092602738	-0.063104426	-0.056547367	0.0290437712	-0.025780156	-0.0496209119	0.1155890077	0.0514199112	0.0444328719	-0.0406798597	0.0400501293	-0.0701686572	-0.096764696	-0.0110569407	0.0272083719	-0.0057965458	0.1607871675	-0.0170621242	0.0419398815	0.0337736154	-0.0201409202	0.077514407	-0.0809840264	0.0118458395	-0.0659677229	0.0706254691	-0.1453646105	-0.0715565878	0.0144801997	-0.0303228017	0.0494825442	-0.1048177841	-0.059357076	-0.0478401647	-0.0266744596	-0.0323728265	-0.0585220293	0.1073132875	-0.0387439423	0.0969234164	-0.0156073041	-0.0476040779	0.0525666303	-0.0900843173	0.0449782811	-0.0217986299	-0.100243787	0.0361134305	0.0250849806	-0.0725896926	0.0181766852	-0.1012641572	0.0377404342	-0.0530167852	-0.0652487781	-0.046416757	0.0145635135	-0.022815212	0.0575837305	0.001859094	0.0014424321	0.0470878307	0.0017765454	-0.0294061218	-0.0530048486	-0.0047293706	-0.0030906777	-0.055767062	0.0362607055	0.0421065364	0.0427915478	-0.0548185165	-0.0789667788	-0.0701676086	0.02103442	-0.0394100795	0.0192340743	-0.0838017442	-0.0184285085	-0.0443257418	0.0425124992	0.1294410186	0.016262618	-0.0153605986	0.0166433407	0.0577794463	0.0472723394	-0.0260660896	-0.0708476423	0.0687409308	0.0294417717	-0.0864750839	0.0226462068	0.0	-0.0185717	0.0127638999999999	0.00034490804089	0.0001629171432099	0.0258106	-0.0347751	0.00120930758001	0.00066618707236	0.124751	-0.0601059999999999	0.0036127312359999	0.015562812001	0.00368429	0.0004170999999999	1.7397240999999973e-07	1.35739928041e-05	0.00125873	-0.00039024	1.5228725760000002e-07	1.5844012129e-06	-0.00107881	0.00010217	1.1638310161e-06	1.0438708900000036e-08	0.0	0.0	0.0	0.0	0.0	0.0	0.0	0.0	0.0	0.0	0.0	0.0	0.0	0.0	0.0	0.0	0.0
6256.954282909988	5.446923021856492	29.66897040603025	39149476.898425646	6334.999669436376	-35.81150796134898	40132220.811759	1282.4641024657617	4253.454465541383	-1.6998062037573618	2.8893411303320136	18091874.89043393	4321.757306515592	7736.87704767566	1.114427	24.72554	0.0933162	0.0534761	-0.0175718592	0.0750551067	-0.0524537987	-0.0551742871	0.0923490768	0.0447342364	-0.0358247841	0.0516206921	-0.0163175303	0.0353823788	0.0769288505	0.0317575052	-0.1124973564	-0.0013302666	0.0532678905	0.0250305172	-0.0752464785	0.0745678387	0.0408507709	-0.0436528643	0.0520082103	0.0035940655	-0.0084385168	0.0145190509	-0.087153163	-0.012795747	-0.0791039044	0.0126393695	0.0113928111	-0.0724806216	-0.0268597725	0.0513962425	-0.0521117498	-0.0079114619	0.019875501	0.0728117503	-0.0554945247	0.0038818823	0.0480063316	-0.0430453728	0.0755423201	0.0218762268	-0.0287009184	-0.1096450069	-0.0057262538	0.0627879732	-0.1386792497	-0.0103798929	0.0362674758	0.0399976393	0.1192028689	-0.0720605993	-0.0365963239	-0.0212824381	0.022811154	-0.057468473	-0.0136363863	0.0631184472	-0.0381717673	0.0463607605	-0.0146427928	-0.0306060054	-0.1134142144	0.0446401311	-0.0072454848	-0.0122708162	0.1085964674	-0.0798672011	-0.0473713969	0.0603850644	-0.054871525	0.0140519956	0.0943633541	0.0778669141	-0.010326178	-0.039707662	-0.0695141496	-0.0322906632	-0.040191921	0.0210016724	-0.1468773619	-0.0285760928	0.0355308972	-0.0666601222	0.0220403492	-0.074293509	-0.0347872945	-0.2234415751	0.0232087764	-0.0117904099	-0.0113748859	-0.0866791814	-0.0391553364	-0.0513852075	0.0470278656	-0.0508549818	-0.0273071529	-0.0994153321	0.0207159271	0.0674267857	-0.0434595812	-0.0514598677	0.098244057	-0.0457534251	-0.0038617051	-0.0285811244	-0.0846113052	0.0248948758	-0.0036849984	-0.0191340143	-0.1048823821	-0.0309143879	-0.0292456913	-0.0252821132	-0.0348483463	0.025700421	0.041262506	-0.0472680229	-0.0119996196	0.0240636472	-0.0351748061	0.0160997308	0.0061961129	-0.0420272105	-0.0348834994	0.0797468491	0.0662242839	0.0261569699	0.0180922128	-0.0154889599	-0.0302745325	0.0020567168	0.0673667218	-0.1314220571	-0.0764477837	-0.0609889161	0.0153370686	-0.0580007207	-0.0500357038	-0.0157216907	0.0220856167	-0.0704329881	0.0115101663	0.0739842807	-0.0429008207	-0.0243841504	0.0194139395	-0.0228677879	0.0132286647	0.04167836	0.0324416155	0.0384360262	0.0122241725	0.0930479208	0.0321186491	0.110305834	-0.0211601212	-0.0851105564	-0.0820461146	0.0039956815	-0.0346714578	-0.1487435548	0.0166731634	-0.1267126632	-0.0088849935	-0.0558247316	-0.0359599706	-0.1030067972	-0.2002089423	0.0086768343	-0.0481041742	0.0260438252	0.038396698	0.0008566022	-0.0738958243	0.0277068305	-0.0069788286	-0.0639849373	0.1072779807	-0.0464048498	0.0819317226	0.0283530388	0.0655531301	0.0017617641	-0.0010792906	-0.0371321892	0.0950448152	0.0246009115	-0.1021237426	0.0074922544	0.0122699456	-0.0928097657	0.0010080096	0.0415415203	0.063479007	-0.0320046712	-0.062210208	-0.0480177821	0.0941786899	0.0427787582	-0.0193801541	0.0467459252	0.0201153651	0.0745955611	0.0441186969	-0.0270353323	-0.0696582933	0.0705539577	0.0255801066	-0.0865349849	0.0284821367	0.0	-0.0210941	-0.0025224	0.00044496105481	6.362501760000005e-06	0.0226773	-0.0031332999999999	9.817568889999993e-06	0.00051425993529	0.167224	0.042473	0.001803955729	0.027963866176	0.00321736	-0.0004669299999999	2.1802362490000002e-07	1.0351405369599998e-05	0.00164897	0.00039024	1.5228725760000002e-07	2.7191020609e-06	-0.00103223	4.657999999999984e-05	1.0654987729000002e-06	2.169696399999985e-09	0.0	0.0	0.0	0.0	0.0	0.0	0.0	0.0	0.0	0.0	0.0	0.0	0.0	0.0	0.0	0.0	0.0
6278.809575390412	21.855292480423486	477.6538094048554	39423449.68401432	6346.989863816829	11.990194380452522	40284280.33139357	143.76476128103522	4266.434216069994	12.979750528611476	168.4739237849899	18202460.92005279	4324.6066383139605	7612.804173555397	1.351037	29.975142	0.1822708	0.114959	0.0713936908	-0.0084420006	0.0153407776	-0.0701455174	-0.109108983	-0.0541227096	0.0363319432	0.0154618963	-0.0849118859	-0.0701802156	-0.055952101	0.0059285774	-0.0497163582	-0.0355978621	-0.088952595	0.0140165677	0.0882619369	0.0523601607	-0.0158817372	0.1393572329	0.049446583	-0.0225472901	-0.0688109623	0.0106600099	-0.0241143615	0.0889133258	0.020900709	-0.0342664244	0.0715696862	0.014289873	-0.0872232769	0.0137696853	-0.0033866995	-0.0639213686	-0.0567582606	0.1243102725	0.0969309379	0.1601367827	0.111578355	-0.0081510381	-0.0615119888	-0.0068073761	0.0076986269	0.0124350517	-0.1484555121	0.0374055778	-0.0141600899	0.0570949873	0.032332433	-0.0360636254	0.0026921292	0.0075985334	-0.0194247826	0.03435056	0.0571752242	0.0424941432	0.0759832035	-0.0792082391	0.0959231082	-0.06673131	0.0846364206	0.0641807355	-0.0723459421	0.0633654922	-0.0211215955	-0.0055545471	0.0005853968	-0.026448387	-0.0759786683	0.095452561	0.0196019744	-0.1038880019	0.0101463909	-0.0229947428	0.0034242748	-0.0643882381	0.0295011394	0.0184111539	-0.0024931313	0.003985751	-0.0083142938	0.0543991721	-0.0587359161	-0.1020875141	-0.0899187606	-0.0541001116	0.0348247721	-0.0485482328	-0.0306582198	-0.0425652083	0.0003179819	0.0153693908	0.0750341839	0.0861692541	-0.0110215562	0.0488648675	-0.005454904	0.0796664903	0.0406502275	0.0388878924	-0.1444984915	0.0769839888	-0.1041348115	-0.0834764095	0.0353356858	-0.0982080212	0.0290213839	-0.0503308944	0.0349204051	0.0407562511	0.0164724991	-0.0244517462	0.1174242589	0.0385417856	0.1169041767	-0.0325438296	0.0622828904	-0.0571308103	0.045324534	0.0664729733	-0.0227299626	-0.1191573579	-0.0082078551	0.0772601821	0.0238999868	0.1782631721	0.0415640449	0.0744733544	0.0246382295	-0.0043690619	0.0108654362	-0.0235164358	0.0193855983	0.0134707654	-0.0110013996	0.0220278227	0.0749200528	0.0422719823	-0.087603872	0.0441640005	-0.0386733938	-0.0469011584	0.0208344524	-0.0713494024	-0.0872537963	-0.0197792745	-0.0182675769	-0.0160718088	-0.0214350185	0.0217081453	-0.0253470695	-0.0821182754	0.0678195259	0.0620562878	0.0475212888	0.0224682364	0.1134836243	-0.0760692282	-0.0870005674	0.0872857831	0.0740287475	-0.0390945831	0.0342029025	0.0596191432	-0.0033201103	-0.0321439618	0.0791572072	-0.0565563876	-0.0094402232	-0.1262113243	-0.0689617358	-0.0116797063	0.0708098359	-0.0096536681	0.0476983442	0.0230556541	-0.0522202057	0.0209666104	0.0483027539	0.0077253085	-0.0881678798	-0.0403886288	-0.1049274735	-0.0343169282	-0.0660413248	-0.0022240961	-0.0615500078	-0.1349711715	-0.0112028792	-0.0595383185	-0.0842584827	-0.0602716981	0.0902099398	-0.0042464149	0.0298107605	-0.0203775258	0.0642315462	-0.0229521011	0.1309315161	0.0862220689	0.0235686408	-0.0386640332	-0.0004789668	0.0399719727	-0.0437504719	-0.0280008321	-0.0684303707	0.0722790832	0.0216617888	-0.0862954639	0.0341761699	0.0	-0.0339825	-0.0128883999999999	0.00115481030625	0.0001661108545599	0.0437504	0.0210731	0.00044407554361	0.00191409750016	0.0599692	-0.1072548	0.01150359212304	0.00359630494864	0.00339595	0.00017859	3.189438810000006e-08	1.15324764025e-05	0.00100786	-0.00064111	4.110220321000001e-07	1.0157817796e-06	-0.00103084	1.389999999999985e-06	1.0626311056000003e-06	1.9320999999999586e-12	0.0	0.0	0.0	0.0	0.0	0.0	0.0	0.0	0.0	0.0	0.0	0.0	0.0	0.0	0.0	0.0	0.0
6294.079445812885	15.269870422473105	233.16894271911892	39615436.07020423	6367.249652482166	20.25978866533751	40541868.13703427	410.4590367641383	4272.539599501621	6.105383431626251	37.27570684717634	18254594.629309468	4336.20425588367	8077.32440748934	1.707285	37.879147	0.18277043	0.104948	-0.1235897477	0.0163874546	0.0117593063	0.0048941296	0.0015886529	0.1344185301	0.0506671475	-0.0600226838	0.0058012307	-0.0423295725	0.0905634557	0.1979293404	-0.0157936854	-0.016045239	0.1003626649	-0.1460693977	0.0261685016	-0.0494645279	-0.1101336972	-0.0360893641	-0.012844796	-0.0473643105	0.1383029681	-0.023843795	-0.0937569519	-0.0021360568	0.0598684972	0.0147135623	0.0494227845	-0.0646191822	0.0702849488	-0.0319042177	-0.070263918	0.0168357726	-0.008788938	-0.1634823852	0.0508454006	0.0626956218	0.0259433032	0.0129406053	-0.0473211417	-0.0065624111	0.0673834353	-0.1141786765	0.0131501031	-0.0958777474	-0.0087366125	-0.0076853248	0.0618634373	0.0001990456	0.0020560044	0.0385932883	-0.0357086819	0.0166727741	0.0761701368	-0.1354348928	-0.0105557884	-0.0101407997	0.0696960874	0.0441381887	0.0602369372	-0.1408146824	-0.0289757124	0.0106509689	0.0183465303	-0.009579152	-0.0268458673	-0.0626153118	-0.0496771601	-0.0401372205	0.0459368847	0.0257786924	0.0123610881	0.1491657769	-0.020384395	0.0715231996	-0.0279702216	0.0397575083	0.040614284	0.0549209257	0.0169301794	0.103184835	-0.0454898966	0.1239024811	0.1423533488	-0.1944341593	0.0960457634	-0.0503766902	0.0337748977	0.1191839641	-0.0022337851	0.0428001213	0.0198060295	0.0240991994	-0.0950061907	-0.0333013371	0.0643482133	-0.0070132359	-0.0299651823	0.0622229135	0.0635864444	-0.0950670769	-0.1175823253	0.0605058614	0.0089432667	0.0570767088	-0.0177197672	-0.0144654522	-0.173548145	-0.1156332077	-0.0555417821	0.1286546402	0.0411674487	-0.0568484392	-0.0496649379	0.0118981774	-0.0261936282	0.0193111427	0.0937646967	-0.0262821965	-0.0264009494	-0.0421288175	0.0263807888	0.0350496723	0.0498894834	-0.0491773205	-0.0314522787	0.0973340885	-0.0083303744	-0.0376400027	0.1578588417	0.0046451745	0.0200567917	0.0404047015	0.0233884771	0.0067051446	-0.016937572	-0.0187729941	-0.0163109226	-0.0769117319	0.0216355814	-0.0775760235	0.19671094	0.0347595274	0.0731340943	-0.0842323683	0.1690509	0.0433620571	0.0055870729	-0.051090964	-0.0150665853	0.1042958529	0.052946766	0.1285491417	-0.0638698035	-0.0947698938	0.0573680164	0.0221251661	-0.0293580778	0.0108612035	-0.0095456685	-0.1105772944	0.0203747398	0.0659553933	-0.0110874141	0.033165276	0.0596189583	-0.0294889935	-0.0368722591	0.0006159071	-0.0421376989	0.06466149	-0.041664183	-0.0716282546	0.0441914558	0.0281385141	-0.0572235452	0.0138333246	-0.1255481468	-0.1380060931	-0.0084405699	0.1222589196	-0.0416887412	-0.0688619091	0.0849229975	0.0269206389	-0.0119497262	0.0542320314	0.1036200805	-0.0120935358	0.0738825838	0.0095750239	0.0185939479	0.1343346372	0.0087969926	0.1072855024	-0.1041884201	-0.0501751787	-0.0041828888	0.0927891798	0.0399480021	0.0828702181	0.1482485412	-0.0270125262	-0.1260664753	-0.0289624554	-0.0671645545	0.0739141579	0.0176954965	-0.0857573496	0.0396999392	0.0	-0.0315522	0.0024302999999999	0.00099554132484	5.906358089999982e-06	0.0226605	-0.0210899	0.00044478388201	0.00051349826025	-0.00874603	-0.06871523	0.0047217828339529	7.64930407609e-05	0.00339418	-1.7699999999998969e-06	3.1328999999996338e-12	1.15204578724e-05	-0.000524077	-0.001531937	2.346830971969e-06	2.74656701929e-07	-0.000753847	0.000276993	5.68285299409e-07	7.672512204900006e-08	0.0	0.0	0.0	0.0	0.0	0.0	0.0	0.0	0.0	0.0	0.0	1.0	0.0	0.0	0.0	0.0	0.0
6285.6352281189775	-8.444217693907376	71.30481246209841	39509210.22097031	6352.903517676894	-14.346134805272412	40359383.104911454	205.8115838510485	4268.0657130045365	-4.473886497084095	20.0156603887914	18216384.930524923	4333.847389295263	8034.332945338711	1.113043	24.694826	0.31896188	0.165654	-0.0893086145	-0.0106912813	0.007499223	0.0037263661	0.0556965937	0.0564381898	-0.0032708747	-0.0152585763	0.0325355095	0.0353748752	0.0016003446	0.026658176	-0.0029388596	0.0630835361	0.0540613653	-0.0698238863	-0.0076811047	-0.0302627609	0.0753334091	-0.0632236012	-0.0575257126	0.0641782559	0.0333236484	0.0159018462	-0.072209504	-0.0188379608	-0.0502626379	0.0578621768	-0.0353307439	-0.0220439923	0.1104517032	-0.0821805789	-0.0113638448	-0.0042250526	-0.0922464917	0.0487214053	0.0251757335	0.0698104651	-0.0667468415	0.0259695027	-0.0266153505	-0.0135743161	0.0046090205	-0.0808944487	-0.0888943683	-0.0917605058	-0.050234126	-0.057079667	-0.0441298394	0.1365095963	-0.0498932953	-0.0067995962	-0.1399844043	0.0691155621	0.019455021	0.0253834575	-0.0462528318	-0.0962129932	0.0146486193	-0.0442233288	0.0366693975	-0.0243992296	-0.0176990174	0.0492867276	-0.1580752532	-0.1373045331	0.0198494977	0.0362542008	0.0897299013	-0.0644548369	0.1563012975	0.1743862706	0.1104831298	-0.0834128066	-0.0981052266	-0.0012411061	-0.0204574835	0.0199896474	-0.1050768675	0.0619398823	0.1378005667	-0.0522934185	0.0373605145	0.0229600759	-0.0477851937	0.0423317226	0.0014292748	-0.0397919884	-0.0367401625	0.1390114865	0.0479486954	-0.0294430657	-0.1162268577	-0.0472798685	0.0506223604	-0.0368785398	0.0507817767	0.027721097	0.013488854	-0.0500252231	-0.0236946312	-0.0717238208	0.0170929479	0.0030420817	-0.0873026389	0.046928977	-0.0003223527	0.0379027502	0.0289296121	-0.1263272136	-0.0715551166	0.0297669186	-0.1219641322	-0.0122086237	-0.0733538155	-0.0516066368	0.0214517136	0.0040170013	0.0307542198	-0.0333646388	0.0395771237	-0.0505974661	-0.0979872665	0.050609026	-0.0589319687	0.1007780949	-0.1250427943	-0.0038877361	0.0135973857	-0.0069338297	0.0350914748	0.1176459483	0.0727352697	0.0216083933	-0.0405156889	-0.0009061815	0.0640897109	0.0597125251	0.0427052342	0.0341255747	0.1262112123	-0.0378963703	0.033029248	0.0059861498	0.0035954871	0.1091304348	0.0450764275	0.0411260344	0.0152269658	0.0380666589	-0.0851138713	-0.0205289751	-0.033474192	0.00497587	0.1110485141	-0.159954282	0.1349236687	0.0896504862	0.2308952858	2.16752e-05	-0.0969746382	0.0147402434	0.0362095866	0.0079981314	-0.0379896574	0.0781896474	0.0083790075	-0.0992224585	-0.0438779857	-0.0661639979	0.0794319396	-0.0427631481	-0.0104285462	-0.0428333772	-0.0125350656	-0.0477175213	0.1180259138	-0.0411658234	-0.0036964561	0.0370245194	-0.0288442094	0.0614898562	0.0405378051	0.0710478471	0.0406042239	0.0743075923	0.0135838044	0.020391339	-0.1157989437	0.0010616862	0.0608204954	0.005221001	0.0235792618	0.0118593268	-0.0150138429	-0.0031051133	0.0156285471	-0.0771074052	0.0172473949	-0.0319438527	-0.0353229758	0.1505743674	-0.0195717923	-0.0657666826	-0.033435965	-0.0299200691	-0.0658615456	0.0754571448	0.0136900138	-0.0849225041	0.0450259254	0.0	-0.0250165	0.0065357	0.00062582527225	4.2715374490000025e-05	0.0813906999999999	0.0587301999999999	0.0034492363920399	0.0066244460464899	0.11108	0.11982603	0.0143582774655609	0.0123387664	0.00262308	-0.0007711	5.945952100000004e-07	6.880548686399999e-06	0.00117899	0.001703067	2.900437206489e-06	1.3900174201e-06	-0.000957079	-0.000203232	9.16000212241e-07	4.1303245824000015e-08	0.0	0.0	0.0	0.0	0.0	0.0	0.0	0.0	0.0	0.0	0.0	0.0	0.0	0.0	0.0	0.0	0.0
6281.349729174782	-4.285498944195751	18.3655012007029	39455354.4202041	6361.057589539096	8.154071862201818	40463053.65743293	66.48888793395142	4268.954178606878	0.8884656023410571	0.7893711265432574	18223969.77904512	4328.755983874868	7830.842866930068	1.248032	27.689796	0.1723387	0.0880251999999999	-0.0006695551	-0.0336206742	0.1007411299	-0.0046615152	-0.0909795351	-0.0426434627	0.0506919804	0.0223728535	-0.0516775592	-0.120480292	-0.0471214596	-0.0280768217	-0.0355883408	0.0286735386	0.0142750648	-0.0328832598	0.0693538603	-0.0662411498	0.0017624729	0.1675118413	-0.0175617504	0.0344878902	0.0210155896	-0.0599322945	-0.0891108251	0.0385177495	-0.0371716434	-0.0490964644	-0.0146464301	-0.0397715007	0.0355847313	0.0105798764	-0.0901846837	0.0502489367	-0.0637981549	0.1750968817	0.228290532	0.0333614189	0.0328520436	-0.0270114115	0.0310771914	-0.0459702787	-0.0853410903	0.0208681585	-0.0369623763	-0.0181404336	0.008483348	0.0237036606	0.0312025143	0.0502987789	0.0086282906	0.0096916795	0.0116360276	-0.0029665557	-0.0360963187	-0.1180149647	-0.0417887541	0.0098317577	-0.0479525662	0.0269354563	-0.0477540574	-0.0478893657	0.0786993237	0.1203364062	0.0092535791	0.0430743874	-0.0568404594	-0.0332644979	0.0037900975	0.0380230032	0.0055370002	-0.0065137797	-0.0106652483	0.0470280787	-0.0411789916	0.0530743	-0.0165856044	0.0549078354	-0.0407721364	0.0559913892	0.0239739393	0.0220128684	-0.0446076851	0.0812673114	-0.0038038006	-0.0695634886	-0.0707016252	0.0381402989	0.0188719554	-0.0070763465	0.1024557217	-0.0612258506	-0.1119774803	0.0720637277	0.0794487812	0.045177118	-0.0354619089	0.1438972779	-0.0582916424	0.0009937052	0.0145720683	0.0289858982	-0.1036886615	0.0104171829	0.000906057	-0.0840494853	0.1376854886	-0.0064519188	0.0085858637	-0.0521579547	-0.104959816	0.0405619248	0.0317200261	0.0641878188	0.009306661	-0.0312347058	0.06337035	0.0634279824	-0.0938398301	-0.0454691264	0.0391869113	-0.206742779	-0.0726104419	-0.0203553726	-0.0728721606	0.1185519592	0.0831653326	-0.0059533041	-0.0109973875	-0.0680183219	0.0045994281	-0.027871815	-0.0257076855	-0.0266089279	0.0014971079	-0.007095759	0.0341994983	-0.0089360691	0.0226219286	-0.0888532356	0.0128084157	-0.0672828527	0.0192250653	-0.0371093236	0.0701713088	-0.106039747	0.0679999689	0.0181102201	-0.0701601095	-0.0360136586	0.0250524038	0.0729643403	-0.0043048418	-0.1219204607	0.0030495077	-0.0081930319	0.0832548681	-0.026724425	-0.0741113714	0.0453847288	-0.0137733765	-0.0137338219	-0.0085967131	0.0060721862	-0.0077698158	0.0366667838	0.0430996353	0.0252830403	-0.0429716437	0.056056639	0.0026439785	0.0655035269	0.0296057808	-0.0312373391	0.0809672588	-0.0753650893	-0.0217427884	-0.0553278962	-0.0350793102	0.020282556	0.0885238853	-0.0023584019	-0.1113615113	0.0110499156	0.0151431147	0.0336696507	0.0228703254	-0.1204017752	0.0338173123	0.0077985749	0.0564615438	-0.0188957004	0.0363065451	-0.0303493208	0.0023167167	0.0731407436	-0.0389029196	-0.0782329887	0.0114153074	-0.033035062	0.0507823817	0.0011422907	-0.0193870819	-0.0517268902	-0.0214098363	-0.0308735405	-0.0645220656	0.0769061215	0.0096542116	-0.0837938161	0.0501275948	0.0	-0.0342682	-0.0092516999999999	0.0011743095312399	8.559395288999997e-05	0.0508971	-0.0304935999999999	0.0009298596409599	0.00259051478841	0.0454195	-0.0656605	0.0043113012602499	0.00206293098025	0.00336722	0.00074414	5.537443396000006e-07	1.1338170528400002e-05	0.0007877029999999	-0.0003912870000001	1.5310551636907826e-07	6.204760162088424e-07	-0.000753848	0.000203231	5.68286807104e-07	4.1302839361000004e-08	0.0	0.0	0.0	0.0	0.0	0.0	0.0	0.0	0.0	0.0	0.0	0.0	0.0	0.0	0.0	0.0	0.0
6285.326913261503	3.977184086721536	15.817993259671018	39505334.40656938	6375.716656546308	14.659067007211888	40649762.88456203	214.8882455219281	4260.499165442372	-8.455013164505544	71.48724761196206	18151853.13873515	4325.906173780127	8050.569197949412	1.371188	30.422226	0.0919681	0.0569236	-0.0954051721	0.0078558366	-0.0284520685	0.0303596753	-0.0154313266	0.0484200923	0.043156426	-0.0481548007	0.0326258239	0.0467430445	0.0143029396	0.1310548671	0.0002260437	-0.0170245566	0.0121425569	-0.0402267023	-0.0416999045	-0.0103254479	-0.079769771	-0.0639791022	-0.0543194279	-0.0233816031	0.0520827389	-0.0221331529	-0.0209088555	0.071903473	-0.0460251862	-0.0553455301	-0.1293122998	0.0071085081	0.0228336741	0.0458139299	0.0077253575	0.0429411893	0.0567937105	0.0728623911	-0.0575243172	0.0412960765	-0.0115317179	-0.0542226895	0.006713328	-0.0442249626	-0.0591345414	0.0032522374	0.0337614585	0.0142677752	0.0092004784	-0.1278217895	-0.1044175183	0.1145433104	0.0721330907	0.0768302407	0.0450553079	0.0197298645	0.0250617682	0.041998341	0.0949416029	-0.1096005034	-0.0317472066	0.0561749082	-0.068025156	-0.0137693721	-0.0247509068	0.0461416139	0.0738837316	0.0444843786	0.0293998398	0.0416154132	-0.0279612386	-0.0411293929	-0.0286445906	-0.0051528198	0.0364983211	0.023011435	0.0278472789	0.0314200046	-0.0226252961	-0.1051407451	0.022874938	0.0970201223	0.0540255305	-0.0262331228	-0.0358412865	0.0636116541	-0.0667693492	0.1022658686	-0.0058190889	-0.0045089135	-0.0272064134	-0.0430181325	-0.0385645873	-0.0733736397	-0.0705601346	-0.0535457004	-0.0933959171	0.1235151331	-0.0047112708	-0.0344665266	-0.0797362195	-0.0939805375	0.0668931205	-0.0415445393	-0.0107807601	0.0377059465	0.0550077535	0.095421909	-0.0330251376	-0.0093167469	-0.0365174677	-0.0196059331	-0.0492961721	-0.0284018085	-0.0043804179	-0.0262933961	0.1280682536	-0.0266465163	-0.003898565	0.0280095847	-0.0923415915	-0.0942603049	0.0209776726	0.0181387259	-0.0292934346	-0.0005097547	-0.0509416858	0.0395165464	0.0167954617	-0.0748614365	-0.0330775641	0.0448374433	0.148300961	0.0139145698	-0.0551121136	-0.0908535823	-0.066885697	-0.0713300694	-0.048033752	0.0389223358	0.0439514119	0.031197842	0.0135883637	0.0436266936	-0.0646457934	0.0161596377	-0.0544719557	0.0198509217	-0.0297036553	0.0313986134	-0.1253106443	0.0367568545	-0.0618072942	0.0664514191	-0.0403954548	0.0123546218	-0.0781319081	-0.0573959924	0.09269212	0.0387785613	-0.0369398952	-0.0159141171	0.0034973363	-0.0402916185	0.0532938903	-0.0442410303	-0.0312091177	0.0388847753	-0.0582828524	0.0396166047	-0.0712008974	0.0308137538	0.0207949288	-0.0459485489	0.0360085806	0.0279120225	0.0700033101	0.0714991835	0.0353361889	-0.0122584759	-0.0003594584	0.0481940305	0.0856223513	0.0852087482	0.0687997899	-0.0026758687	0.0195904215	0.03889251	0.019981472	0.0807047073	0.0715171504	-0.0309670201	0.0519403762	0.0129915904	0.1182476455	-0.0557870836	0.0953678178	0.0092113395	0.0187690459	-0.0126006634	-0.0522709797	0.0142218447	-0.00665014	0.0554178379	0.056495192	-0.0544531853	-0.0197098593	-0.0318227377	-0.0631468562	0.0782592828	0.0055970281	-0.0823751908	0.0549795309	0.0	-0.0189171	0.0153511	0.0003578566724099	0.0002356562712099	0.0509175	2.039999999999681e-05	4.1615999999986976e-10	0.00259259180625	0.0970872	0.0516677	0.00266955122329	0.00942592440384	0.00333624	-3.098000000000033e-05	9.597604000000204e-10	1.11304973376e-05	0.0011353	0.000347597	1.2082367440906946e-07	1.2889060899999997e-06	-0.000873849	-0.000120001	7.63612074801e-07	1.4400240001e-08	0.0	0.0	0.0	0.0	0.0	0.0	0.0	0.0	0.0	0.0	0.0	0.0	0.0	0.0	0.0	0.0	0.0
6287.324379262079	1.997466000575514	3.98987042345514	39530447.85006329	6388.669322826244	12.952666279936238	40815095.716421135	167.77156375939728	4266.92339406729	6.424228624918214	41.270713425218574	18206635.250838723	4327.929393894233	7817.282056144844	1.403679	31.143093	0.0578824	0.0341105	0.0268973807	-0.0486705215	0.0737449801	0.0492191846	-0.0035127918	0.0607483931	-0.0370870161	0.0382570105	-0.0173299439	0.0420734153	-0.1103478921	-0.0278129032	0.0716696638	-0.0858807655	0.0463962167	-0.0282337635	0.0369704525	-0.0011252816	0.0582085324	-0.0163664604	0.0407571702	0.0795593058	-0.0101212423	-0.0567250019	-0.0132411853	-0.0400123326	0.0329490601	0.0406295421	-0.0253910031	-0.0115264916	0.0059597198	0.0493313226	0.0429990106	-0.0295772139	-0.0417943285	-0.0244587977	0.0537308829	-0.0007740123	-0.1435101338	0.0937023233	0.1254316991	-0.0236557192	0.0032685226	0.0569616371	-0.0012431153	0.1316732988	0.0491255088	-0.1026067392	-0.0586781418	0.0776795709	-0.0582828441	0.0844892104	0.0630343714	0.0895837343	0.028100436	0.0988158389	-0.0127792652	0.0251084813	0.0695481958	-0.0242688994	0.0731700726	0.0156563592	-0.037864312	0.0453910658	0.159585177	-0.0375979097	0.0533397427	-0.0229135346	-0.0604511927	0.0147036226	0.0655800755	-0.0424951536	0.0817979161	-0.000141941	0.0039142894	-0.0819422651	-0.0833202719	0.0484592297	0.0405251595	0.0016953717	0.123822781	-0.0198476233	-0.0269711802	0.1181781242	-0.0499653456	-0.093832614	-0.0283025959	-0.0106936528	0.1146712613	-0.0479970513	-0.004313815	-0.0270015111	0.0385771192	-0.085887723	0.0206726471	-0.0829414228	-0.0144280543	-0.061052691	0.0026735227	0.0535089365	-0.0446651409	0.0064786577	-0.0401076089	0.0144909679	-0.0487499968	-0.0563859463	-0.0446337577	0.0476918609	0.0718629182	-0.0091881563	-0.0136794704	0.0955664177	-0.05239797	0.0407958316	0.0518409227	-0.007581629	0.0252590855	-0.0619660425	0.0032332427	0.02453356	0.0490007515	0.0819199762	-0.1112058758	-0.0174155447	-0.1026332062	-0.0768618669	-0.1357579633	-0.0289301847	0.0699446485	-0.1175895292	0.042680965	0.0413006732	-0.0781954339	0.0589091379	-0.0274577269	-0.0977883428	-0.0159335604	0.068058218	-0.0325018972	0.0176272227	-0.1199654807	0.0462247602	-0.070500947	-0.0367961433	0.0636975699	-0.0177269128	-0.0796490738	0.1094288156	-0.0128545491	-0.0711340105	-0.0132267473	0.0133077024	0.0671150136	-0.0763782721	-0.0933105517	0.0597530592	0.053870617	-0.0388698067	-0.0112786512	0.0755339589	-0.0585358786	-0.1468856588	0.0388532071	-0.0143771353	-0.042302187	-0.0155524046	0.0035421032	-0.0553584101	8.68897e-05	0.1132405907	0.1544966626	0.0116687282	-0.0387039808	0.0532287374	-0.0688960785	0.0289251244	0.0234835905	-0.0297661096	-0.02913372	0.0165175167	-0.1547144903	-0.031227261	-0.0777153228	0.0439998602	0.0002399164	0.0316115785	-0.0137568868	0.0363299869	-0.0999082353	-0.0239603517	-0.041051597	0.0455541092	-0.0195414329	0.0020808851	-0.0406792772	0.0685172293	-0.017564198	-0.0156719954	0.0597506784	-0.057249153	-0.0193913361	-0.0033009913	0.0150193075	0.0127403638	0.0545090639	-0.0327675292	-0.061736679	0.0795149427	0.0015274489	-0.0806715369	0.0595575618	0.0	-0.0246884	-0.0057713	0.00060951709456	3.330790369e-05	0.0812665	0.030349	0.000921061801	0.00660424402225	0.0893797	-0.0077074999999999	5.940555624999988e-05	0.00798873077209	0.00314207	-0.00019417	3.7701988900000014e-08	9.8726038849e-06	0.00112386	-1.1439999999999933e-05	1.3087359999999842e-10	1.2630612996e-06	-0.000949331	-7.548199999999998e-05	9.01229347561e-07	5.697532323999997e-09	0.0	0.0	0.0	0.0	0.0	0.0	0.0	0.0	0.0	0.0	0.0	0.0	0.0	0.0	0.0	0.0	0.0
6280.711871138412	-6.612508123666885	43.72526368556055	39447341.60825897	6357.544713381689	-31.124609444555063	40418374.78264746	968.7413130760862	4264.446951597966	-2.476442469323956	6.132767303871334	18185507.802993186	4328.977061817947	7946.425804954955	1.337755	29.680458	0.09453805	0.0610945	-0.0666247784	0.0399698962	-0.0340171351	-0.0696789135	-0.038301342	0.036456005	0.0192373798	0.0525588914	0.046788677	-0.0276307489	-0.0110164403	0.0549338969	0.0881673503	-0.0133580626	0.0587893516	-0.0447000793	-0.0181805316	0.1025472575	0.0053098266	0.0300575314	-0.0494415827	-0.0014675467	0.1132116187	-0.0471125016	-0.0533399103	-0.0788358677	0.0346989528	-0.0316774312	-0.057904456	0.0163256237	0.0187834801	0.0158190639	0.0074352281	0.097446764	-0.018644652	0.0150193199	0.0275546158	-0.0763713002	-0.0122572539	-0.0967419061	0.0886266217	-0.0850150049	0.0293815703	-0.0771164556	0.1388772456	0.0711704959	-0.0589192519	0.0365023096	0.0669333932	-0.0320305828	0.1067611148	-0.0699628818	-0.0456419727	-0.0570232151	-0.1025197584	0.0468884849	0.0123882776	-0.0045050031	0.0585579061	-0.0078434135	-0.0952301692	-0.005270471	0.078952985	-0.0494660584	0.1291503338	-0.0044221998	-0.120428602	0.0305741158	0.0121382851	-0.018555961	0.0832529361	-0.0464203884	0.1071533495	-0.0293212804	0.0549669007	-0.0303786686	0.0265925505	0.0632690171	0.0664910561	0.0103844792	0.0773234416	0.0994947382	0.0899074855	0.0075496864	-0.0769557904	0.1320819788	0.0542117393	-0.1565838384	-0.106595509	0.0641883511	-0.0447513061	-0.0191368311	0.0532647386	-0.0704613936	0.0065519011	-0.0470600026	0.0148531514	0.06079523	0.0084415653	0.0693672569	0.0530490709	-0.0580893405	0.0087194053	-0.0973362643	0.0232019019	0.0074749001	0.026727445	0.0545624505	-0.0843719435	-0.0457400861	-0.0122974181	0.0941335639	-0.0407170005	-0.0533075448	0.0176290767	0.0209981123	-0.0844491824	0.0843975814	0.0073807426	-0.0160983364	-0.0341842636	-0.0215385646	-0.0205705412	-0.0677804983	-0.0950591148	-0.02853073	0.0987370722	-0.0512867085	-0.0380807358	-0.0880610999	0.0634215471	-0.1330525091	0.0638762716	-0.0293567666	-0.0337651431	-0.0561160286	0.0046176909	0.0600906236	0.022262365	0.0476186697	-0.0315115404	-0.0672101283	-0.016048277	0.0364182233	-0.0271396166	-0.0148867143	-0.1118986343	-0.1860952811	0.0709945127	-0.0530687705	0.116035983	-0.0167964405	-0.0148395846	-0.0896009763	-0.0113906066	-0.1212615161	-0.0096405987	-0.0588576229	0.0727329311	-0.1031261711	-0.0193539736	0.0375618551	0.0653507219	-0.0267499115	-0.0246463455	0.0012632919	0.0164390373	0.0045703983	-0.0361707148	0.0434980906	0.1204340392	-0.0741639399	0.0215002177	0.0135169828	0.0070142088	-0.1114922572	-0.0402735075	0.1700334442	0.0434621398	-0.0444991131	-0.1114334515	0.0693063884	0.0435220031	-0.0353213675	0.0407935085	0.0089477542	0.0365965172	-0.0614219325	0.0129824754	0.0337089488	0.0604238786	0.0681624147	0.0805377227	-0.0111144953	0.0646018498	0.040679342	-0.1039087578	0.0846257732	-0.0552948856	-0.0228681907	0.0373823893	-0.0326867508	0.1450301256	-0.0368101444	0.0954406543	-0.0337077843	-0.0602923148	0.0806715369	-0.0025455132	-0.0786887493	0.0638388799	0.0	-0.0189173	0.0057710999999999	0.00035786423929	3.3305595209999974e-05	0.0300897	-0.0511768	0.00261906485824	0.00090539004609	0.0894147	3.499999999999337e-05	1.224999999999536e-09	0.00799498857609	0.00368359	0.00054152	2.932439104000003e-07	1.35688352881e-05	0.00110976	-1.4099999999999963e-05	1.9880999999999895e-10	1.2315672576e-06	-0.000753848	0.0001954829999999	5.68286807104e-07	3.8213603289e-08	0.0	0.0	0.0	0.0	0.0	0.0	0.0	0.0	0.0	0.0	0.0	0.0	0.0	0.0	0.0	0.0	0.0
6289.3644312741735	8.652560135761632	74.86679690297136	39556104.94937671	6389.29350398137	31.748790599681342	40823071.48001853	1007.9857045424144	4265.298960855299	0.852009257332611	0.7259197745804674	18192775.22547329	4326.492382190297	7776.775037978978	1.313182	29.135258	0.1086491999999999	0.0679662	0.0414502519	-0.0230157863	0.032310929	0.0584874664	-0.0833664455	-0.0349662184	0.037253536	-0.0291031885	-0.013511051	0.0634201084	-0.0821504144	-0.0632610944	0.1110520924	0.0599090363	-0.0491220371	0.0192641985	0.0509769017	-0.006003686	-0.0841328245	-0.0094803182	0.030413896	0.0679172519	-0.0882397515	0.0456417291	0.0105916652	0.0618312134	0.0669023245	0.0445214479	-0.0331357249	0.0588899624	-0.0842711905	-0.0537272169	-0.0099086229	-0.0899271634	-0.0716321375	0.0906556597	-0.0210261435	0.085849253	0.0322336762	-0.1701989992	0.0081013578	-0.1265645216	-0.0653728377	0.0586163772	0.0168762984	0.0076736796	-0.0289359504	0.0816560356	0.0113315537	0.0579357736	0.1301640033	0.0868602791	0.0766080097	-0.0155927545	0.0269749102	-0.0134025582	-0.181894047	0.0678513269	0.0013478043	-0.0255035622	0.057589837	-0.0408700521	0.0089459806	-0.1133344551	-0.0794135446	0.0367184779	0.0208486403	0.0687952853	-0.0021435293	-0.0871932791	-0.120413156	0.0093672531	-0.0212937833	-0.0308609536	0.0602774429	0.1424453703	0.0628800329	0.0148958626	0.0070604927	-0.0061653401	-0.0109468001	-0.0545753162	-0.0259830954	0.0794296743	-0.0589359316	-0.0835549112	0.0190664483	-0.056117996	-0.0251225247	0.0349035024	0.0096081496	-0.0143135076	0.0444800232	0.0436102348	-0.0375955656	-0.1669431687	-0.0585530417	-0.0185575683	-0.0260769486	0.039926643	-0.0060805551	0.0704379076	-0.0663501041	0.0325014904	0.0547734361	0.0348013142	-0.0252748935	0.003721534	0.0884136466	0.030399051	0.0196409339	-0.0839892968	-0.0059791963	-0.0444475648	0.0930947166	-0.0345597543	0.032880053	0.0182004719	0.0840618407	0.0764652907	-0.1128362228	0.0762566565	-0.0651933275	-0.0566813266	-0.0269760871	0.1439719809	-0.0193157228	-0.0375521539	-0.0959548722	0.017058083	0.0161915439	-0.0384908171	0.0777462402	0.0869247039	0.0103504869	-0.0192913544	0.064118823	-0.0849104483	0.0708330328	0.0004191816	-0.1044606856	-0.0415112047	-0.0113386736	0.0892265794	0.1196626242	0.0408720561	0.0952851461	0.0108099879	-0.0653166156	0.0540868915	-0.0105671246	0.1068211599	-0.0483224024	-0.0072924456	0.0915310099	-0.070894396	-0.0789838217	-0.0868371144	-0.0191541096	0.0550740473	0.0053517296	0.0812213474	0.0468860407	0.0715463381	-0.0384297076	0.0267593388	0.028394207	0.0454150023	0.0709195622	0.0776548338	-0.0036307299	0.0755550875	-0.0465811205	0.078648325	0.0340093029	-0.0112655276	-0.1000531244	-0.1107132168	-0.0020685584	0.0048057983	-0.0226757459	-0.0364269503	-0.0467093225	0.0525673268	-0.0412791647	0.0343903091	-0.0845944284	0.0284636789	0.037462979	-0.0807106622	-0.0136464862	-0.051458689	-0.0216339548	-0.0223475228	-0.0152859258	0.0163150445	0.0320772354	-0.0166725736	0.0404870929	-0.0002509422	-0.0388453035	-0.0121623088	0.1207809565	0.1093481969	0.038719473	-0.0346433727	-0.0588145635	0.0817276244	-0.0066128377	-0.0764336887	0.067802156	0.0	-0.02486	-0.0059426999999999	0.0006180196	3.531568328999998e-05	0.0837944999999999	0.0537047999999999	0.0028842055430399	0.0070215182302499	0.0917376	0.0023229	5.3958644100000124e-06	0.00841578725376	0.00299438	-0.00068921	4.750104241e-07	8.9663115844e-06	0.00110971	-4.99999999999199e-08	2.4999999999919903e-15	1.2314562841e-06	-0.000998164	-0.0002443159999999	9.96331370896e-07	5.969030785599998e-08	0.0	0.0	0.0	0.0	0.0	0.0	0.0	0.0	0.0	0.0	0.0	0.0	0.0	0.0	0.0	0.0	0.0
6283.180758185772	-6.18367308840152	38.23781286422119	39478360.44003593	6373.946583717977	-15.346920263393258	40627195.05209007	235.5279615709506	4269.654876439598	4.35591558429951	18.97400057754334	18229952.76390444	4337.354939418163	7939.973412915157	1.259749	27.949762	0.2258835	0.108826	-0.0573738136	0.0248629193	0.017746016	0.0363835316	0.046184046	0.119347528	0.0099372584	-0.0199102042	0.0114180828	-0.0678223531	-0.002412104	0.0797662855	0.0061251026	0.0691168797	0.0678438648	-0.0910415464	-0.0007927379	-0.0166572483	0.021584913	-0.0548823831	0.0006527636	-0.0944775634	0.0977902474	0.0321939193	-0.1407564864	-0.1400537112	-0.0338155425	-0.0246995699	0.1084492597	0.0416866188	0.0618601744	0.0014182728	0.0157559795	0.0427611214	-0.1668848781	-0.0425360442	-0.0085615702	0.0194466879	0.0837412123	0.0306134008	-0.0119971585	0.0286790468	0.0333385058	-0.0024301377	0.0608875586	0.0211957966	-0.0960411754	-0.0454569913	0.0493574791	-0.0252613349	-0.0377540683	-0.0574082742	-0.0112098325	-0.0025264897	0.0844594287	0.0325462383	-0.0614809569	0.0661858303	-0.0162590624	0.1283682366	-0.0991735612	0.0061095021	0.0857399368	-0.0964275904	0.0126298497	0.098971617	0.0422766725	0.0616484847	0.0086817365	-0.007591674	-0.0568045554	-0.0494995673	-0.1179965669	-0.0392867446	-0.0727869377	0.0421686335	0.046350485	-0.0109816553	0.0480717561	0.0536738813	0.0931665048	0.0566058519	-0.0252586569	-0.0240240861	-0.0246119409	0.0443253237	-0.0296931541	-0.0789681117	0.0260506216	-0.0258372365	-0.0195834339	0.0624491103	-0.1071417821	-0.0458489364	0.0728457372	-0.0085004403	-0.0224284248	-0.0718437575	0.1659979371	-0.0968430455	-0.0165729827	-0.094943359	-0.0144524585	0.0393847816	-0.0782970677	0.0233024046	-0.0271641716	-0.0139650204	-0.1322459735	-0.0420400388	-0.0434383561	0.1096327193	-0.0539270787	0.1084861012	-0.0674132473	0.0222107566	-0.084268857	-0.0318134851	0.0480080196	0.0381472889	-0.126615004	-0.048016139	0.0752951512	0.0226762792	-0.0103898628	0.0673121588	0.0290271061	-0.0747472663	0.0568767784	0.0558479162	-0.0131391119	0.0302646202	-0.0008151663	0.0701661082	-0.065833116	-0.0764291289	-0.0618010432	0.0219255474	0.0161124492	-0.0892265416	0.0837789467	0.084500881	0.0444746545	0.0206241719	-0.0313036364	-0.0596275194	-0.079750506	-0.0344193578	0.0317600966	-0.0015106985	0.0298880921	0.0687918698	0.0095427228	0.0547087653	0.0361533435	0.0946865321	-0.1121391761	-0.0600138051	0.0106426637	-0.0269424261	-0.042722424	0.1361957037	0.0491475755	0.1177861249	-0.0427106683	0.0097921099	0.0417397502	0.0483532594	-0.0096744039	-0.004905897	0.0874720017	-0.081218036	0.0380100683	-0.0059762623	0.020682921	-0.0374262806	-0.038298577	0.0336902918	0.0880337884	-0.0953138147	0.1373667464	0.0717016799	-0.0226172751	-0.0685707584	0.0692177905	-0.0011727574	0.0292832811	0.0697164681	0.0029104736	0.0093260733	0.0934354429	0.0891594756	0.0398731984	-0.0043540068	-0.0033863525	0.0685730616	-0.0517851824	0.0495732083	0.054672991	-0.111635045	0.0857439968	-0.0551670792	0.1133592285	-0.021590533	-0.0018344173	-0.035574165	-0.0573042433	0.0826818895	-0.0106655167	-0.0739141579	0.0714276451	0.0	-0.0315078	-0.0066478	0.00099274146084	4.419324484000003e-05	0.0289937	-0.0548007999999999	0.0030031276806399	0.00084063463969	0.0309464	-0.0607912	0.00369556999744	0.0009576796729599	0.00400257	0.00100819	1.0164470761000007e-06	1.6020566604900005e-05	0.000362388	-0.000747322	5.584901716840002e-07	1.31325062544e-07	-0.000680802	0.0003173619999999	4.63491363204e-07	1.0071863904399999e-07	0.0	0.0	0.0	0.0	0.0	0.0	0.0	0.0	0.0	0.0	0.0	0.0	0.0	0.0	0.0	0.0	0.0
6286.661367862919	3.4806096771471857	12.114643724650636	39522111.15418007	6368.244313036274	-5.70227068170243	40554535.63051885	32.5158909274031	4267.649104345642	-2.005772093956693	4.023121692895419	18212828.87782216	4335.312131433579	7870.081354461447	1.0533	23.369316	0.2259449500000001	0.113319	-0.0093574488	0.009228849	0.0006702418	-0.0037210661	-0.0155595479	-0.0313747021	0.0005133628	0.050815523	0.0983608694	-0.0017731213	-0.0346841421	0.0031283295	0.023654311	0.0339060703	0.0381890396	-0.0173281389	0.018623907	0.072316788	0.0426943003	-0.0130205801	-0.0798988353	0.0832614565	0.0287548427	-0.0084384223	0.0034803794	-0.022325301	-0.1275196504	0.0170813378	0.1034977555	0.0425870359	-0.0133579945	-0.0969044451	-0.0663687862	-0.0053881467	-0.1038627783	-0.0678775955	0.0466757191	-0.0701146833	0.0143585069	0.0439516146	0.0546196837	0.0551597877	0.043837567	0.0736226264	-0.029226745	-0.0091849928	0.0241043789	0.0426000901	-0.0477736026	0.0378357016	0.0090050437	-0.0157912799	0.1338628249	-0.0298076354	0.0414244397	0.0762481796	0.0289576545	0.0220865985	-0.0252730652	-0.0142784552	-0.0003417315	-0.016252569	0.024992841	-0.0194785053	-0.0186590967	0.0385109157	-0.0330727204	-0.0516203217	0.0378733553	0.0513543564	-0.0149630524	0.0082211051	-0.0220845903	0.0313097857	0.0489093383	0.0263282178	0.0672919137	-0.0623987688	-0.0466847965	-0.0132841691	-0.0409691502	0.0099773964	0.0115782964	-0.0290915928	-0.0995766544	0.0670337822	0.0396496628	0.0475669972	0.0822378783	-0.0486179045	0.0463040562	-0.030628244	-0.0792596815	-0.0525360722	-0.107714423	0.051439195	0.0529428586	0.0973086644	0.0272452704	-0.0258397535	-0.0027505453	-0.0138597835	0.010930659	-0.0548264863	-0.0409835008	0.0442931254	0.0679426748	0.1124964902	0.032973613	-0.0080682576	0.0372418871	0.0553965078	-0.0230720329	0.0848531689	-0.089607006	-0.070310632	0.0058966949	0.0558999766	0.0561386866	-0.0121496172	-0.056955769	-0.1052245317	0.0691227185	-0.0512990232	0.0871692381	-0.0044744448	-0.0117888765	0.0497704245	0.1003388048	-0.0563090366	-0.0437379183	-0.0075228421	-0.0738388029	0.0582633875	0.0884312921	-0.0687480225	-0.0471848605	-0.0317294701	0.0650092638	0.0446661836	-0.0473465289	0.0724180012	-0.0410000222	-0.0121127382	-0.0471681857	0.0328948932	-0.0352205908	0.0289441295	0.0398034908	0.0341840602	-0.0384706588	-0.0388501	0.0109525738	-0.0006743167	0.0281925455	0.0207735464	0.005120646	-0.0608724206	-0.1525476125	0.0301694758	-0.0461329952	0.0902130724	-0.0110358148	-0.0138022271	-0.0390310229	-0.0034477712	-0.0654604433	0.09090971	-0.0414289475	-0.0699602209	-0.0611886691	-0.0725759269	0.0222470886	0.0526936107	-0.0297642502	0.041309	0.0443894961	-0.0207604603	-0.0290976085	-0.0031597894	-0.0597894176	0.0105131145	0.0245631437	0.0453224524	0.0001326979	0.0282053741	-0.0755538515	-0.0650574722	-0.0471135881	-0.0062627542	0.0343584868	0.0170217562	-0.0551666488	0.0383845391	-0.0243258658	0.0722972995	-0.0397629158	0.0760643802	-0.0279802035	0.0539512044	0.0570206641	-0.0514596765	0.0549213229	-0.061190397	0.0905834679	-0.0365000323	-0.0557621907	0.0835331432	-0.0146945747	-0.0711388748	0.0746972852	0.0	-0.0320363	-0.0005284999999999	0.0010263245176899	2.793122499999939e-07	0.0846322	0.0556385	0.00309564268225	0.00716260927684	0.102693	0.0717466	0.00514757461156	0.010545852249	0.00315872	-0.00084385	7.12082822500001e-07	9.977512038399998e-06	0.00124125	0.000878862	7.723984150440001e-07	1.5407015624999998e-06	-0.000918717	-0.000237915	8.44040926089e-07	5.6603547225e-08	0.0	0.0	0.0	0.0	0.0	0.0	0.0	0.0	0.0	0.0	0.0	0.0	0.0	0.0	0.0	0.0	0.0
6276.955457523853	-9.705910339066577	94.20469550999948	39400169.81573848	6387.707889741642	19.463576705367814	40802812.08466762	378.8308181657366	4264.2809066099	-3.3681977357418877	11.344755987056775	18184091.65047775	4330.4833218620815	7896.523808369091	1.008855	22.383234	0.1544102	0.0778645	-0.0267362396	0.0121511047	0.0543508895	0.0858743944	0.00283512	0.0055804296	0.0557305097	-0.0244454031	0.057834915	-0.0820628181	0.0471046016	-0.0416187897	0.0885302202	0.0640325112	0.0677356729	-0.0291899681	0.0116200314	-0.0610941091	-0.095149907	0.0083409692	0.005805574	-0.018722538	0.0401872676	-0.0309904074	0.0057087048	0.021918921	-0.0447685199	0.0241073742	-0.0700810071	0.1037883938	-0.022958388	-0.0334640547	-0.0060919251	-0.0726304116	0.0583421167	-0.007334027	0.0484037004	0.0142725938	0.0257010802	-0.0283707128	-0.0117256258	0.0586476436	0.1829772446	-0.0890982385	0.0044390185	-0.060236594	0.0149498229	0.0748640489	-0.0430974219	-0.0389333632	0.0600277306	0.0329057395	0.1595331987	0.0686509003	0.0671409086	0.0161301734	0.0066077983	-0.1285809135	-0.0037919875	-0.1092882497	-0.0931548968	5.4956e-06	0.1025211536	-0.0593784865	-0.0471339538	-0.016329143	0.0019852341	0.050022272	0.1286074539	0.027839267	0.0043238993	-0.0007994551	-0.0378531536	0.088681799	-0.0913979319	-0.0412737019	-0.0269261332	-0.0215448288	0.0494700714	0.0339998791	-0.048259725	-0.004822012	0.0504915348	-0.0439372671	0.074993302	0.0711551633	0.0352387501	0.0877828519	0.0986398813	0.0461175606	-0.054663837	-0.0035363933	0.2590964658	0.0147579101	0.0491115094	0.0111759852	-0.0232758043	-0.0590106112	-0.0290434157	0.0814428176	-0.0296202025	-0.0129647234	-0.0477521479	0.0909941737	0.0339547745	0.0303976922	0.0416848652	0.0124495041	-0.0777526307	0.028200069	-0.0239473049	-0.0322097098	-0.0537842082	-0.0144843888	-0.0095548536	-0.1075254444	-0.0282594548	0.034608312	0.0264371158	0.0229564239	0.0282589014	-0.0352840513	0.0697922689	0.0239324298	0.1037326567	-0.0277600396	0.0022190187	0.1291448168	0.0661181387	0.0500719274	0.0003694407	-0.09193186	0.0736263502	-0.0305832313	0.0079552418	-0.007274532	-0.0242844224	-0.1295131973	0.1444397031	0.1113192498	-0.023248059	0.023505079	0.0898455892	0.0089448127	-0.0140940413	0.0854630173	-0.010409062	0.0439987997	-0.1133841131	0.0360461251	-0.0298527202	0.0412545585	-0.0044929072	-0.0191679626	0.1055423782	0.0233899392	0.0392899109	0.1180019787	-0.0118223741	-0.0097225025	0.0442930204	0.0183161925	-0.1388039569	0.0650915668	0.0401767562	-0.0579842922	0.0053981398	0.001103993	0.0744385068	0.1005577579	-0.0128263404	-0.0193050232	-0.0873844307	-0.0776137523	-0.1353401941	0.0436866901	-0.0303448742	0.1146213668	0.0269257341	0.009732777	-0.0897888839	0.0265136029	-0.0238483822	-0.0205406766	0.0464825918	-0.0136128433	0.0111897079	0.0252537561	0.123949451	0.0073365142	0.0814091952	-0.0028669812	-0.0338119542	-0.0503218022	0.0254985664	0.0586516857	-0.0390009151	0.0212216828	-0.0356541792	-0.025136714	-0.0418925718	0.05127166	0.0820431105	0.0224824027	-0.0013786687	-0.0374208465	-0.0541892595	0.0842803251	-0.0186910884	-0.0681174421	0.0775947873	0.0	-0.0286121	0.0034241999999999	0.00081865226641	1.1725145639999969e-05	0.0327058	-0.0519264	0.00269635101696	0.00106966935364	0.0624612	-0.0402318	0.00161859773124	0.00390140150544	0.00371686	0.00055814	3.115202596000004e-07	1.38150482596e-05	0.0007877029999999	-0.000453547	2.0570488120909069e-07	6.204760162088424e-07	-0.000753848	0.000164869	5.68286807104e-07	2.7181787161e-08	0.0	0.0	0.0	0.0	0.0	0.0	0.0	0.0	0.0	0.0	0.0	0.0	0.0	0.0	0.0	0.0	0.0
6275.254309262286	-1.7011482615662317	2.8939054078298123	39378816.6459149	6355.736267959291	-31.971621782351576	40395383.50785309	1022.1845993937378	4263.677196603705	-0.6037100061948877	0.3644657715798313	18178943.23683843	4329.727437376744	7784.954745373877	1.065218	23.633751	0.17030125	0.0862726	0.0103091722	0.0220857179	-0.0086225698	0.0126958613	0.0902946172	0.0166270056	-0.0376893923	0.0162270754	0.0528162947	0.0373354651	-0.0326637991	-0.0900863081	0.0748829537	0.0369517446	0.0130673893	0.0001522387	-0.0263594572	0.0191880511	0.0827029152	-0.0860803932	-0.0131489809	0.068588565	-0.0764385304	0.0892928037	-0.038919075	-0.013182469	0.0593809752	0.1014621954	0.1231299886	0.0714719313	-0.0073870614	-0.0543230265	0.2111299437	-0.0545065271	0.0254329538	0.0283777754	0.0053250703	0.0391106731	-0.0326351136	0.0515347831	-0.0518692346	0.0524448299	0.0540988683	-0.1012044181	0.0750707825	-0.0650481003	-0.02273	-0.0855355382	-0.0244828455	0.0612961708	0.0138157391	-0.0337276149	0.0637942153	-0.0640399544	-0.1107153166	-0.0610234615	0.00653357	0.0078306028	-0.1332143108	0.0606322871	0.0858430565	0.0402956938	0.0963447938	0.062100529	-0.1011368157	-0.1245616549	0.0218216867	0.0470365469	-0.0346655292	-0.0475675642	0.0255076456	-0.0108547023	0.0713278359	0.0496617992	-0.0223254795	0.0894441012	-0.0198326604	-0.0087059127	0.0622102177	-0.0336187287	0.0604088147	-0.0168279144	-0.0966841887	-0.0884607141	-0.0869228969	0.0031898055	0.0349053368	-0.0627538223	0.0375136601	0.0188414882	-0.0992720244	-0.0099817182	-0.030635727	0.0159043822	0.0112407793	-0.0285848617	-0.0227493685	0.0171527008	-0.0042757647	0.0065674227	0.0229223596	-0.0177174845	0.0564828562	-0.002876473	-0.0717786943	0.0338825572	-0.0345229043	0.0268178116	0.1015221824	-0.0376676535	0.0374152551	0.0682751054	-0.0793975604	0.0820017686	0.0253910883	-0.0397552284	0.101743022	-0.0833709186	0.023729926	0.0789701105	-0.0798994157	0.0656813079	0.0412643526	0.0681082183	0.1022960547	-0.1121585173	-0.0576624692	-0.0077028028	0.0017749986	-0.0146874176	-0.0291447333	-0.0495649695	0.0943109361	-0.0368702494	-0.0635302014	0.0401742857	0.0350580547	-0.0348517064	0.027398617	0.0067542215	0.2200163645	-0.0263301548	-0.0558394506	0.0956817359	0.037204263	-0.0300429776	-0.0123834773	0.1221922838	0.0269151364	0.0590147612	-0.1350735798	0.0515455348	-0.1294587058	-0.0044205575	0.0197456932	-0.075170412	0.0203593606	-0.1055937372	0.0345841989	0.0595717508	-0.0475798791	-0.005112381	-0.0536583999	-0.0605182935	-0.0707897756	-0.0161199329	0.0195861942	-0.0009598793	0.0589899384	-0.0161853221	0.0429456474	0.0499736763	0.0344139393	0.0967097674	-0.0309265936	0.0098276932	-0.0530868636	0.1533138046	0.0840382545	-0.122981532	0.004460591	-0.0001246957	0.0359931556	0.0324104593	-0.0035717019	0.0022527632	-0.0641795291	0.0681620139	-0.1042295281	-0.0615761897	-0.0130639638	0.0486221754	-0.0123722554	0.006730614	-0.0455395629	0.0859136931	-0.0195354102	0.0374820682	0.0843013751	-0.0087082447	-0.0090996923	0.0195234058	-0.0279139561	-0.0110213262	0.0728195785	-0.0383364799	-0.0525863208	0.0849225041	-0.0226462068	-0.0648603145	0.080105716	0.0	-0.0329009	-0.0042887999999999	0.0010824692208099	1.839380543999996e-05	0.0860572	0.0533514	0.00284637188196	0.00740584167184	0.114961	0.0524997999999999	0.0027562290000399	0.0132160315209999	0.00313107	-0.00058579	3.431499241000001e-07	9.8035993449e-06	0.00119172	0.0004040170000001	1.632297362890809e-07	1.4201965584e-06	-0.000967266	-0.000213418	9.35603514756e-07	4.554724272400002e-08	0.0	0.0	0.0	0.0	0.0	0.0	0.0	0.0	0.0	0.0	0.0	0.0	0.0	0.0	0.0	0.0	0.0
6273.275661662935	-1.9786475993514612	3.915046322419301	39353987.52721253	6357.110935917607	1.3746679583164223	40412859.45156323	1.889711995621841	4264.046552660487	0.3693560567817258	0.1364238966813454	18182093.00325578	4328.894233911014	7809.071202642436	1.064319	23.613802	0.19944775	0.10637	0.0026013223	0.0099733105	0.0425752051	-0.0126666476	-0.0058246465	-0.0237772737	0.0517276007	0.0645656366	0.002351885	-0.1162921889	0.0957422331	-0.0852326788	-0.0085332631	0.0454290826	0.0815995753	-0.0219654699	-0.0025098244	0.0165476292	0.0038751513	0.095544269	-0.0109841306	-0.0166239044	0.072906364	-0.0718459756	-0.0296551317	0.0131885726	-0.0428580739	-0.0060116616	-0.0121161161	0.0713332031	-0.0260119469	-0.0570712243	0.0317650416	0.0881245387	-0.0224743693	-0.041882947	0.0770899341	-0.0529430536	0.0372591624	0.0143484636	-0.0056522614	-0.0260342265	-0.0034818553	0.0876701858	-0.0404020491	-0.0727827148	0.0222253014	0.0637257975	0.0333355585	-0.1052630434	0.0058934832	0.0708392893	-0.080813768	-0.0632043837	-0.0390431874	0.0480598741	0.0263085976	0.0221487488	0.0133988365	0.067955416	-0.0500430021	-0.1129611336	-0.017440887	0.0716014103	-0.029204103	-0.092110916	0.0165041781	-0.0393953513	-0.088804106	0.0349306291	0.0281937293	-0.0291411505	0.0159009205	0.1597150993	0.0053249476	0.0464826615	0.0472396535	0.1182194103	0.053881968	0.0049159251	-0.0329582155	-0.1335977954	0.0444738654	-0.0755512588	-0.0035516829	0.1158014605	0.0797649955	-0.025256918	0.0831876494	-0.1194907518	-0.0878670522	-0.0563022715	0.0641393868	0.0257393904	-0.0996171295	-0.0839315418	-0.0923915117	0.0547454856	-0.0725246577	0.031241897	0.0495954271	-0.0185688678	-0.0237195209	-0.0323017018	0.0130383914	-0.0689432152	0.0914021216	0.0211847783	-0.0635654748	0.0549601262	-0.0562265231	0.0127923425	-0.0362895436	0.0671597312	-0.0034126179	-0.0620777072	0.0190474382	0.0894454951	-0.0015496997	-0.002400044	-0.0347782211	-0.0422336665	0.0492768585	0.0017437981	-0.0054564183	-0.0710266055	0.0312874092	0.0776112743	-0.0220727565	-0.0085144386	0.0127513599	-0.040246856	-0.0644822787	0.0385217041	0.0890815639	0.0471333396	0.0941163328	-0.1150309492	-0.0947643206	-0.0393759013	0.096780949	0.0001214697	0.0043284297	-0.003915724	-0.0392479718	-0.0175246143	5.3664e-06	-0.0721801663	-0.0106925668	0.1166468492	0.0131462273	-0.0227994172	0.0976978067	-0.0655845196	-0.0477406859	-0.071542133	-0.0297943471	-0.0895326329	0.0122665557	0.0055226682	-0.0547036688	-0.1635921254	-0.087749338	-0.0520732908	0.017081068	-0.1087811847	0.0894586236	0.0621881976	0.0624081622	0.0980450814	0.090283858	-0.0385909752	0.0294697017	-0.1086814137	0.0346633327	0.0048123631	-0.0039614724	-0.0032051473	-0.062370973	0.0466788431	0.011780312	0.0085162157	-0.0572938619	-0.0462050272	0.0333962937	-0.0303977918	-0.02177833	-0.0963641772	0.014269902	0.0620535967	0.0775589798	0.0081503802	-0.0807599622	0.0192592226	0.020513192	0.1002390887	-0.0355609172	0.0117301939	-0.0319279009	0.0532637851	0.0808506219	-0.0194466574	0.0354172515	-0.0660924992	0.0023753562	-0.0392468059	-0.0509542622	0.0854588803	-0.0265511704	-0.061378762	0.0822175621	0.0	-0.0375103	-0.0046094	0.00140702260609	2.124656836000006e-05	0.043788	-0.0422692	0.0017866852686399	0.001917388944	0.0337991	-0.0811619	0.0065872540116099	0.0011423791608099	0.00394178	0.0008107099999999	6.572507040999994e-07	1.5537629568399997e-05	0.0007877029999999	-0.0004040170000001	1.632297362890809e-07	6.204760162088424e-07	-0.000753848	0.000213418	5.68286807104e-07	4.554724272400002e-08	0.0	0.0	0.0	0.0	0.0	0.0	0.0	0.0	0.0	0.0	0.0	0.0	0.0	0.0	0.0	0.0	0.0
6273.5013324404445	0.2256707775095492	0.0509272998217644	39356818.968132034	6359.989736616782	2.8788006991744624	40449469.4498708	8.287493465567373	4260.127511562045	-3.919041098441994	15.358883131277432	18148686.41476782	4327.83058494642	7930.432415528309	1.140741	25.309362	0.17444335	0.0923346	-0.0488183025	0.0238588924	-0.036208145	0.0322263008	0.0401413165	-0.0093174831	0.0429996028	-0.0242573495	0.0236884724	0.0467984962	0.1987754988	-0.0201053453	0.0094198654	-0.0215446176	0.0281342928	0.0068288359	-0.0446317797	0.0165783651	-0.0657141836	-0.0817655905	-0.0298389475	-0.0019320347	0.0570039323	-0.0078494922	-0.0869366407	-0.0617353118	-0.0520943599	-0.0967865762	-0.148336822	-0.061953145	-0.0217672472	0.0728995293	0.0452291754	0.0017196051	0.0920020669	0.0207560808	-0.0293421712	-0.0113552893	0.1330999232	-0.0068777174	-0.0088413569	0.0237099488	-0.0617746321	0.055568871	-0.0285545727	0.0321623273	0.0206987643	-0.0629547839	-0.0390453656	-0.0641817066	-0.0655640219	0.0004446368	0.0766106329	0.0895781123	-0.0196837657	-0.031559623	0.0598107607	0.0130352069	-0.0035292828	-0.0341458229	0.0217983881	-0.0577469791	0.0182493641	9.18034e-05	-0.0183504203	0.0388745616	-0.0290506713	0.0808640734	0.0982802745	-0.0608187643	0.0536342018	0.0260508222	-0.0666877914	0.0022274351	0.0301454773	-0.0725786069	0.0541545438	-0.0753395152	-0.1173317326	-0.1237380287	-0.0191362685	-0.0060540793	-0.110226315	-0.0727646621	-0.005387804	-0.0562330558	0.0065111561	0.1019665051	-0.1259346213	0.0783117046	0.0302835158	0.0134988586	0.0449923447	0.0123929803	0.0367170027	0.1000306839	-0.003059368	-0.0062970753	0.0514522736	-0.0085080467	-0.067514649	-0.0237198141	0.0308880929	0.0290378332	0.062069213	0.0871796119	-0.0492970454	0.0296766166	-0.030072832	0.0222292074	-0.1033493174	-0.0694185292	-0.0834010469	-0.0338954881	0.1419616226	0.0534622749	-0.100929765	-0.0037452628	-0.1107795623	-0.0734365398	0.0114001999	0.0386406519	0.052871241	0.0687644637	-0.0251545503	0.0655425974	0.0728999647	0.0680562234	0.0349841851	0.027496907	0.0183616245	0.0045887945	-0.1109652039	-0.0004298634	-0.0380301085	0.0398451372	0.020470549	0.0192812257	-0.0135791189	-0.026820738	-0.0083910448	-0.0118157609	-0.010675993	-0.0817861968	-0.0205827627	-0.0364837569	-0.0273529717	0.0727601885	0.0434648245	-0.0237569599	-0.0661608205	0.0199239958	-0.0335991938	0.0088552301	0.0083878444	0.0588655414	-0.0160724813	0.03732969	0.0035495017	-0.0583887436	0.0545689954	0.048068488	-0.059597771	-0.0414563021	-0.0110397693	0.0667179067	-0.0163928184	0.0834983087	-0.0173772255	-0.1658671497	-0.0802153159	0.0202888424	-0.0243887111	-0.078064248	-0.1067785679	0.0259202887	0.0336261288	-0.0077520385	0.0046971827	0.0609569591	-0.0019316951	0.0463781426	0.0827690231	0.0200140554	0.0081966512	0.0081188586	-0.0081521734	0.0703377603	0.0646041713	-0.0254014637	0.0603843878	-0.01147917	0.0829533932	-0.0598610125	0.0804483831	-0.0255674555	0.0678053795	-0.0596935526	-0.0686041999	0.0242546344	-0.0063213687	0.0907365884	0.0390301844	-0.0430759271	-0.0309035099	-0.0401516985	-0.0492939875	0.0858887854	-0.0303973308	-0.0576848313	0.0839198044	0.0	-0.0230187	0.0144916	0.00052986054969	0.00021000647056	0.0658753	0.0220872999999999	0.0004878488212899	0.00433955515009	0.107171	0.0733719	0.00538343570961	0.011485623241	0.00319465	-0.0007471299999999	5.582032368999999e-07	1.02057886225e-05	0.00121238	0.0004246770000001	1.8035055432908505e-07	1.4698652644000002e-06	-0.0008718919999999	-0.0001180439999999	7.601956596638256e-07	1.3934385935976396e-08	0.0	0.0	0.0	0.0	0.0	0.0	0.0	0.0	0.0	0.0	0.0	0.0	0.0	0.0	0.0	0.0	0.0
6280.665246460548	7.1639140201032205	51.321664087431486	39446755.938097335	6373.565632094685	13.575895477903032	40622338.866618514	184.304938026948	4270.184735715465	10.057224153420066	101.14775767213597	18234477.677137356	4332.92732552834	7747.579323910159	1.297208	28.780859	0.10691325	0.063812	0.0440356219	-0.02110228	0.0670903268	0.0252881177	0.0149991193	0.0173096996	-0.0473174002	0.0458417747	-0.0393516411	-0.0335743798	-0.0274789302	0.003979823	0.0022253115	-0.0276048214	0.0485016423	-0.0230788059	0.0429036699	0.0210485689	0.0614051283	0.0118708514	0.0687293659	0.0403518268	-0.0204697747	0.020523314	-0.0787045545	-0.0194885072	0.0819552989	-0.0509259061	0.0387696396	0.0090703596	0.0616825361	0.0146573306	0.0933410634	-0.0043009578	0.0319851998	-0.0671697256	0.0680457191	-0.116012116	-0.040113646	-0.0243928745	0.0669062129	-0.0050754266	0.0301817992	0.0448581345	-0.0040308976	0.1005088337	0.128065759	-0.0431998695	-0.0108946492	0.0306737276	-0.0444518456	0.1225223722	-0.0707023471	0.0116482567	-0.0463932811	-0.0618040478	-0.0684910419	0.0705688226	0.0361616868	-0.0599898566	-0.0483675007	0.1057197556	-0.0919582189	0.005519874	0.0438839329	0.0143191687	0.0512430937	-0.0177290452	-0.0379351275	0.0256293477	0.0391970872	0.0546146165	-0.0100378742	-0.0231019618	0.0920678286	0.0500529612	0.0751576582	-0.0266812643	0.0338734856	-0.0626615968	0.0338186114	0.0732143419	-0.0975851507	0.013692998	0.1530531903	0.014682116	-0.038639451	0.0681523835	-0.0792344489	-0.0343072748	-0.059706507	0.1499822969	-0.0062975382	0.0704401948	-0.0098685992	-0.0122160723	0.0902072388	0.056814925	0.0046250646	0.0272158775	-0.028257375	0.0105507515	-0.040260779	-0.0067272509	-0.0492479999	-0.0716647059	-0.0423568856	0.032858599	0.0427823719	-0.025113323	-0.0271848165	0.1025299286	-0.0385903336	0.0885339472	0.0362337717	0.021138809	-0.0188954927	-0.0269472705	-0.0365013921	-0.021779908	-0.0200030609	0.1038022911	-0.0850880499	-0.0086351256	-0.0198969701	-0.1406868558	-0.0145444713	0.0229018325	0.0295724507	-0.0722409407	0.0119479205	0.0261559548	-0.0442970568	0.0634849556	0.0070508882	0.06746026	-0.0857395112	-0.0069269308	-0.0480473213	0.0420224972	-0.068412712	-0.0592905511	-0.0366440059	0.0240849713	0.071456208	0.0598087773	0.0002227548	0.0680211511	-0.0375481679	-0.0455045838	0.1665100523	-0.0719146669	0.0574624404	0.0188555455	-0.0285841056	0.0053674643	-0.0546357	-0.0168097482	0.0766447145	0.0002355078	-0.0099153875	-0.0018153161	-0.0410099437	-0.0299801823	0.0741285843	0.0067844069	-0.0264918318	0.0796507075	-0.0115694461	-0.0306957231	-0.0939900441	0.1088534539	-0.0141489103	-0.0443560436	0.1072781447	0.0266776689	0.0373563193	0.0203202235	-0.000471498	-0.0684954983	0.0562491929	-0.0356302659	-0.0826649912	0.0134450475	0.0087614482	0.001411669	-0.0211181804	0.0143797876	-0.0946253266	-0.0469340152	-0.0331844965	0.0420203361	0.0061791244	0.0199583728	-0.049714831	0.1095669769	-0.0073934851	-0.049280535	0.0272676346	-0.0656350755	0.0057451765	0.0380925705	-0.0319939147	-0.0110914477	-0.0073859888	-0.0410510323	-0.0476064159	0.0862116837	-0.0341761699	-0.0537913037	0.0852039625	0.0	-0.0228861	0.0001326	0.00052377357321	1.7582760000000022e-08	0.0846315	0.0187562	0.00035179503844	0.00716249079225	0.0502072	-0.0569638	0.00324487451044	0.00252076293184	0.00333142	0.00013677	1.8706032900000008e-08	1.10983592164e-05	0.0007877029999999	-0.0004246770000001	1.8035055432908505e-07	6.204760162088424e-07	-0.000931658	-5.9766000000100014e-05	8.67986628964e-07	3.5719747560119544e-09	0.0	0.0	0.0	0.0	0.0	0.0	0.0	0.0	0.0	0.0	0.0	0.0	0.0	0.0	0.0	0.0	0.0
6289.475524996263	8.810278535715042	77.6210078768812	39557502.37952702	6349.369412935697	-24.196219158987333	40314491.9419234	585.4570215897456	4267.51631031782	-2.668425397644569	7.120494102794575	18211695.45882862	4333.960683596712	8003.564694629678	1.260579	27.968178	0.11172275	0.0623627	-0.0623145586	0.0069484812	-0.0338284789	-0.1076809936	-0.0353293717	0.0259242784	-0.0066324063	0.048159392	0.0330871357	0.0171714618	0.0866593534	-0.0176292863	-0.0147594938	0.006482457	0.0533961643	-0.0287878941	0.017151649	0.0749881717	0.0200360191	0.0102329236	-0.0575183956	0.0206343732	0.0984874958	-0.0189867823	-0.0439364809	0.0130109443	-0.0201265595	-0.057173823	0.0174668619	-0.03053348	0.0810544219	-0.0144039484	-0.0554145763	0.1736141413	0.010520284	-0.0513219072	0.0400928812	0.0483715155	-0.0082077938	-0.0912534668	0.0537528184	-0.0934712501	0.0441333484	0.0376578371	-0.0305840197	0.0715947913	-0.0229486868	0.0335941748	0.0783181261	0.0076472324	0.0832789585	-0.0343769955	-0.0782764932	-0.0702938186	-0.0224176085	0.0433162569	0.0040818272	-0.009978193	-0.0118708461	-0.0055446567	0.0168708748	0.0077883973	0.0326253746	-0.0433636634	-0.0684007056	-0.0915671158	-0.0424522218	-0.0239444676	0.003482526	0.0394074518	0.0035807403	0.0009003081	0.0234679224	-0.065778379	-0.0762007308	-0.0342625129	0.0432959394	-0.1776206595	-0.0061571342	-0.1258046109	-0.0767855969	-0.001797998	-0.1070232684	0.047791661	0.0372755793	0.0144602866	-0.081665478	0.0807787	0.0577060045	0.0074173773	0.0035751272	0.0204018334	-0.0353912948	0.0223251702	0.0367035441	-0.0496387317	0.1001916681	-0.0228502213	0.0550276546	0.0522208899	-0.0598475662	-0.0464952825	0.0086480434	-0.0973134201	-0.0107857097	0.0242295261	0.0166625131	0.0648784736	-0.0516095297	-0.0691200222	-0.0636247585	0.0135383991	0.0085836337	-0.0340787681	-0.0365812046	0.017896463	-0.0622652126	0.0499192566	0.0183900685	-0.1022416256	0.0456508058	-0.0698547612	0.001854313	-0.0434345212	-0.1076929993	0.0079023351	0.0744401925	-0.0577640359	-0.0235661582	-0.0336610494	0.081948373	-0.0370275636	0.0267635744	0.0055821762	0.0488202462	-0.0516430806	0.0529707229	-0.0388093598	-0.0971076041	0.0663139048	-0.0260736991	-0.0724133962	-0.0319772462	0.0720524318	-0.0511107164	-0.028384398	-0.044030973	-0.0241806877	0.0867267054	-0.0049182193	-0.0007771481	-0.0674835531	0.082395289	-0.0362474717	0.0489356183	0.0048782185	0.0209377176	-0.0347131804	0.0642024308	0.0536155412	0.0226596191	0.1162248571	-0.0677241485	-0.0134559231	-0.0727732813	-0.0328122079	-0.0517987278	0.0047671675	0.1049929526	-0.0242697798	-0.140760496	0.1117358444	0.0030552541	0.0381881164	-0.0007549261	0.0589172548	0.0530552414	0.003565668	0.0253575783	-0.0804539208	0.0180948263	0.0403336388	0.0668965355	0.0033430823	0.0488926774	-0.0061918889	0.0010045148	-0.05867763	0.0103577981	0.0970646121	0.0426989762	-0.015508675	-0.0237542907	0.0439875926	0.0877068592	0.0809825935	0.044858694	0.0921358101	-0.0549148561	0.0952724588	-0.0060766082	0.0530738548	0.0469129276	-0.1281833112	-0.0318813749	-0.0419446829	-0.0458924821	0.086427173	-0.0378793187	-0.0497116514	0.0860636387	0.0	-0.0220747	0.0008114	0.0004872923800899	6.583699600000005e-07	0.0582488	-0.0263826999999999	0.0006960468592899	0.00339292270144	0.101049	0.0508418	0.00258488862724	0.010210900401	0.00343435	0.00010293	1.0594584900000045e-08	1.17947599225e-05	0.00129476	0.0005070570000001	2.571068012491015e-07	1.6764034576e-06	-0.000995408	-6.37499999999999e-05	9.90837086464e-07	4.064062499999987e-09	0.0	0.0	0.0	0.0	0.0	0.0	0.0	0.0	0.0	0.0	0.0	0.0	0.0	0.0	0.0	0.0	0.0
6288.880330534123	-0.5951944621401708	0.3542564477623272	39550015.81177898	6382.422993803975	33.053580868278004	40735323.2718377	1092.5392082157937	4269.524825953596	2.0085156357754386	4.034135059154414	18228842.23943408	4331.781551235162	7864.361742941423	1.244859	27.619398	0.04346655	0.0303542	0.0380234	-0.067982681	0.0424288372	0.0374402637	-0.0665746076	-0.0385456016	0.008014069	-0.0509095302	-0.0155700276	0.0174925493	-0.0364664657	-0.0329296827	-0.0179349193	0.0106337814	0.0337154286	0.0068142183	0.0720778612	-0.0610472454	-0.0524112048	0.0079103318	0.0040180822	0.0498058907	-0.0694910593	0.0526484016	-0.0087066392	-0.0265575931	0.0024899025	-0.001559025	-0.1124708072	-0.0574977478	-0.0871442439	-0.0393288486	-0.1318946421	-0.0724614675	-0.029798609	0.0290104089	-0.0188633886	-0.0044554289	-0.0663626761	-0.0158369828	0.012373101	-0.0387616747	-0.0934845005	0.0430653703	-0.0174794845	0.0456829671	-0.0296146796	-0.0020393177	-0.0216544193	-0.0043985928	0.0641349075	0.1180509041	0.0613973978	0.0664996327	-0.0359209432	0.0424997347	0.0068113208	0.0285808672	-0.0523767826	0.1092504634	0.0413070598	-0.0807974107	-0.0082972068	0.0144582518	0.0387837046	0.0801897458	0.046266699	0.0525153034	-0.0647854922	0.0294172799	-0.0004634559	0.0743513827	-0.0250289414	-0.0959574067	-0.0855784727	0.0065859513	0.0096045028	0.0469904877	-0.0552069231	-0.0289305852	0.038765512	-0.0724103913	-0.0608723016	-0.0497057218	0.0814853601	-0.0404194532	-0.0087443707	0.0343919061	-0.0052068704	-0.0040823649	0.0669767341	0.0517339479	0.0057539037	-0.0959522858	-0.0606160209	-0.0652094189	-0.0275352678	0.0576053051	0.096194265	-0.0498769819	0.0500566677	0.0679566104	-0.072391193	0.0434350045	0.0181140087	0.0282714394	0.0029998812	-0.0122732096	0.0619173998	-0.0272247619	-0.023026317	-0.0786633612	-0.0276702338	-0.0795049652	0.0544463469	0.0536668276	0.0278260667	0.0529252054	0.0410615885	0.0865687209	0.0422625689	0.0247737211	-0.0843816455	-0.0310348233	-0.0049832541	0.0831383215	-0.0482514211	0.0113344007	-0.0318858003	-0.0212038948	-0.0357311226	0.0475574221	-0.0010557937	0.0157385615	-0.0099438961	-0.0126781022	0.0459246129	0.0165316406	-0.0338722838	-0.0396858536	-0.1296949897	0.0038085812	-0.0915378152	0.0174280194	-0.0594648487	-0.0298085924	-0.0012201034	0.041180584	-0.0949461148	0.0261735494	-0.0735173397	0.1194079458	0.022908957	-0.0810013564	-0.0447660021	0.0803119262	-0.0639030885	-0.052080529	-0.0453970471	0.0236806504	-0.0824395571	0.0196990688	0.1215048096	0.006300285	0.0006391268	0.0695873885	-0.0243857877	0.1007796869	-0.0011003544	-0.0223326932	-0.0458296976	-0.0955741089	-0.0945710315	-0.0911443479	0.0039203763	0.0663581146	0.0308082815	-0.0194316269	-0.0274457241	-0.0684500519	0.0120799909	-0.0487281726	-0.0541079947	0.0129593825	-0.028149107	0.0282588565	-0.0519021898	0.0084142158	0.0722676755	-0.0322099462	-0.047986497	-0.0274371852	-0.0300721954	-0.0621373683	0.0523816959	-0.0051486869	0.0735508307	-0.0058291547	-0.0177835002	-0.0287283968	-0.1003602319	0.0294047776	-0.0225631041	0.0193015906	-0.0321066366	-0.0428325265	-0.0441531352	0.0865349849	-0.0414985757	-0.0454599905	0.0864945502	0.0	-0.0189324	0.0031423	0.0003584357697599	9.874049290000005e-06	0.0658872	0.0076384	5.834515456000006e-05	0.00434112312384	0.071821	-0.029228	0.000854275984	0.0051582560409999	0.00342163	-1.271999999999992e-05	1.6179839999999794e-10	1.17075518569e-05	0.00125192	-4.284000000000015e-05	1.835265600000013e-09	1.5673036863999997e-06	-0.000981811	1.3596999999999958e-05	9.63952839721e-07	1.8487840899999883e-10	0.0	0.0	0.0	0.0	0.0	0.0	0.0	0.0	0.0	0.0	0.0	0.0	0.0	0.0	0.0	0.0	0.0
6279.618129198071	-9.262201336051476	85.78837358955374	39433603.84855309	6348.505811381544	-33.917182422431324	40303526.03714524	1150.3752634764844	4265.184363385618	-4.340462567977738	18.8396153040159	18191797.65366918	4332.296898865931	7952.957170695284	1.198214	26.584499	0.04964415	0.0320597	-0.0374789354	0.0044757662	-0.034893856	-0.0199537837	0.0561758996	0.0523157236	-0.044767984	-0.0655980573	0.023262332	-0.0004660329	-0.0540947138	0.0329484879	0.0002460057	0.0144386564	0.0620381201	-0.0256656106	-0.0175372814	-0.0426493265	0.0538783903	-0.051042145	0.0016398989	-0.0338881569	0.0122181498	-0.0068744129	-0.070751193	0.0107303582	-0.1098864863	-0.0059148463	0.0252689471	-0.0023523206	0.0729332622	0.0745319933	-0.0091669756	0.0251940105	0.0337795434	0.0276924229	0.0415657579	0.0555321268	-0.1194502439	-0.0540546685	0.0057554829	-0.062701111	0.0419565681	0.0643699871	0.0228808179	-0.0001539181	-0.017992239	0.0946091201	0.0035670314	0.0397275938	0.0312839121	-0.0379001624	-0.0294716269	-0.1075475731	0.1089629052	-0.0403292641	-0.0046947172	-0.0574521714	0.0892043537	-0.044598299	-0.1052532505	-0.0292564742	-0.0174990408	0.0057365266	0.0591266234	-0.0432892468	0.0394589802	0.0366338675	0.0790690183	0.0347255777	-0.0085802235	-0.1114626526	0.0240941039	-0.1950041716	-0.0040301055	0.0220691168	0.0288073102	0.1008708192	0.0873275271	-0.0715532623	-0.1237389659	0.024605483	0.1437250371	-0.0793210646	0.0853405985	-0.038823119	-0.0031808836	-0.0918441536	0.0343853065	0.0522792518	-0.0143115298	0.0483971733	-0.0761136927	-0.0789604939	-0.0566006472	0.0445416534	-0.061373198	-0.0312357771	-0.0226899866	-0.0527406468	-0.0106219987	-0.049590464	0.0372300929	0.0068484772	-0.0677251443	0.0376731474	-0.0315301192	-0.0383636746	-0.0171622613	-0.0402756718	-0.0799295115	-0.0070367604	-0.0484342029	0.043649491	-0.0331191934	-0.0043330053	0.0143694717	-0.0430531171	0.0330473069	-0.0715791148	0.004864108	-0.0585915778	-0.0786713759	-0.0175543059	-0.0750235727	0.0230567297	0.0497176892	-0.1131853949	-0.0732371801	0.0177353672	0.0321408742	-0.0086689112	0.0490493057	-0.0611491154	0.1091195878	-0.0076594726	0.0160200874	0.0386154776	0.0827813147	0.0091315063	-0.0648196544	-0.0199699138	0.0025885072	-0.0608319753	0.0021286863	-0.0288714349	-0.1354884054	-0.124083979	-0.0983181825	0.0165970031	0.0028275145	-0.0618559284	0.0081292691	0.0419358975	0.140703426	0.0266056869	-0.0508456618	0.011214503	0.1006524265	-0.0838711806	0.0846909521	-0.0959896887	0.1072400436	0.0247157865	0.0692087074	-0.0869791455	-0.0251002832	-0.1278161528	0.1373534361	-0.0779643605	-0.0149015923	0.0191618583	-0.0389641665	0.0503540787	0.0365212855	-0.072622449	-0.0419604498	0.0031726747	0.016936467	-0.1062642461	0.0408472203	0.0312266956	0.0589437253	-0.032815232	0.0130158984	-0.003145106	0.0332770139	0.084256872	-0.0277445947	0.0396903621	0.0554245177	0.0263157657	0.0083312609	-0.0020604773	0.0525030738	0.0452279641	0.0160460138	0.0303919612	0.0340558802	-0.0680647694	0.0315091449	-0.02669323	0.012551419	-0.0247651114	-0.0042864763	-0.0437144402	-0.0423893383	0.0865349849	-0.0450259254	-0.0410510323	0.0864945502	0.0	-0.018929	3.3999999999971557e-06	0.000358307041	1.1559999999980657e-11	0.04257	-0.0233172	0.00054369181584	0.0018122048999999	0.0933249	0.0215039	0.00046241771521	0.00870953696001	0.00350667	8.503999999999977e-05	7.231801599999959e-09	1.22967344889e-05	0.00125192	0.0	0.0	1.5673036863999997e-06	-0.000970458	1.135299999999997e-05	9.41788729764e-07	1.2889060899999934e-10	0.0	0.0	0.0	0.0	0.0	0.0	0.0	0.0	0.0	0.0	0.0	0.0	0.0	0.0	0.0	0.0	0.0
6288.656110344646	9.037981146574566	81.68510320583731	39547195.67417505	6359.272320782697	10.766509401152687	40440344.44987294	115.91772468510923	4270.523324742744	5.338961357126209	28.50450837288693	18237369.46717182	4332.433752633993	7809.022894105192	1.25017	27.737226	0.1021207999999999	0.0586067	0.0527147199	-0.0539625826	0.0311640651	-0.0547155359	-0.074793951	-0.0622408853	-0.0071618892	0.0172346228	-0.0040285629	-0.034512094	-0.1705030468	0.0014926695	-0.0253174448	0.0043769901	0.0438498917	0.0176926866	0.0778757398	-0.006390433	0.0756693059	0.0986699197	-0.0376805716	0.0597833763	-0.0908187836	0.0906814539	-0.0469766938	-0.0231365171	0.0004049789	-0.043686846	0.006778672	-0.0549727797	-0.0875884058	0.0363397164	0.0726978416	-0.0214223179	-0.0045331051	-0.0189047213	-0.0246046872	0.0121585291	0.0191895043	-0.0296351443	0.0565779296	0.073603134	0.1209568717	0.0196407197	0.0271401678	-0.0448509304	-0.0077095228	0.0197770977	-0.0090459222	0.0663200084	-0.1078415026	-0.0204835401	0.0223340312	0.0258148846	-0.0302077153	-0.0606610724	0.1594192119	-0.1245317986	0.0634221095	0.0571256179	0.1062988666	0.0839983841	-0.0750526072	-0.065348472	-0.1303185547	0.0459448404	0.0135230375	-0.035296362	0.0181399878	0.0411946983	-0.1027013777	0.0519160151	0.032145474	-0.0358881405	-0.1912574168	-0.0289716005	0.0449582576	0.0863878965	-0.0798707155	-0.1218584144	-0.0097864249	-0.1083452415	-0.0434495741	0.020100939	0.0013979835	-0.0087394584	0.0166808913	0.0152233327	-0.0860918367	-0.0008663425	-0.12569959	0.0166067331	-0.0359384592	0.0871034576	-0.095735118	0.0017013255	0.0667552594	-0.0439080308	0.0009970743	-0.0031210558	0.0368650486	0.0582142491	-0.0489899039	-0.0580330251	-0.0411833726	-0.0450196661	0.086513063	-0.0288877807	0.1263458693	-0.0545232223	0.0120356783	-0.0121363786	-0.0219671955	0.0215960907	0.0892464116	0.0550028607	-0.0013035957	-0.0414937572	0.000549945	0.0115994896	-0.0401309363	-0.0207889487	0.0887839505	0.0714644311	0.028326395	-0.0494228686	-0.0081523957	0.040954248	0.0831879771	-0.0039075179	-0.0233206663	-0.0313599355	-0.0074892791	-0.0848421763	0.06135608	-0.0196328419	-0.0384431814	0.0722682659	0.0168861989	0.0011221578	-0.0058327271	-0.1122836784	-0.0710618315	-0.1002675936	-0.2007585286	0.0315546777	0.1008492814	0.1198718164	0.0343540048	-0.0146426727	-0.0265646823	-0.0636675695	0.0282598658	0.0576539856	0.0949886483	0.0758906636	-0.0450802733	-0.0044656692	0.0599065122	-0.0036208707	0.0291067689	-0.0021960975	0.1026781873	9.66834e-05	-0.0496205414	-0.0538583016	0.1016381392	-0.0490479056	0.1371895118	0.0337246258	-0.1013132812	-0.0453512183	-0.061152749	-0.030613679	-0.0948351782	0.0651309763	0.029961509	0.0697907325	-0.1107740449	0.0184363367	0.0114002641	-0.0530649117	-0.0565293849	0.0117854077	-0.0472666779	0.03756219	-0.0983089493	-0.1046414499	-0.0523335472	-0.0349768336	-0.065000787	0.0260968398	0.0249569877	-0.0679465575	0.0348685889	0.0410303644	0.0787740257	0.0058265151	-0.0161769409	0.0137052391	0.0271368964	-0.0227298709	-0.0224155187	-0.0194904082	0.0049118239	-0.044590302	-0.040602068	0.086427173	-0.0484535557	-0.0365000323	0.0860636387	0.0	-0.0286941	-0.0097650999999999	0.00082335137481	9.535717800999996e-05	0.0837377	0.0411677	0.00169477952329	0.0070120024012899	0.0548081	-0.0385168	0.00148354388224	0.0030039278256099	0.00327214	-0.0002345299999999	5.5004320899999866e-08	1.0706900179600002e-05	0.00125192	0.0	0.0	1.5673036863999997e-06	-0.000951564	1.8893999999999985e-05	9.05474046096e-07	3.569832359999994e-10	0.0	0.0	0.0	0.0	0.0	0.0	0.0	0.0	0.0	0.0	0.0	0.0	0.0	0.0	0.0	0.0	0.0
6282.201408823597	-6.454701521048264	41.66317172582277	39466054.54102519	6378.175772816368	18.903452033671783	40681126.18894168	357.3404987893299	4262.627591877537	-7.89573286520681	62.34259747870694	18169993.98703569	4328.034066431731	8022.254974815387	1.306807	28.993828	0.1081193499999999	0.0576189	-0.0545338783	-0.0084989249	0.0175366128	0.0210579967	-0.0141208391	0.0280588289	0.0365457343	-0.0483898366	0.0181364171	-0.0356025826	-0.0251937372	0.0676015975	0.0346607922	0.0043684531	0.0198128058	-0.0304873564	-0.0221150613	-0.0461177743	-0.0910537963	0.0039259062	-0.030866126	-0.0637048088	0.0649693695	0.0662274443	0.0022804047	-0.0692249665	0.0256889989	-0.0385272444	-0.0406049452	0.0364660695	0.0398864388	-0.0227175534	-0.0378294632	0.0900322542	0.0004370969	-0.1030075271	-0.0629053885	-0.095173789	-0.0012933456	0.0875852886	-0.0026872619	-0.0008584178	0.0365372128	0.0211758494	-0.0396715005	0.1354193329	0.0067263643	0.0107527035	0.0488013182	-0.0303962317	0.0398022046	-0.1672128217	-0.0338676368	0.0090254936	0.0176783177	0.0594531881	-0.1147890818	0.106993195	0.1260157687	-0.0401455507	0.046456435	-0.0418863636	0.0288213096	0.0262117531	-0.0613912446	-0.0827489569	-0.0752508074	0.0625510774	0.1024525527	-0.037987804	-0.0813679217	-0.1005852205	-0.0503731978	-0.0482763721	0.1236946046	0.0764057701	0.0301515114	0.0803176002	-0.1037717002	-0.1081479989	-0.0290498985	-0.0931535801	-0.0490819338	-0.0398742551	-0.0586604443	0.0371726904	0.0528955321	0.0205562364	0.0205957139	0.0073960486	-0.0745301555	-0.1158064597	0.1408299073	-0.0182654803	0.0696260579	0.116269921	-0.0133292001	0.0743154655	-0.0363608733	-0.0662159943	0.1252809058	-0.0185309082	-0.0309338223	0.0518220092	0.0480286101	0.0384993407	0.0174334735	-0.0485895233	-0.1012236627	-0.0670029787	0.0643997071	0.0509150377	-0.0296476229	0.0031425955	-0.0569686708	-0.01880672	-0.0404887823	0.1129147197	0.0101732033	0.0506860852	0.0502470916	0.011716857	0.0659664555	0.0082708581	-0.0319585546	-0.0254690508	0.0015305368	0.0601003425	0.0319024592	0.0035014462	0.0222373349	0.0572945739	0.0329277895	0.0049809864	-0.0337267393	0.0312442244	-0.0208053486	0.0417347226	-0.0509815974	-0.0145321328	-0.0606505565	-0.0156577307	-0.0221199706	-0.0533925722	0.0408496584	0.021785061	-0.149687059	-0.0970322777	0.127253471	-0.0253936144	0.0253324175	0.1023076795	-0.0402541327	0.1330977041	0.1085317189	-0.0506720029	-0.1165484652	-0.1651816951	-0.0288053383	-0.0354861464	-0.0941783938	0.0059666127	-0.0619006204	-0.0187378941	0.1041957991	-0.0089933142	-0.0628240022	0.0559283512	0.0446965203	-0.1090394333	0.0282796165	0.0648159708	0.0258573089	0.058504485	-0.0969484013	0.0369321424	-0.079124463	-0.0894324525	-0.0378772022	0.1170492646	0.0224098799	0.0428446007	0.0034498308	-0.0455907203	0.0589092464	-0.0033869058	-0.0346414188	0.0379668993	0.1238995866	0.0443342176	0.0658414909	0.0126399627	-0.1033513387	0.0800756657	-0.0313687732	0.1032350213	-0.0594818317	0.1200669348	-0.0837232418	-0.0295780201	-0.031771047	0.0712703613	0.0362924062	0.0065175902	-0.061161379	-0.0454599905	-0.0387923142	0.0862116837	-0.0517738754	-0.0318227377	0.0852039625	0.0	-0.0286199	7.419999999999996e-05	0.00081909867601	5.505639999999994e-09	0.0492385	-0.0344992	0.00119019480064	0.0024244298822499	0.0363715	-0.0184365999999999	0.0003399082195599	0.00132288601225	0.00392938	0.0006572399999999	4.3196441759999933e-07	1.5440027184399996e-05	0.000866439	-0.0003854809999999	1.4859560136099993e-07	7.50716540721e-07	-0.00101103	-5.946599999999999e-05	1.0221816609e-06	3.5362051559999987e-09	0.0	0.0	0.0	0.0	0.0	0.0	0.0	0.0	0.0	0.0	0.0	0.0	0.0	0.0	0.0	0.0	0.0
6273.857316148294	-8.344092675303727	69.62388257405732	39361285.62338747	6365.666182124038	-12.509590692330676	40521705.94223762	156.48985928964626	4258.320776074711	-4.30681580282635	18.548662359474772	18133295.83194953	4327.572830140938	7901.604007024835	1.070137	23.742891	0.1736083999999999	0.0940075	-0.0121820304	-0.0058254095	-0.0312688323	0.0070192929	0.0527827393	0.0339381611	-0.0385073806	0.0110381919	0.0336562011	0.0715533468	0.0046686525	-0.0611227774	0.0673138527	-0.0065801503	0.03088309	0.0222274655	-0.0538805161	0.0103146377	0.0318232455	-0.100572432	-0.0575382299	0.0184626279	-0.0193857381	-0.0033028713	-0.0247184072	0.0289419619	-0.1269310426	-0.044035401	-0.0069433084	-0.0357972483	-0.1015541565	0.0747107135	0.1154454412	-0.0069005998	0.0026486494	-0.0021849645	0.0810456155	0.028277524	0.0628522076	-0.0085695983	-0.0334835208	0.0385508878	0.0398715942	-0.0789709577	0.0192446006	-0.1450061158	0.0514618818	-0.0030939675	0.184600292	-0.0648276394	-0.1394517735	0.0949422265	-0.01383099	0.1669679879	-0.0132046154	-0.043232755	0.061567601	-0.0011429211	0.0553260462	-0.0576925916	0.0150692215	-0.0428790367	-0.0812023779	-0.0493034658	0.1169180797	-0.0321469835	0.0659275803	0.0081965002	0.1220490106	0.0260835526	0.0456506879	-0.0088698543	-0.091838467	-0.0303518729	-0.0649010054	0.0091232081	0.0211493664	-0.1048825607	-0.048473959	0.0172734096	-0.0367893217	-0.0057229572	0.0548191612	0.065225399	0.0026549697	-0.0453147763	-0.0821335171	0.0202209135	0.1105454484	-0.0145229312	-0.0209665265	0.088148014	-0.0310495648	-0.0273231911	0.0481252446	-0.0554108185	-0.0407771479	0.0548904437	-0.0227994907	-0.0659169083	0.1810537389	-0.0239311935	0.0800911201	0.0046955533	-0.0317759212	0.0724355258	-0.0197942174	0.0089868421	0.034841946	0.0568558843	-0.0812099922	-0.1109450865	-0.0980237945	0.0767428128	0.0651450151	-0.0574579006	-0.0207599383	-0.0897010191	0.0168471876	-0.014533859	-0.0257505985	-0.0102858257	0.0252471477	0.1084420297	-0.0027134791	-0.0116098704	-0.0164180602	0.0645512045	0.0556742263	-0.0104679491	0.0523350483	-0.0991539268	0.0495806578	0.0601246534	0.0400150919	0.0915082996	0.0468629448	0.0116492865	-0.0447138152	-0.1052209112	0.0102234816	0.068533782	0.1533241649	-0.0596311261	0.0844250322	-0.016455987	0.0409422153	0.1034157317	-0.0046731543	-0.1109776027	-0.041466183	0.0041850026	0.0845461834	0.0459645393	-0.0226889453	0.0306170108	0.0740317209	0.0217676202	0.0812505802	-0.056158228	0.1014127096	0.0562332816	0.1179504739	-0.004470997	0.0504910909	-0.0813737001	0.0126322812	0.0030590994	-0.0421243537	0.101312649	-0.0634723183	-0.0511039615	-0.0493355139	-0.0370466496	-0.0008538119	-0.1195588669	0.0740859111	-0.0397749063	-0.0392108163	0.0421223395	0.0623078638	0.0079968423	0.06177188	0.0227950099	0.009172582	0.0302882535	-0.0408248671	0.054042777	-0.0692527633	0.0148140929	0.0686134628	0.0241303472	0.0060934538	-0.0953074742	0.0236230062	-0.0338770599	0.0884212521	-0.1061853933	0.0173965061	-0.1509105776	-0.0056615581	-0.0052567119	0.015575777	-0.0457749867	0.0123755474	-0.0463233854	-0.036961079	0.0858887854	-0.0549795309	-0.0270353323	0.0839198044	0.0	-0.0225537	0.0060662	0.00050866938369	3.679878244000001e-05	0.0806033	0.0313648	0.00098375067904	0.00649689197089	0.104893	0.0685215	0.00469519596225	0.011002541449	0.0030388	-0.0008905799999999	7.931327363999996e-07	9.23430544e-06	0.00125192	0.0003854809999999	1.4859560136099993e-07	1.5673036863999997e-06	-0.000933973	7.705699999999995e-05	8.723055647290001e-07	5.937781248999992e-09	0.0	0.0	0.0	0.0	0.0	0.0	0.0	0.0	0.0	0.0	0.0	0.0	0.0	0.0	0.0	0.0	0.0
6269.325075989582	-4.532240158711829	20.541200856240227	39304436.908431776	6363.910708783359	-1.7554733406786909	40499359.50936752	3.081686649833603	4263.141006027164	4.820229952452792	23.23461679452304	18174371.2372703	4328.837252674288	7720.860824417894	1.146376	25.434383	0.10393035	0.0645771	0.0443787707	0.000370806	0.0687074423	-0.0193945419	-0.0196709373	-0.0410433947	0.0154165038	0.0659417763	-0.0132393676	-0.0980384897	-0.0733423462	0.0562977782	0.0099561871	-0.0431826904	0.0817851005	0.001396033	-0.0077292525	0.0459446603	0.0552095457	0.0956310173	0.0234684578	0.0597361195	-0.0026998039	-0.0080240882	-0.0488410618	-0.046779979	-0.0457113348	0.0030053835	-0.1435065472	0.0524204019	-0.0300210528	0.0827812145	0.0511486018	-0.0032639569	0.0342420589	-0.0236179987	0.0549929778	0.0236997782	0.1008262756	-0.0792111112	0.0383330729	-0.0242284963	-0.0038984729	-0.0718032405	-0.0405064897	0.0010472724	0.138242967	0.0606135928	-0.0375161305	-0.0691699599	-0.0713952261	0.0009865454	0.0467639227	-0.0711897312	0.0189295445	0.0292606798	-0.0406539307	-0.0549548291	-0.0301935079	0.0372303992	0.027012862	0.0889040339	0.0129461515	0.1313767316	-0.1649521279	0.1940343229	-0.0679097473	-0.0464259593	-0.0344811934	0.0050763533	0.0657417367	0.0069325007	0.0325550533	-0.0630166476	0.0779399796	0.0109379804	-0.1429705671	-0.0202943239	0.0327342856	0.0557084351	0.029471076	-0.0154975904	-0.0432818983	0.1040955115	0.0025914502	-0.0976886133	-0.0250244428	0.0869938716	-0.0328013523	0.1031158439	-0.0203358334	-0.0492998103	-0.0845313435	-0.0171197143	-0.0418801664	-0.0386845485	-0.0143688745	6.27447e-05	-0.0692323025	0.0541385699	0.0311574178	0.0050874432	-0.0058527722	-0.0388642619	-0.0039761677	-0.1094486064	0.0586313896	0.0465208721	0.0195951824	-0.0193248817	-0.0030614622	0.0646720733	-0.0812880803	0.0039276694	0.0805326728	-0.0546323214	-0.0545206918	-0.0310217222	-0.0403716178	0.0136832288	-0.0336302426	-0.0582557621	0.0673766731	-0.0185721697	0.005193555	-0.0082670748	0.1560268984	0.0366807306	0.0412432508	0.0412400943	0.0176725015	0.0581540664	-0.0148402768	-0.037598709	-0.0429139043	0.1184530972	0.0083637151	0.04139384	-0.0093069584	-0.0599219425	-0.0641380943	0.0518318918	-0.0216250254	-0.0280928646	-0.0230120603	0.101122989	0.0881436146	-0.0224726951	0.035832816	-0.0238344307	0.0948225567	0.0747450123	-0.0795273455	-0.1048815783	-0.0070997731	-0.0594400832	0.1042197318	0.0914169519	0.0055996669	0.1471162534	0.0269302188	-0.0885907195	0.0247471419	0.0334557441	-0.0286173329	0.2094054346	-0.0031257498	0.0397924324	0.0291510994	-0.0149807151	-0.0097803565	0.0739998798	-0.0756060496	0.0736098979	-0.0015647587	0.028088836	0.0129803256	0.0392544173	-0.0998107553	-0.0159529974	0.0931514305	-0.0314222037	-0.0699221576	0.0162674836	0.0107649807	0.0041105029	-0.00626293	-0.101649909	-0.0462113094	-0.0222148227	0.0148926117	0.0456399682	0.0050785084	-0.024495181	-0.0405032759	0.0260120052	-0.055646441	-0.0162248522	-0.0516829051	-0.0634177264	0.0186873361	-0.0275894377	0.0018002211	-0.0046517498	0.0097379636	-0.0471803671	-0.0351093765	0.0854588803	-0.0580634226	-0.0221543812	0.0822175621	0.0	-0.0189129	0.0036407999999999	0.00035769778641	1.3255424639999996e-05	0.0699419	-0.0106614	0.00011366544996	0.00489186937561	0.0452356	-0.0596574	0.00355900537476	0.00204625950736	0.00333982	0.0003010199999999	9.061304039999997e-08	1.11543976324e-05	0.00104367	-0.0002082499999999	4.336806249999995e-08	1.0892470689e-06	-0.000843828	9.014500000000004e-05	7.120456935840001e-07	8.126121025000005e-09	0.0	0.0	0.0	0.0	0.0	0.0	0.0	0.0	0.0	0.0	0.0	0.0	0.0	0.0	0.0	0.0	0.0
6284.746261444062	15.42118545448011	237.8129608214689	39498035.57073511	6358.232002280037	-5.678706503322246	40427114.194818005	32.247707550874374	4263.451524962994	0.3105189358302596	0.0964220095091568	18177018.90570928	4329.523456299421	7947.739036392992	1.259245	27.938578	0.0659379	0.0361417	-0.0579267047	0.0268565753	-0.0252024425	-0.0330832223	-0.0460203084	0.0135910837	0.0436448887	-0.012193681	0.0102283478	-0.0224146668	0.0847424531	0.1077523154	-0.002709812	-0.0258736563	0.0075591738	-0.0261350101	-0.0034673778	0.0788384007	-0.1226694071	0.0258311212	-0.025642973	-0.0661846425	0.0951948247	-0.029692003	0.0682765866	-0.006867115	-0.0165938466	-0.0235195637	-0.1111063057	0.0185492914	0.074189236	-0.014697959	-0.0155490506	-0.0696611781	0.0241716683	0.0796217642	0.0233451305	0.0483375406	-0.0428738015	0.0220812721	-0.004904009	0.0061963095	-0.0279340142	-0.0462433657	-0.0563143843	-0.0030602319	-0.0370825257	-0.0791958765	0.0128835592	-0.0378400273	-0.1400582103	-0.0283199026	0.0145212658	-0.0543142095	0.0346022914	0.0666818062	0.0982388051	0.0191197941	-0.0362408376	-0.0682155286	-0.0470773657	-0.0288287078	0.0629910033	-0.0830585215	0.0008954011	-0.0091705802	0.0160659008	-0.0305850117	-0.0511006436	0.0968687919	-0.1436270826	0.0064044269	-0.0675863255	0.01116354	0.0343346545	-0.0818378654	-0.0821274192	-0.0643349532	-0.031040779	0.0040013165	0.0409523366	0.0352309655	0.0434154522	0.0579505534	-0.0704934295	0.0878052741	0.0738063978	0.0361508755	-0.0617154419	0.0117027943	0.0064447731	0.0409579132	0.0300528011	0.0586833307	0.0427765906	0.0292521617	-0.0008302803	0.062356546	0.0423936691	0.1126565256	0.004083801	-0.0175630254	-0.0460537447	-0.0418150342	0.0930587971	0.0401114269	0.0054471926	0.0155433828	-0.125517037	0.0111210013	0.0328472187	0.0205184789	-0.0243786129	-0.0233834655	0.0557831691	-0.0911841326	-0.0749165314	-0.0166180346	-0.0381177268	-0.006881523	0.1339118685	-0.0035674982	-0.090361268	0.0493491678	0.0104696721	0.028863298	-0.039071121	-0.0017545879	0.0485117071	0.0520064054	-0.0236092596	-0.0244168455	-0.0543304995	-0.0640642844	-0.0915994767	-0.0055977256	-0.0078635943	-0.0457949065	-0.0002973468	-0.041204219	0.0740529309	0.0509724982	-0.0095007203	-0.0054009498	0.0045787695	0.0957403842	0.02205272	-0.0843115291	0.0533186919	0.0353935514	-0.0045716221	-0.0414275577	0.0325050315	-0.0147955002	-0.0851224255	0.0596829157	-0.0439640364	0.1024766739	-0.1327465765	-0.0157280444	0.0236139785	0.1859341565	-0.0410085024	0.0105092125	0.0231267881	-0.0342078284	-0.0110505239	-0.0255761224	-0.0215524979	-0.0032921904	-0.0169485391	-0.0134900665	0.0802028012	0.0763785289	0.0383014032	-0.0723530259	0.1129584708	0.1010478638	-0.0366535804	0.0457430845	-0.0046301761	0.0569290585	0.0320455775	-0.0481926384	0.0436051579	0.0005243164	-0.0301834236	-0.0380075554	0.1018853608	-0.0066116005	0.0797430073	0.0317137816	0.1035951702	0.01939709	-0.0300621559	0.0097075025	0.0444257327	0.0400933754	-0.0213456242	-0.0544772482	-0.0201663594	0.0748417115	0.027358301	-0.0691548244	-0.0892478751	-0.048030817	-0.0332382319	0.0849225041	-0.0610187207	-0.0171967732	0.080105716	0.0	-0.0189207	-7.79999999999878e-06	0.0003579928884899	6.083999999998097e-11	0.0506927	-0.0192492	0.00037053170064	0.00256974983329	0.029236	-0.0159996	0.0002559872001599	0.000854743696	0.00378898	0.00044916	2.017447056000001e-07	1.43563694404e-05	0.000969183	-7.448700000000003e-05	5.548313169000005e-09	9.39315687489e-07	-0.000753849	8.997900000000001e-05	5.68288314801e-07	8.096220441000002e-09	0.0	0.0	0.0	0.0	0.0	0.0	0.0	0.0	0.0	0.0	0.0	0.0	0.0	0.0	0.0	0.0	0.0
6286.504693679254	1.758432235192231	3.092083925763146	39520141.2636513	6387.255073656044	29.023071376007465	40797027.37594488	842.3386720968239	4264.355760071648	0.9042351086536656	0.8176411317219063	18184730.04845624	4329.928263603137	7953.420090306415	1.130369	25.079245	0.1421699	0.0745317	-0.0104052035	-0.0530841004	0.0104954189	0.0792418138	0.0196100437	0.0345949998	-0.025202172	-0.0483155369	0.0064533605	0.0662071493	-0.0099506738	0.0077109964	0.0318521299	-0.0406303619	0.0140748233	0.0022997952	0.0231821311	-0.0091554413	-0.0234943043	-0.122646007	0.0566488895	0.0225952959	-0.0265030524	-0.0179678659	0.0799428068	-0.1879221005	0.11721157	-0.0032134555	0.0315637114	-0.0504895113	-0.0179208037	0.0417788638	-0.039379174	0.006468437	0.0880806603	0.0986342362	0.0747916713	0.0298368873	-0.158239174	-0.0022217431	-0.1879918036	0.0326872471	0.0012115397	0.0467585124	-0.0498304129	0.0363025759	0.010215375	0.0544154516	-0.0670018576	0.0552862857	-0.0388738036	0.042493671	-0.0070842595	-0.076929637	0.0755681589	0.0128013872	0.0002740913	-0.0514924451	-0.0640291454	-0.0001752041	-0.0662831922	0.0322597987	0.0772006218	0.0173289544	0.0331580196	-0.0370177955	0.023662554	0.0734952173	0.0056377991	-0.0137873633	-0.0213010122	0.1009624066	-0.0245027701	0.1525060154	0.0280061418	-0.0424168394	0.0461294729	-0.0054793761	-0.0485565256	-0.0664266898	0.0166801801	-0.0459310259	0.0811247829	-0.015236261	0.0336143348	0.0200968041	-0.091213075	0.0543257481	0.0377978099	0.0945383266	-0.0422818556	-0.0226310248	-0.1080580515	-0.085066593	0.0546062693	0.1156142663	-0.0047409616	0.0506897764	0.0222255382	0.0453149968	0.0092665755	0.0174133217	-0.0135088813	0.049652644	-0.0133686689	0.0437032184	-0.1030674375	0.034744176	0.0393882507	-0.0040178952	0.0897858341	0.0851023641	-0.0404695711	0.0156262981	0.0020548432	0.1044781202	-0.0051024279	-0.0031603025	0.0155888965	0.1142556775	0.2025784019	-0.1256332144	-0.1158741993	0.000131514	-0.0417786776	-0.0815236658	-0.0086148025	-0.0218173297	-0.0082111983	0.1465936943	-0.0357672029	0.0390417637	-0.0166092406	-0.0380496079	0.0022191824	0.0347605805	-0.0334537165	-0.0218659059	0.0320143085	-0.0118262117	-0.0178010734	0.0461804531	-0.0171476416	0.076985078	0.0547476371	0.0120593373	-0.0223425406	-0.0065260122	-0.1235048831	-0.0497209278	-0.0682012841	-0.1193475265	-0.008364429	0.0443844821	0.0012948242	-0.10705596	-0.0669331239	0.0531329325	-0.0533912065	-0.0934023681	-0.0279356463	0.0192460555	-0.1251803087	-0.0925822745	-0.0697980772	-0.0187620234	0.1187794047	-0.0175236934	0.0330831078	0.029852466	-0.0299488467	0.0124430753	-0.0920783217	-0.0954841667	-0.028637869	-0.0729443947	0.0623208616	0.0089297344	0.0525021186	0.0136675881	0.1751457964	-0.0099579864	-0.0063002942	0.0517359395	-0.0023498733	0.0509683961	-0.0345869642	0.0841457032	-0.007568043	-0.0616752261	-0.0336065279	0.0640266154	0.012307216	0.0511627431	-0.0634096805	0.0903116495	-0.0302307167	-0.0221900771	-0.0017474398	-0.0434422215	0.0431180726	0.0215977676	-0.0870890104	-0.1157274777	-0.0228197388	-0.0488746174	-0.0313486816	0.0842803251	-0.0638388799	-0.0121796622	0.0775947873	0.0	-0.0189302	-9.500000000002562e-06	0.00035835247204	9.025000000004867e-11	0.0963034	0.0456107	0.0020803359544899	0.00927434485156	0.0706812	0.0414452	0.00171770460304	0.00499583203344	0.00314475	-0.00064423	4.150322929e-07	9.8894525625e-06	0.00125192	0.0002827369999999	7.994021116899997e-08	1.5673036863999997e-06	-0.000928972	-0.000175123	8.62988976784e-07	3.0668065129000006e-08	0.0	0.0	0.0	0.0	0.0	0.0	0.0	0.0	0.0	0.0	0.0	0.0	0.0	0.0	0.0	0.0	0.0
6270.7634036926165	-15.74128998663764	247.7882104434184	39322473.665090606	6356.373696351663	-30.881377304381203	40403486.56767131	953.6594642155504	4267.637172395916	3.2814123242687856	10.767666841863074	18212727.03521541	4334.000890372563	7881.165637257615	1.042103	23.120905	0.1732668999999999	0.0924554	-0.0027174383	-0.0215727578	0.0222858588	-0.0235125014	0.0138917343	0.0111642294	-0.0286548839	0.0557352389	0.0584454888	-0.0788559893	0.0083061111	-0.0571210879	0.0496540996	0.0239266345	0.0405347042	-0.031510745	0.0153217318	-0.0042393266	0.0836748485	0.0401092767	0.0066013115	-0.0465352197	-0.0138167651	0.0175098808	0.0655953186	-0.148629873	0.0192256136	-0.0564715177	-0.1053447115	0.0531209592	0.0956206835	-0.0505458078	-0.1112438705	-0.041259427	-0.005221037	-0.024048153	0.009449434	-0.0243431205	0.015842436	0.0661227898	-0.1293943572	-0.0075376272	-0.0757187827	0.0703794645	-0.0575601813	-0.0594336465	0.0446243242	0.0637671848	0.0249096286	0.0948621995	0.0551826983	0.0141801189	-0.0610269665	-0.0781538738	-0.0322979696	-0.0242415174	-0.031269472	-0.0152441516	0.0152301402	-0.0847609946	-0.1095252173	0.0320648387	-0.0104280183	-0.0043648369	-0.0099105454	-0.0797349788	-0.0681006762	-0.0340226824	0.041283285	0.0471273747	0.10272176	0.0394746203	-0.0371459381	-0.011943436	0.005540073	0.0475369576	-0.1385570849	-0.010831488	0.0563151367	0.0204537056	-0.1228254286	-0.1050950987	-0.0111164999	-0.0261130251	0.0531432942	-0.0328068496	0.1229146932	0.0246869743	-0.0902041745	-0.0737882997	-0.0713416571	0.0770303552	0.0367042869	-0.0844520391	0.1402306752	-0.0239527612	-0.0423924674	-0.0216413922	-0.0073822723	-0.0010016105	0.0066138282	-0.0318201827	-0.0014279023	-0.0360574264	-0.0627882553	-0.0403037813	0.0423603082	-0.0136628074	-0.0087733114	0.0243600325	0.0619714642	0.0041236408	-0.1039747641	-0.0508217586	-0.0900348287	0.0485794981	-0.154617339	0.1298417198	-0.0037347843	0.0161259962	0.0596359138	-0.0607542022	-0.0750328429	-0.0167661822	0.0495754775	0.0765476033	-0.0116103285	0.0465891322	-0.1390392606	0.0810003125	0.028609975	0.0608388864	-0.0060934693	0.0779999356	0.0992479312	0.0748856676	-0.0748610724	-0.0074839829	0.0513225044	0.0042028041	0.0758536373	-0.0131858817	-0.0038086357	0.012860609	0.1401438927	0.0092822348	-0.0686603771	-0.0347222056	0.0233577512	0.02619159	-0.0176970728	-0.062312331	0.0319663561	-0.0620692824	-0.0099783678	-0.0466355219	0.0015068971	0.0314980144	0.0312264248	0.0103696485	0.0096422376	-0.0917959539	-0.0348130134	-0.0551614917	0.1444199776	-0.0183005278	-0.0790751137	0.0856141025	0.0207082902	0.0743477804	-0.0744510686	-0.0206932154	0.065353922	0.0378079291	-0.0553899135	0.0974460362	0.0340745647	0.1460370255	-0.0013983402	0.1233504887	0.0347469102	0.0023677988	-0.0330246798	-0.0516058057	0.0308390647	0.0064751344	0.0140986754	-0.0453028409	-0.0177968512	0.0338239274	0.069251816	0.1087123269	-0.0353673896	-0.0321619773	-0.0418837427	-0.0311738764	-0.050387223	-0.0515137401	-0.1667258619	0.0137625518	-0.0007734987	-0.0085110316	-0.0165244394	-0.064051801	-0.0156787184	-0.0497116514	-0.0294417717	0.0835331432	-0.0665176545	-0.007120408	0.0746972852	0.0	-0.0210417	-0.0021114999999999	0.0004427531388899	4.458432249999995e-06	0.0461943	-0.0501091	0.0025109219028099	0.00213391335249	0.0321006	-0.0385806	0.00148846269636	0.00103044852036	0.00422202	0.00107727	1.1605106529e-06	1.78254528804e-05	0.000696442	-0.0005554779999999	3.0855580848399986e-07	4.85031459364e-07	-0.000945538	-1.6565999999999977e-05	8.94042109444e-07	2.7443235599999917e-10	0.0	0.0	0.0	0.0	0.0	0.0	0.0	0.0	0.0	0.0	0.0	0.0	0.0	0.0	0.0	0.0	0.0
6257.42382523901	-13.33957845360692	177.94435331993395	39155352.9286688	6369.141143537994	12.767447186331085	40565958.90630847	163.00770765575348	4259.211343233703	-8.425829162213631	70.99459707080966	18140881.266330644	4328.064554914456	7891.768990936651	1.171838	25.999304	0.2136419	0.118504	-0.0358420544	0.043922173	-0.041985324	0.0266348116	0.0063722329	-0.0348557769	0.0278487204	-0.050011781	0.0904380568	0.0832002243	0.0374624973	0.0224605601	0.1606856225	0.0857522608	-0.0058840546	0.0074574516	-0.0440422224	-0.0005568255	-0.0402570885	-0.0911463032	-0.1052197196	0.0103129834	0.0279041492	-0.0107073734	0.000664057	0.0339922323	-0.0898345544	0.0116940629	-0.0288601502	-0.0272563566	-0.0292125648	0.0474054889	-0.0572139354	0.0015790454	0.0200558299	-0.0162304399	0.0534445315	-0.061984336	-0.0189282707	0.0669703263	-0.090458495	-0.0759853755	0.0834092397	0.1066914858	0.0909485043	0.0289383014	0.0755918363	-0.114052595	0.0570161385	-0.0306605899	0.0045755742	-0.0044653945	0.0551664305	0.0471145538	-0.0509791446	-0.006337295	-0.0359546746	0.0412820524	-0.0479741775	-0.1071267503	-0.0066416983	-0.0435955098	0.0234443077	0.0462261311	-0.0465402694	-0.0094726327	-0.006256628	-0.0986307436	0.0281409686	-0.0376980949	-0.0636754799	-0.0061218068	-0.0022127337	0.0318377885	0.0498404891	-0.0036330844	-0.1273906527	0.0561758739	0.0952940677	-0.0441613395	0.0997139927	0.0393943406	-0.0420115468	-0.1125981694	0.1082742367	-0.049513016	0.0131976302	-0.0022858504	-0.0672572701	-0.0324699781	-0.0373207565	-0.0266577034	-0.1120689393	-0.0587052202	-0.0377481271	0.0164818133	-0.0065591635	0.036189905	0.0258243452	0.0070495857	-0.0801795535	-0.0164722073	0.0498998734	0.0130797729	0.0469499524	0.138505913	0.0163577615	0.0085899078	-0.0031345591	-0.0268573034	-0.0118371514	-0.0664430244	-0.0557783042	-0.0045759787	-0.0436335735	-0.0761805058	-0.0361570859	0.028316067	-0.0743683604	0.0195171186	0.0522844845	-0.0217089965	-0.0551283288	0.0140115341	-0.0351513036	-0.0824708672	-0.0430573507	0.0730779965	0.0233847969	0.0202698739	0.0641231394	-0.1254633173	-0.0667286038	0.1393420034	0.0187629183	-0.0645287099	-0.0663295557	0.0111322668	0.0305410613	0.0491492527	-0.0852080002	0.0249681071	0.0030683662	-0.0794988534	0.0693520838	-0.0575186181	-0.0056119644	-0.0219041097	0.0436460826	-0.0874879822	-0.0323628025	0.0379898255	-0.1071411272	-0.0191564468	-0.0568110161	0.0457119591	-0.0836750612	0.086013851	-0.0162671884	0.022775729	0.0477623457	-0.0817305234	-0.004647578	-0.0168301569	0.0283114784	0.0025641262	0.0075034053	0.0041446466	0.0718598247	0.0001321885	0.0353054247	0.127555418	0.0499785742	0.0093533488	-0.0496213735	0.0103647971	0.009840812	-0.0330014396	0.0695708891	-0.0950302552	0.0760835864	0.0351073004	0.1163334998	0.0353210778	0.0057117906	-0.0001504975	-0.0467205832	0.0327528586	0.065180977	-0.0157612376	0.1415147221	-0.0028849136	-0.0790255341	-0.0330346164	-0.0460721038	-0.0119942846	-0.0018710111	-0.0451136749	-0.01765393	-0.0143538592	-0.0852010991	0.0341521542	0.0433743602	0.0282691035	-0.0068031172	-0.0505418031	-0.0275185584	0.0826818895	-0.0690491117	-0.0020365163	0.0714276451	0.0	-0.0189334	0.0021083	0.0003584736355599	4.444928890000002e-06	0.0884173	0.042223	0.001782781729	0.00781761893929	0.115773	0.0836724	0.00700107052176	0.013403387529	0.00307166	-0.00115036	1.3233281296e-06	9.4350951556e-06	0.00125192	0.0005554779999999	3.0855580848399986e-07	1.5673036863999997e-06	-0.000952464	-6.925999999999981e-06	9.07187671296e-07	4.7969475999999727e-11	0.0	0.0	0.0	0.0	0.0	0.0	0.0	0.0	0.0	0.0	0.0	0.0	0.0	0.0	0.0	0.0	0.0
6249.219855549736	-8.203969689273436	67.30511866251727	39052748.80299707	6376.860866187984	7.719722649990217	40664354.50671977	59.59411779277198	4256.165529575805	-3.04581365789818	9.276980838639089	18114945.015149288	4329.391063630928	7749.963673617138	1.381202	30.644413	0.31786085	0.178777	0.0441295283	0.0191981218	0.0515041598	0.0714850626	0.115498036	-0.0662897881	-0.0991186617	0.0408808167	0.0167629095	0.1425957634	-0.053291481	-0.0776793417	0.0776775561	0.0411688973	0.0903599015	0.1002380553	-0.0222764982	-0.0427830132	0.0394168291	-0.111502997	0.006615028	0.1553044637	0.1122255282	-0.060297737	-0.0440916716	0.0247481622	0.0577700245	-0.063719626	0.0029039663	0.0140372203	-0.0588220895	0.1367117039	0.0264155161	-0.1096266187	-0.0774565093	0.0342521658	-0.0252250744	-0.0555201245	-0.0512625768	0.0767255666	0.0612339297	-0.0497196742	-0.0007493477	0.0753564003	0.0055555259	0.0687579188	-0.0255804613	-0.027888593	-0.0132234006	-0.0097409818	-0.0409213354	-0.0329878832	0.0805903582	-0.1065295808	-0.0246571407	-0.0193690707	0.1140362913	-0.0055112898	-0.0067281979	0.0661969044	-0.0317583425	-0.0345351504	-0.0264376338	-0.0138742945	-0.0465039096	-0.0437543009	0.0563567644	-0.0018330083	-0.0531151489	-0.0632265988	0.0258832743	0.0845229638	0.0565016456	-0.0154950093	-0.1406531523	0.0119708402	0.0484756215	-0.0996861409	0.0484212997	0.0873379518	-0.0126752931	-0.0273906644	0.0005566796	-0.0425297839	-0.018247693	0.019044033	0.0798438374	0.0326672356	0.0218218361	-0.0381021086	0.0859506635	-0.0639694694	0.0832878619	-0.018337	0.0471010881	0.0482512871	0.0923261308	-0.0877119244	0.0170448558	-0.0913433037	-0.086573259	0.0338373314	0.1550667419	0.0757459371	-0.0604288629	0.0372687502	-0.0282371878	0.1697555857	0.0158943326	-0.0349293779	-0.0990104059	-0.0513171986	0.0752901776	-0.0184126006	0.0535449988	0.0282234999	-0.1089011672	-0.134236118	-0.0078139027	0.111553699	-0.019085417	0.0004385808	-0.0522706907	-0.0521483113	-0.0749040519	-0.0210239639	-0.0882309693	-0.0476156948	-0.0597556517	0.0051805816	-0.0599594424	-0.0574798892	-0.1472082804	-0.0484502315	0.0104114132	-0.0696784089	-0.0371005212	-0.0601136279	0.0163195858	-0.0442911256	0.0980148441	-0.0351281432	-0.1143100513	-0.0471688736	-0.011870787	-0.0397772608	-0.0795177115	0.0528374077	0.0211596729	0.0539672889	-0.0272910742	0.0476443998	0.0413985946	0.008507094	-0.0783081823	0.0475068731	0.085673668	0.0625998513	0.1056299429	0.0452183956	-0.058139732	0.0096392884	-0.0250828257	0.0673955213	-0.0701467888	0.0282771407	-0.0446840117	0.0162166931	-0.0232836252	0.089941022	-0.1028307513	-0.050617564	0.0275632198	0.041473035	0.0301651284	0.0910966909	-0.0787494102	-0.1174937937	0.0549241517	0.0180009267	-0.0324440087	-0.0887014973	0.1088552781	0.2311347331	0.1321539859	-0.0152533744	0.083980904	0.0600078255	-0.0806313355	0.0064771679	-0.0481159879	0.012058006	0.0101065646	-0.2447469136	-0.0417047312	0.0044397311	0.0814483465	-0.0198655107	0.0710307352	-0.0457338809	0.0058537357	-0.049651686	0.0005976207	-0.0203085967	-0.0364020221	-0.0513649577	-0.0255801066	0.0817276244	-0.0714276451	0.003054422	0.067802156	0.0	-0.0366162	-0.0176828	0.00134074610244	0.00031268141584	0.149711	0.0612937	0.00375691765969	0.022413383521	0.266629	0.150856	0.0227575327359999	0.071091023641	0.00208642	-0.00098524	9.706978576e-07	4.3531484164e-06	0.00199666	0.00074474	5.546376676e-07	3.9866511556e-06	-0.000983051	-3.0587e-05	9.66389268601e-07	9.355645689999998e-10	0.0	0.0	0.0	0.0	0.0	0.0	0.0	0.0	0.0	0.0	0.0	0.0	0.0	0.0	0.0	0.0	0.0
6247.18223851554	-2.037617034196046	4.151883178045891	39027285.92122404	6382.542480816529	5.681614628544594	40736848.51942761	32.28074478729192	4256.735181503007	0.5696519272023579	0.3245033181653605	18119794.40544544	4325.321724382419	7352.766984711018	1.664119	36.921436	0.20814535	0.117934	0.222319722	-0.0285432098	0.0733166214	0.0448113166	0.008320885	-0.1685594971	-0.1694421612	0.1176492743	-0.043256906	0.0534057097	-0.2171372988	0.0657859917	0.1109638065	-0.0624315035	-0.0728417124	0.1991554924	0.0986683709	0.0245594698	0.1015549843	-0.0075767477	0.1226301231	0.0185763266	0.1790641172	0.1686479555	0.2109206193	-0.0483314516	0.1066975734	-0.1234823569	0.0781745293	0.1531545705	0.0183396117	0.1038300544	0.0743401713	0.1287328981	-0.0321213514	-0.0378323597	-0.0225830515	0.0191708922	0.055123654	-7.5414e-05	-0.0527508628	-0.1461588713	-0.0216048348	0.0113479725	-0.0469174541	-0.0694992874	0.0333841162	0.0523330835	0.1095242834	-0.0354073253	0.0020056707	-0.0389163936	0.0611081079	0.0673515914	-0.0054561016	0.0324665872	-0.025820809	-0.0895742585	-0.0107200606	0.0683550229	-0.0110093659	0.0383446016	-0.0742769934	-0.0152309453	0.0025817828	-0.0061833984	0.0674387257	0.0288943215	-0.0309414037	-0.0862670283	0.031109853	0.0523034747	-0.0453820273	0.0576314123	-0.010173992	-0.0219162747	-0.0558962137	0.0179598914	0.005375822	0.0939898486	-0.0077066155	-0.0010392944	-0.0406478963	0.0474574094	-0.060982144	-0.0151845201	-0.0394354716	0.0500095128	-0.0541686236	-0.0270709366	0.1057473212	-0.0384979246	-0.026261086	-0.1254367395	-0.0891754484	0.095665586	0.0295453388	-0.1380958852	-0.0332053355	0.0089639401	-0.0051732026	0.1871853167	0.1042338005	0.0057838902	-0.1027067513	-0.1171396438	-0.0526632184	0.1404138839	-0.0661278789	-0.0658861417	0.2949787045	-0.0633645724	0.1277409059	0.0881097418	0.0068926902	0.0449388011	-0.2088670272	-0.0397240325	-0.0162103704	0.0557938969	-0.0807177882	0.0371428398	0.1126595759	-0.000274409	-0.1314314138	0.0135304108	0.09402296	-0.0908373692	-0.0825231671	0.0951014751	0.0774880183	0.0010495795	0.0517462771	0.0621421224	0.0758108425	-0.0045077653	0.035949854	-0.1252659155	-0.1094046038	-0.0323690229	0.0066269234	0.0756454442	0.0060614949	-0.1338317615	0.006944029	0.0848470143	-0.0059030432	0.1263425424	-0.0467493768	-0.0091333087	-0.0450559424	0.0057800988	0.0163557489	0.0148556223	-0.0528511908	0.0032694183	0.0389051588	0.0819673272	0.0324768097	-0.0090137643	-0.0677672078	0.0084023576	0.021916038	0.0136130246	0.008679521	-0.0125751768	-0.0322733865	0.0063574083	-0.0631435508	-0.0287372295	0.1127393684	-0.0361756089	-0.0817808327	-0.0218527029	0.0229758304	0.0448512874	-0.0221432807	0.0170207085	0.0185244088	0.0323865299	-0.0397226877	-0.2420422801	0.0199499581	0.0347413465	0.2516178425	0.0338639058	0.0195242688	0.0310819414	-0.1101262173	-0.1221857777	0.002873424	-0.0209059356	0.1347065355	-0.1965245365	-0.2964550544	-0.0455278816	-0.0974455584	0.1843120677	0.0214830294	0.099109958	0.131602502	-0.0933562514	-0.0225909844	-0.0533614617	-0.1905637157	-0.0521810011	-0.0236274896	0.0806715369	-0.0736479869	0.0081347916	0.0638388799	0.0	-0.0418008	-0.0051845999999999	0.0017473068806399	2.688007715999997e-05	0.0486932	-0.1010178	0.01020459591684	0.00237102772624	0.294699	0.0280699999999999	0.0007879248999999	0.086847500601	0.00281974	0.00073332	5.377582224e-07	7.950933667599999e-06	0.00150511	-0.0004915499999999	2.4162140249999986e-07	2.2653561121000003e-06	-0.00123564	-0.000252589	1.5268062096e-06	6.380120292100005e-08	0.0	0.0	0.0	0.0	0.0	0.0	0.0	0.0	0.0	0.0	0.0	0.0	1.0	0.0	0.0	0.0	0.0
6272.957874647324	25.775636131784267	664.3834179981426	39350000.49709988	6326.145801337696	-56.39667947883299	40020120.69978256	3180.5854562382224	4265.617338971863	8.882157468856349	78.89272130156061	18195491.2825374	4325.419906453253	7479.015306240741	1.445423	32.06926	0.3381933	0.210952	0.1541527454	-0.0178963125	-0.0274441977	-0.1314618945	-0.0917724246	-0.0564348143	-0.1425134788	-0.0224414257	-0.0876816645	-0.0304569071	-0.062817758	0.0309913649	0.1524984367	-0.0254111602	-0.2108908638	0.1098670659	0.1170491753	0.1603290069	0.0864678347	0.0073428621	0.0613189811	-0.0999429905	-0.0453590268	0.2152429522	0.1669540201	0.1180426518	0.0194628338	-0.0501365428	0.060195105	0.0931709082	-0.0417907621	0.020344913	0.1252496194	-0.0366861432	-0.0701179805	-0.0064845544	0.0411884009	-0.0568200063	0.1260432546	0.0285270519	0.0136527183	0.0119702849	0.0714711829	0.080985125	-0.0395988359	-0.0373896559	-0.1047186329	0.046758043	-0.0522073629	-0.0233156567	0.0246457577	0.0070285831	-0.0036445859	-0.0594982841	-0.004366581	0.0874904982	-0.0185074846	0.1532151859	0.0191585774	-0.0528423278	0.0016304723	-0.0628704375	-0.1208546473	-0.0727950929	-0.0386097242	0.0437558734	0.0338545387	0.0550915415	0.0045245062	-0.0889598643	0.0948681202	-0.0098522279	0.0511536481	0.0152766456	-0.037635528	-0.0231652335	-0.0126168075	-0.0383599191	-0.0791940176	0.1234477145	-0.0664802489	0.0308690415	0.0515233838	-0.0184963117	0.0956291134	0.0242258388	-0.0414931943	0.0182735422	-0.0522419551	0.0118411383	-0.0218446171	0.089226882	0.0478675251	0.0440379518	0.0117130923	-0.0077182822	-0.1234762604	-0.0074178667	-0.0110480828	0.0286421905	0.0521442094	0.143855214	-0.0130026348	-0.1756706353	-0.0611896645	-0.0647810494	-0.0931848968	-0.0846554023	0.0125855205	0.0380444658	0.2333598965	-0.1608982145	0.0642157908	0.0534413948	0.0422360737	-0.0965033064	-0.1137579851	-0.0598611037	-0.0411914181	0.0291677904	-0.1513808519	0.0327625372	0.0671568898	-0.006307212	0.0029764284	0.0092931133	0.010022886	0.0708054185	-0.003485839	-0.0429917526	-0.0863411015	-0.0452451819	-0.0788497418	0.0456278589	0.1254557501	-0.0530594298	0.0821632575	-0.0403396651	-0.0516876586	0.0900242076	0.1117646325	-0.0090688107	-0.0044413832	0.0936453427	0.0784639294	-0.0453583173	0.0377895422	-0.0408225816	0.0508217342	0.0578690555	0.042807231	0.0098886618	0.0971523362	0.0307947188	0.1416649319	-0.0799350159	6.66906e-05	0.0427978399	-0.0075579834	-0.0187719023	0.0131050141	-0.0218323107	0.017827262	-0.0059223352	-0.0289818255	0.0091704601	-0.107446255	-0.0335244876	-0.0417804062	-0.0170175596	0.0035780386	-0.0195532758	-0.0609908013	-0.1489147489	0.0216572368	-0.0533837909	0.0175009322	0.0067296727	0.0684756279	0.0737442944	0.01829721	-0.14757219	-0.011715162	-0.160478002	-0.0107951166	0.0002303907	-0.1552441255	-0.0126982094	-0.1458612481	-0.0578993981	0.0889896006	-0.211013029	0.0338258738	-0.1581272399	-0.2224394408	-0.117172569	-0.0967735866	0.0017553951	-0.1157496543	0.1530706114	0.0231461918	-0.0625122295	-0.1218530311	0.0530243718	-0.011211216	-0.0529898205	-0.0216617888	0.0795149427	-0.0757052197	0.0131870138	0.0595575618	0.0	-0.0361368	0.005664	0.0013058683142399	3.208089600000003e-05	-0.0386166	-0.0873097999999999	0.0076230011760399	0.00149124179556	0.117641	-0.177058	0.0313495353639999	0.0138394048809999	0.00391095	0.00109121	1.1907392641e-06	1.5295529902499997e-05	0.00125192	-0.00025319	6.410517610000008e-08	1.5673036863999997e-06	-0.00125447	-1.8829999999999845e-05	1.5736949809e-06	3.5456889999999417e-10	0.0	0.0	0.0	0.0	0.0	0.0	0.0	0.0	0.0	0.0	0.0	0.0	0.0	0.0	0.0	0.0	0.0
6287.437502254267	14.479627606942811	209.6596156357405	39531870.34475338	6371.211721219229	45.065919881532864	40592338.79660129	2030.937134768739	4274.391347339144	8.774008367280658	76.98322282911099	18270421.39020774	4340.294702948413	7986.11458158377	1.6136	35.800579	0.192863	0.102288	-0.0170868948	-0.03579974	-0.0575716743	-0.0607638493	-0.0634191619	0.0426230921	-0.0388607147	-0.1477542431	0.0391434631	0.0031023556	0.0532559325	0.1325888246	-0.0421150722	0.0798366137	-0.0662611515	-0.037920046	0.0978613447	0.0145816249	-0.0522473718	-0.0563731277	-0.0404950881	-0.0865779532	-0.0158327732	0.0174666363	0.0223361223	0.1565046539	0.1047038823	0.0974697415	-0.0491206264	0.0121051385	-0.0767372975	0.0143438559	0.0770203804	-0.0488336787	-0.0814700672	-0.0551076581	-0.1374102603	0.0986231058	0.0150794986	0.0295422835	0.0639109546	-0.0147522492	-0.0041271448	-0.1521911989	0.0417272523	0.0115800953	-0.0445589205	-0.0178608849	0.0366082213	0.0780887155	-0.0750546404	-0.033507273	0.0496868225	-0.0219554224	-0.0568961187	0.0028423554	-0.0110534651	0.0065346669	0.0522696859	0.0152916759	0.1268764974	-0.050688579	-0.0211812404	0.0349396768	0.0813332015	-0.1056529427	-0.0371161789	0.0122394257	-0.1693971155	-0.0508521425	-0.0091240764	0.1056151603	-0.0407561076	0.0643133072	0.1275301797	-0.0686318234	-0.0600009828	0.0133491596	0.1780811364	-0.0511137445	-0.0203771477	0.0254579256	0.0821664271	0.066541499	-0.0103137805	0.0915725017	-0.1231935435	-0.0156978907	0.0558444437	-0.0344964953	0.0981401861	-0.0362916032	0.0274553818	-0.0053927143	-0.0009746666	0.046650538	-0.0039812072	0.050354657	0.1015114503	0.0772217274	-0.0015788865	0.0203426033	-0.0792059971	-0.0419834751	-0.0302689387	0.1112400688	-0.0292111096	-0.0862708026	-0.0645143189	-0.0115195983	0.040080083	-0.0266321584	0.1275215806	-0.1750664042	0.0006116186	-0.0850952069	-0.0190318121	-0.0751098976	0.1298505498	0.1333193678	-0.1249600047	0.1279442885	0.1110936617	0.0466036589	0.0336166973	-0.0238849706	-0.077703037	-0.0241074238	0.0319930504	-0.0893234284	-0.0129234081	-0.0356782597	0.0304283434	-0.1145020391	-0.115370691	-0.1588153508	0.0515689381	0.0554361102	-0.0559114405	-0.0752397258	-0.0178028935	0.026840532	-0.0091363884	-0.0256907356	0.087945489	0.0794086794	0.0657780068	-0.0124027365	0.029782973	0.0289692527	-0.011722998	-0.0727419401	0.0476317212	-0.0023244711	-0.1749495762	-0.1364754795	0.0891861722	0.029495163	0.0062128989	0.0042387675	0.0856078264	-0.0437134521	-0.0843529239	-0.1340067611	0.0565840386	-0.03504994	-0.0489630343	-0.0233018597	0.0554335292	0.0385564796	0.1085964002	-0.0080446019	-0.0123320302	0.0140752287	0.1186715653	-0.0681803554	0.0904806635	-0.0343969421	0.0272427621	-0.0535564734	-0.0464389552	0.0033291461	0.0347448099	-0.124547637	-0.0553278229	0.0340932824	-0.0998465279	0.0123170262	0.0772509577	-0.0258317556	0.0499597526	-0.0375675814	0.0257684291	-0.0477500798	-0.0261182273	-0.0103223408	-0.0580354981	0.0094242641	-0.0046505935	0.030070777	-0.0512265336	0.0816784531	-0.1425193484	0.1435599873	-0.014628722	-0.0537913037	-0.0196840927	0.0782592828	-0.0775947873	0.0181936073	0.0549795309	0.0	-0.0122875	0.0238492999999999	0.00015098265625	0.0005687891104899	0.0121296	0.0507462	0.00257517681444	0.00014712719616	0.0367235	-0.0809175	0.00654764180625	0.0013486154522499	0.00436119	0.00045024	2.0271605760000018e-07	1.90199782161e-05	0.00116313	-8.878999999999983e-05	7.88366409999997e-09	1.3528713969000002e-06	-0.0010465	0.00020797	1.0951622499999998e-06	4.325152090000002e-08	0.0	0.0	0.0	0.0	0.0	0.0	0.0	0.0	0.0	0.0	0.0	0.0	0.0	1.0	0.0	0.0	0.0
6264.021467017062	-23.416035237205502	548.31070623005	39237964.93925058	6345.617798894898	-25.59392232433038	40266865.24965174	655.0488599438569	4263.196070051735	-11.195277287409226	125.33423354198088	18174840.731704555	4332.5433384274975	7963.094167881059	1.071576	23.774817	0.1409276	0.073976	-0.0279591994	-0.0190582108	-0.0745992959	-0.0179724958	0.0712633174	0.0651775527	-0.0602817075	-0.1087945181	0.0430805927	0.0354878272	-0.0002300582	-0.0587392016	-0.0953923973	0.0153704436	0.0468766366	-0.0138609778	-0.023657817	0.0055976105	0.067256496	-0.1319193017	-0.0197085434	-0.0041774446	-0.0394224576	-0.0582666621	0.004654562	-0.0226875987	-0.0256978312	0.0551755949	-0.0431829281	-0.0262374463	-0.1313208831	0.0614842395	-0.0106736348	-0.0485250275	0.064803573	-0.0861370531	-0.0547835155	0.0613714282	-0.0620395091	-0.1307820477	0.0470944402	0.0754112475	-0.0024210293	-0.0016762165	-0.0659832354	-0.0354349259	0.0058111871	-0.0260222901	-0.0032610367	0.0071804085	-0.0724030008	0.0341623938	0.0362178702	0.0022499044	-0.0551838894	-0.0813988015	-0.1210069661	-0.0086878636	0.1331978366	0.0647750682	0.0308210916	0.0246609978	0.0805016454	-0.0326380874	0.04585509	-0.0434841282	0.0521093409	0.0933135081	0.0404532485	0.0333928345	-0.0357570512	-0.0519660056	0.0382176438	0.1392805545	0.01397888	0.0036725307	-0.0602223824	0.00810414	-0.0526211028	0.0235467121	-0.0035237909	0.0149360128	-0.0234234582	0.0029680512	-0.0086447411	0.1064282973	0.0127488135	-0.0598156667	0.1123514779	-0.0433057453	0.1692263741	0.1147505235	0.0602817499	0.1157523358	0.0297556091	-0.0850974607	-0.0547043245	0.060148662	-0.061764796	-0.0204017861	-0.0648380256	-0.0451656531	0.0644781073	-0.0017051321	-0.0948294241	0.0826111632	-0.0436229689	-0.0302087686	0.0079902929	0.0697176445	-0.0801920431	-0.0753986077	-0.058441379	-0.0601208829	0.0735810261	0.0120866354	0.0464759935	-0.1021160152	0.1325391056	-0.0174934315	0.0313246734	0.0236714373	0.0484974369	-0.0275129133	0.0295273067	-0.0372528227	-0.0583428289	0.0188091037	0.1130202093	0.094671877	0.0216095125	0.0436523839	0.1010478666	0.0019543305	0.0050685328	0.0465737879	0.0160069951	-0.0426956414	0.1013607892	-0.119570191	-0.019425132	-0.0994328662	0.0020509212	-0.0222153159	0.012969852	0.065314832	0.0399855765	0.0504829773	0.0319965021	0.0373156772	0.0740520587	-0.0281009771	-0.0271688908	-0.0297149757	-0.0679680225	-0.0299446003	-0.0451063689	-0.148927933	-0.0944386053	-0.0572332863	0.0258961907	-0.0140338381	-0.1035046728	0.0854171396	-0.0478289975	-0.0447539451	-0.0928592754	-0.0066745868	-0.0148424888	0.0709935562	-0.0166518986	-0.1225020965	0.0711186915	-0.0743528201	-0.0090740833	-0.0958690405	-0.0272520592	-0.0912788443	-0.0080106136	0.0161230126	-0.0680649456	0.0118675936	0.067010519	-0.0458637091	-0.0213640174	0.0114631354	-0.0174519838	0.0671305006	-0.0401973437	0.025230521	0.0276802735	0.0815087817	-0.0124574461	-0.0076584153	0.0300166475	-0.0256424991	0.0319262757	-0.0682377954	0.0335284532	0.0039211091	-0.0326672833	0.0876248899	-0.0966201265	0.040992106	0.0012272261	-0.0545853399	-0.0176954965	0.0769061215	-0.0793125049	0.0231372486	0.0501275948	0.0	-0.0105475	0.00174	0.0001112497562499	3.027600000000001e-06	0.0543112	0.0421816	0.00177928737856	0.00294970644544	0.0791085	0.042385	0.001796488225	0.0062581547722499	0.0037605	-0.00060069	3.608284761000001e-07	1.414136025e-05	0.00164351	0.0004803799999999	2.307649443999999e-07	2.7011251201e-06	-0.00103515	1.1349999999999817e-05	1.0715355225e-06	1.2882249999999578e-10	0.0	0.0	0.0	0.0	0.0	0.0	0.0	0.0	0.0	0.0	0.0	0.0	0.0	0.0	0.0	0.0	0.0
6243.0159814240815	-21.00548559298022	441.23042499689967	38975248.544316486	6331.115719178463	-14.50207971643522	40083026.24962863	210.3103161018418	4255.132232858434	-8.06383719330097	65.02547028006406	18106150.3191108	4322.709563557152	7834.67470821557	1.236318	27.429911	0.060320851	0.0358654	0.0387174054	-0.0281329033	-0.0273448541	-0.0150617225	0.0268321712	-0.111895255	0.0612733866	-0.0576426775	0.0971479002	-0.0521225952	-0.0926092948	-0.0093247586	-0.1570604311	-0.0969826454	-0.0017324138	0.0729011683	-0.0312033866	-0.0778442028	0.0067574721	0.0893426998	-0.0904514712	0.0319503252	-0.0416482321	-0.0107204433	0.0778457489	0.0150455013	0.025691249	0.0322887914	0.0359033091	0.0217012274	-0.0134041462	-0.0875300652	-0.017498335	0.0014149491	0.00894928	-0.0661862999	-0.0474521229	0.0735709391	0.0051224134	-0.0065572847	0.0423661411	0.1277663827	-0.0678622212	-0.0151494198	-0.0382475821	0.0906891416	-0.0397040015	0.1157428254	-0.0608541825	0.0604068558	-0.1234244783	0.0435371296	0.1192484694	0.0786388285	0.0257208938	0.0747190169	0.1164652337	0.0497860138	0.0482412693	0.0442034785	0.0450808694	-0.0720804137	-0.0348241935	0.1019727628	-0.0414350602	0.1538103602	0.0804485354	0.0463790396	0.0462444928	-0.0167075434	-0.0017736637	-0.0251560971	0.0100003124	-0.0141029168	0.0585836637	0.0096431583	0.0440245896	0.0711690647	0.0395827934	-0.0676902389	0.0388372285	0.0111568447	0.1050044944	-0.000460291	0.1003543062	0.0053207703	-0.0575067429	0.0089364601	0.0145865424	-0.048278731	0.042831299	-0.0418029122	0.0730087109	0.0438135427	0.0586994256	0.0234923334	0.0692014575	0.0371397776	0.0325196433	-0.0515616404	0.0354081811	0.0380032389	0.0494008139	0.0265807691	0.0180614582	-0.0014478674	0.1637994851	-0.0447137928	0.0493309231	0.0297652133	0.0849629154	0.0583499379	0.0225626019	0.0104331493	0.023113662	0.0029035305	0.0829930006	-0.0043205592	0.1405805931	-0.0270259741	0.0210004405	0.0379958718	0.0944647086	-0.0019538378	0.0182288443	0.0566054889	-0.0676406758	0.1158219112	0.0289099654	0.0001239586	-0.076213373	0.024960984	-0.0780295289	-0.156959849	0.0057951361	0.0132536886	0.099842413	0.0084574103	0.023767367	-0.0299722827	-0.1045312104	0.1219582409	-0.0433428831	-0.0335724507	-0.0857409348	0.0036996913	0.0212943703	0.0471869612	-0.0460622659	-0.0494004717	-0.0154526438	0.0223750869	0.120358198	-0.0046604474	0.1137055312	0.0260509999	-0.051169155	0.0117405776	-0.0440304274	-0.025984506	0.0131964967	-0.0207731823	-0.0416008312	-0.0562037729	0.1029312066	0.1480765139	0.0207087535	-0.0079901455	-0.0192050924	0.0563583227	0.0739856783	0.1171434085	-0.011389278	-0.0367721992	0.0944452721	-0.0126861896	0.0036278069	-0.0551790986	-0.0189498429	-0.0624704607	-0.0321510912	-0.0461563746	-0.0002006735	0.0306617222	-0.0414094178	-0.005904983	-0.030392367	-0.1093744806	0.0528650362	-0.0243732631	-0.1140426788	0.117619245	-0.0358018561	-0.0097704527	0.0055274466	-0.0370964686	-0.0165788094	-0.0373521984	0.0828531414	0.0272096436	0.022601963	0.0123128974	-0.1857984348	0.0819395544	0.0521994717	-0.0553718191	-0.0156971013	0.0754571448	-0.0808545682	0.0280008321	0.0450259254	0.0	-0.000487949	0.010059551	2.38094226601e-07	0.0001011945663216	0.0867017	0.0323905	0.00104914449025	0.00751718478289	0.0820333	0.0029248	8.554455040000031e-06	0.00672946230889	0.00360393	-0.0001565699999999	2.4514164899999992e-08	1.29883114449e-05	0.00167715	3.3640000000000145e-05	1.1316496000000095e-09	2.8128321225000004e-06	-0.00114386	-0.0001087099999999	1.3084156996e-06	1.1817864099999983e-08	0.0	0.0	0.0	0.0	0.0	0.0	0.0	0.0	0.0	0.0	0.0	0.0	0.0	0.0	0.0	0.0	0.0
6211.40346293658	-31.6125184875018	999.3513251226432	38581532.97938053	6339.3061605165485	8.190441338085293	40186802.59676307	67.0833293126164	4251.655278555832	-3.4769543026013707	12.089211222378184	18076572.607671674	4322.933943442928	7613.781958610182	1.241318	27.540825	0.0897295609999999	0.0540978	0.0451695662	0.0900431153	-0.0172594441	0.0637201187	0.1577033507	-0.0627712985	0.0337254889	-0.0303151907	0.0060617007	-0.0874928357	0.0276613694	0.0284521936	0.0311799241	0.0409042209	-0.0795984739	0.0400194601	-0.1296235086	-0.1856617847	0.0100754219	-0.0004446894	-0.0390886329	-0.021860905	0.0075979679	-0.0190135862	0.082806011	-0.0267551676	0.0184890994	0.0324201565	0.0716589013	0.0214628107	0.093342173	-0.0079637121	-0.0922843719	0.0412922324	0.0226823451	0.0101984935	-0.0026330634	0.0004085356	-0.0359851254	-0.0421591334	-0.0262990378	0.142179738	-0.05367521	-0.078840498	0.0212283493	0.0310826446	-0.0200309431	-0.0196152843	0.0797527045	-0.0939289615	0.026033036	0.0647358928	0.0071026735	0.0932478981	-0.0839616944	0.1494855783	-0.0877312365	-0.0733225644	-0.0456487368	-0.0971049938	0.0355442164	0.1148047726	0.0160341664	-0.0336559223	0.0310325059	-0.041377078	0.0641059656	0.0329685187	-0.0416802453	0.1031900002	0.0100592687	-0.1145058804	0.0156494942	0.1080477904	-0.0124595616	0.0344686719	-0.0311183163	0.014375824	-0.1312887852	0.0676039896	-0.0216307041	0.0453740886	-0.03041575	0.0600547387	0.0014662266	-0.0427014932	0.0347976746	0.0122026889	-0.0173101375	-0.0764551005	-0.0598678781	0.0175639254	0.0594795601	-0.0624259415	-0.0595877163	-0.1424389632	0.1254366353	-0.0716081362	0.0270120587	-0.0010000998	-0.0189741017	-0.026260598	0.1096143991	0.166605173	0.0111001097	0.0102104476	0.0859201593	-0.0697203345	-0.0391270216	0.0117754865	0.0520575914	0.0329681301	-0.0140002401	0.0189509739	-0.0603049039	0.0709073825	0.0655257756	-0.009190376	-0.075202441	-0.1203254916	0.0389860945	-0.0028815709	0.0392097686	-0.0356615229	0.0573743525	0.0395865651	-0.0790445349	0.059882124	-0.0345386467	0.0253505519	-0.0303813016	-0.0032361732	0.1599380093	0.1108646797	-0.1458776346	0.0608706777	0.0234612679	-0.1082118983	-0.040381592	0.0594159135	-0.0489876033	0.0963431722	0.0170801906	0.092212964	0.0439845283	0.1220444241	-0.0668781961	0.0065498894	0.0135231045	-0.0993929961	0.0041086672	-0.0543370579	0.0151215937	0.0062125952	-0.0345342702	-0.0409098215	0.0061371759	-0.0704538101	-0.1543137727	0.0716667844	-0.0430111358	-0.0130156039	0.0584548348	0.0877646215	-0.026250268	-0.0726913548	0.0698026942	-0.0741214768	-0.0949609303	0.0471696225	-0.0561834234	-0.0377385591	0.0115706173	-0.0388417788	0.0246499063	0.039685327	0.0511151542	0.0158696821	0.0069541351	-0.0108802384	-0.1309657346	-0.0151344161	0.0218722841	-0.0018312915	0.002846567	-0.1080743513	0.0618699511	0.0542870508	0.095963956	-0.0101890957	-0.0267240105	0.0690395831	-0.1308814478	0.0601288073	0.0732832833	-0.1166846943	-0.014901465	-0.0047247758	0.0025785513	0.0859439777	0.0476017539	-0.0151743616	-0.110818451	0.037796868	0.0462680068	-0.0561506324	-0.0136900138	0.0739141579	-0.0822175621	0.0327675292	0.0396999392	0.0	-0.00207921	-0.001591261	4.323114224100001e-06	2.532111570121e-06	0.0700568	-0.0166449	0.00027705269601	0.00490795522624	0.0845386999999999	0.0025053999999998	6.277029159999468e-06	0.0071467917976899	0.00448535	0.00088142	7.769012163999999e-07	2.01183646225e-05	0.00212239	0.0004452399999999	1.9823865760000003e-07	4.5045393121e-06	-0.00109076	5.3099999999999935e-05	1.1897573776e-06	2.819609999999993e-09	0.0	0.0	0.0	0.0	0.0	0.0	0.0	0.0	0.0	0.0	0.0	0.0	0.0	0.0	0.0	0.0	0.0
6206.844790846596	-4.558672089983702	20.78149122399637	38524922.257659525	6289.588440636963	-49.71771987958528	39558922.752594106	2471.851670024909	4249.614140514167	-2.041138041665363	4.166244505133513	18059220.343257964	4319.725501154928	7414.690962506037	1.078857	23.936357	0.13264294	0.0782921	0.0756352349	0.1593066663	-0.0120015254	-0.0806994494	0.1656704687	-0.0864105404	0.0315325975	0.0521984688	-0.0331664905	0.0044514018	0.0263025748	-0.0185875731	0.0321610907	-0.0228161342	-0.0640931795	0.0787187861	-0.1440230793	-0.0974785073	0.090955777	0.0196360811	-0.0250991101	0.0334973147	-0.0093841723	0.0016286695	0.0419946773	-0.0796642372	-0.0556328163	0.1191560882	-0.0081568787	0.0061604472	0.1009395979	-0.0046567194	0.0087391786	-0.0051628971	0.0214283753	0.0251970385	-0.0496944683	-0.0094764676	-0.0261205488	0.0353495891	0.0265895651	-0.0003882072	0.0072415567	0.0249282608	0.0231971302	-0.0984760392	0.0501942296	0.0082596817	0.0072773789	0.035610878	-0.1311900948	0.1240622753	-0.0444074732	-0.1287331129	0.1357408112	-0.0316051091	-0.0051407116	0.1122226356	-0.0579140951	0.0408603901	0.0593104538	0.0206156587	-0.0453431253	0.1304412597	-0.0114271235	-0.0535379342	0.0129314219	0.0837212782	-0.0377356239	0.0487359434	-0.0509788466	-0.0053176629	-0.0154462218	0.0241780289	0.1078444507	-0.123749456	0.1005711309	0.0294592152	0.0552292517	0.0276056047	-0.0400493972	0.0026934824	-0.0320376298	-0.025441727	-0.0826778696	0.0202056368	-0.0202724838	-0.0386575597	-0.0282452328	0.0354109939	0.0540522038	0.0426538223	0.0200813146	0.0661790388	0.0249782727	0.0475664151	0.0737942771	-0.0889474912	-0.0116525492	-0.0655986177	0.1303359764	-0.0278774319	0.1688969894	0.0523790644	-0.0080995614	-0.0690192745	0.0705737885	-0.0338794066	0.0437730183	-0.0513950861	0.0426961726	0.0650594613	-0.0889069958	-0.0117831109	-0.0683273886	-0.0097493095	0.0484386249	-0.0403047807	-0.0010400759	-0.0315780864	0.1064411042	0.0489057032	-0.0174013282	-0.0114865357	0.0182321594	0.0022338446	-0.0326217354	-0.1390300876	0.0631053426	-0.0064296198	-0.0744311504	0.0381953302	-0.0683658593	-0.0173936736	0.0858993782	0.0974343198	-0.0507462874	0.0532402043	-0.0734021186	-0.1447246178	0.007527705	0.0846470417	-0.0279296355	0.0703619392	-0.0367198126	0.0079569764	0.0648481597	-0.027379387	-0.0938762522	0.1294554379	0.0152481372	-0.0726245401	-0.1172889364	0.0503232241	-0.0972614149	-0.0168904498	0.0711431581	0.0256995838	-0.0455170473	-0.0781373927	0.0614625621	-0.0297293997	-0.0741138169	-0.0234904041	0.0435695821	0.0030036431	0.0161299954	-0.0137432803	-0.0059480728	-0.1627586966	0.0249316631	0.0031016133	0.0333399257	-0.0342900267	0.0772162672	0.0518647847	-0.0162709423	-0.0701878577	0.0525683035	-0.0063078776	-0.0244229786	-0.0252162915	0.0515990406	0.0678061948	-0.0134838583	-0.1414488192	0.0319075663	-0.0437773512	-0.0707394525	-0.1081058766	-0.0456142322	0.0722600848	-0.0599720117	0.0822879524	0.0106300426	-0.0799436266	0.0286470908	0.0187842353	-0.0474596242	-0.0455956197	-0.0030104847	0.0319449923	-0.0539999434	0.1033276947	0.0371777683	-0.056921672	-0.0116753453	0.0722790832	-0.0833984678	0.0374208465	0.0341761699	0.0	0.00532973	0.00740894	2.8406021872900005e-05	5.4892391923600015e-05	0.107847	0.0377901999999999	0.0014280992160399	0.0116309754089999	0.115583	0.0310443000000001	0.00096374856249	0.013359429889	0.00340169	-0.0010836599999999	1.1743189955999995e-06	1.15714948561e-05	0.00209645	-2.5939999999999904e-05	6.72883599999995e-10	4.3951026025000006e-06	-0.00107237	1.8390000000000076e-05	1.1499774169e-06	3.381921000000027e-10	0.0	0.0	0.0	0.0	0.0	0.0	0.0	0.0	0.0	0.0	0.0	0.0	0.0	0.0	0.0	0.0	0.0
6213.570935037397	6.726144190801279	45.24101567544979	38608463.76474152	6315.2692947605055	25.680854123542304	39882626.26534485	659.5062685146597	4248.744312339292	-0.8698281748747831	0.7566010538059963	18051828.231635485	4316.01684385133	7407.256736105666	1.018251	22.59169	0.11107036	0.0655433	0.0768015687	0.1454477443	0.0394168604	-0.0653836153	0.0440152939	-0.0902321091	0.0866108088	0.0480913754	-0.1179035692	-0.0714865463	0.0633174712	-0.0321319119	-0.0210524815	0.0194960067	-0.0152229868	0.0743713168	-0.1119135786	-0.0616152443	-0.0055220289	0.1244626149	0.0094165812	-0.0299951654	0.0425656045	-0.0648058132	0.0515764699	-0.0339058368	-0.0811868725	-0.0397517536	0.0803743985	0.0048357925	0.0091281205	0.0622774676	-0.1077032346	0.0360446057	0.0737398749	0.0388933126	0.0084263453	-0.0040591238	0.0281492766	0.1053303898	0.0221943134	0.1064852443	0.0025235576	-0.0506004356	-0.0698826617	0.018930701	-0.0739715063	0.0750994462	0.00482324	0.0579257101	-0.0861834137	-0.0384971344	-0.0035914827	-0.1052536672	0.0223694464	-0.0896052146	-0.0286034441	0.0041415258	-0.015123159	-0.0036500938	-0.0946020847	0.0237435415	-0.0752733039	0.0156401096	-0.0433061589	0.0155103408	-0.1284888397	0.001162446	-0.1155095502	-0.0345821249	-0.0553699233	0.0453223765	-0.0460147643	-0.0062479555	-0.0056699106	0.0085988041	0.0053708749	-0.1721593534	-0.0234761286	-0.1011030483	0.096597001	-0.0811983435	0.0093709866	0.0090083101	0.0237162766	-0.0009623982	-0.0715577584	0.0223863128	-0.0220057972	0.0286125055	0.0416063968	-0.0377103975	-0.0402675426	0.1110997066	-0.0920747456	-0.0851929983	-0.0604959808	0.0208474256	-0.0176504037	-0.054856536	0.0434361431	0.0034066841	0.0852090968	0.0398755424	0.0876004632	-0.1181864106	0.1060122941	-0.0384865099	-0.0647404886	0.0191649738	-0.0295503304	-0.0130300895	0.0042996504	0.061116978	-0.1141783772	0.0599330727	0.0377541458	-0.0695199675	-0.036822865	-0.018832056	0.1697443777	-0.0863631616	0.0776303241	-0.0469101088	-0.0615708629	0.0546951663	0.0053675243	0.0346205064	0.0014099141	0.0164591583	-0.0660078234	0.0099034102	-0.0294112066	-0.0955035689	0.0039439533	0.0050231127	-0.0531948865	-0.0347755044	0.0046363222	-0.0670352384	0.1132590635	-0.0335692812	0.0533733498	0.0216042703	0.0761916678	-0.0526905527	0.0065304449	0.0046907605	0.0181653746	0.0071789324	0.1327546532	-0.0336458175	0.0457662235	0.0836265659	-0.078437973	0.0059076786	0.0735338027	-0.0436536047	-0.0392872785	0.0715253877	0.0713175149	0.0922415283	0.0620372282	-0.0480337564	-0.1103851076	0.0888411882	-0.0012387913	0.0571485761	0.0854743947	0.063750727	-0.0114906553	0.0343534157	-0.0603886683	0.0202340882	-0.0142617815	0.0666989834	0.0659505515	-0.0363977343	-0.0003191035	0.0127207145	0.0385316553	-0.0360983557	-0.0294326405	0.0354992533	0.0017311792	-0.1417749453	0.1086523423	-0.1215658253	0.0408216436	-0.0761595452	0.0661450948	-0.0766188454	-0.0702605888	0.0895388456	0.0234368584	-0.0777825008	0.0505423071	-0.0348757869	-0.0479302407	-0.0919371017	0.1205942939	-0.0515790675	-0.0401478961	0.0358967709	-0.0304213374	-0.0576848313	-0.0096542116	0.0705539577	-0.08439467	0.0419446829	0.0284821367	0.0	0.00532777	-1.960000000000503e-06	2.83851331729e-05	3.841600000001972e-12	0.0709752	-0.0368717999999999	0.0013595296352399	0.00503747901504	0.0670279	-0.0485551	0.00235759773601	0.00449273937841	0.00375184	0.00035015	1.226050225e-07	1.4076303385600002e-05	0.00198101	-0.00011544	1.3326393600000018e-08	3.9244006201e-06	-0.00102513	4.724000000000004e-05	1.0508915169e-06	2.231617600000004e-09	0.0	0.0	0.0	0.0	0.0	0.0	0.0	0.0	0.0	0.0	0.0	0.0	0.0	0.0	0.0	0.0	0.0
6225.324876778317	11.7539417409198	138.15514644893676	38754669.82143497	6312.592309848536	-2.676984911969157	39848821.67035888	7.166248218910516	4249.152786774413	0.4084744351202971	0.1668513641468458	18055299.40535276	4318.492127161118	7578.038358442394	1.126956	25.003517	0.04267082	0.0245631	0.020139953	0.1468528926	-0.0613597529	-0.045983635	0.0792242805	-0.0446685891	0.0748891815	-0.0157002764	-0.1339432118	0.0718555051	0.1167923779	0.0949443291	0.0306220996	-0.0827536662	-0.0343909206	0.0570861261	-0.1224754161	-0.0132447233	-0.0738681287	0.0015429999	0.0130518355	-0.0250985414	0.0155714912	0.0217290179	0.0106082729	0.0262229517	-0.0217770227	0.0503838489	-0.0114644482	-0.0650585714	0.0945738259	0.0955838094	-0.0867820784	0.0099822402	0.0795569651	-0.0301759798	-0.0273357531	0.0116080866	0.0262733036	0.0255236497	0.0028913268	0.0304047652	0.0584829358	0.0416478406	-0.0304953661	-0.0363299068	-0.0377189268	-0.0265304418	-0.1125179506	0.0551269502	-0.0108482432	0.0417366537	-0.0101101037	0.1394715822	-0.065671539	0.0418965236	0.0614345887	0.0175632453	-0.0264562541	0.0297057716	-0.0055064949	-0.0353622945	0.0198760609	-0.014465114	-0.1331368481	0.0343044301	-0.1333954064	-0.063202164	-0.0317390353	-0.0760751106	0.004379644	-0.0435614063	0.0726329727	0.0308278999	0.0728013153	-0.0244838887	-0.0214959991	0.0432766207	0.0095232084	0.056090019	-0.0204852516	0.0613231903	0.0390445067	0.0531434382	-0.021502976	0.0697286498	-0.0504275405	-0.023095969	0.0014412084	-0.0512540877	-0.0196177545	0.0939517449	-0.0198815724	-0.0847542714	-0.0751632442	-0.0160741531	-0.0126466612	-0.0199706846	0.0364495221	-0.0857093569	-0.0444586035	-0.0159319067	0.0931856914	0.0454330235	0.1094482328	0.0026871529	-0.052172477	-0.0447953722	-0.0352845785	-0.0399101784	0.0061735559	0.0109726226	-0.0015106317	-0.0877603284	-0.0098529042	0.0216589965	-0.0093465455	-0.0776896618	-0.1053170284	-0.1068295578	0.0745071383	0.015092231	0.0677552029	0.0079654621	0.0108670891	0.0513337222	-0.009189029	0.0433148002	0.0173758402	0.0151173782	-0.0208731921	0.0565828856	-0.0678204325	0.0277630402	0.046919526	-0.0706329372	0.0214181343	0.0358113964	-0.0003225783	0.1005642987	-0.0496422515	0.0328057927	0.0120317578	-0.008324556	-0.0540005887	-0.0567401984	0.0841808225	0.0292269036	0.0050439896	0.0690143086	0.0153941309	0.0206027702	-0.0109506916	-0.0832736392	0.0523428314	-0.1530155267	-0.0763912385	0.0852148003	-0.0198364604	-0.0615833459	0.0706545043	-0.0793860314	0.056265667	-0.0673498507	-0.0163948803	-0.0114215865	0.0290531399	-0.0588789175	-0.0010425333	-0.0014980197	0.0700846328	-0.0673920179	-0.0150283092	0.0338931869	0.0251948637	0.0440569466	0.0152645805	-0.0033961735	0.0411951683	-0.0403712944	0.0280743074	0.0180461054	0.0755152456	0.003847298	-0.0137033669	-0.1209660669	0.0705004018	0.0239238144	0.0803121661	-0.1104540971	-0.0068114475	-0.0040474529	0.1412446499	0.0778552671	0.0516811361	-0.1313849128	0.0745525105	0.0340448536	-0.0450488112	-0.0422846732	0.1102378142	0.0744861259	0.0089813044	0.0418021047	-0.0137818717	-0.0584400044	-0.0076277318	0.0687409308	-0.0852039625	0.0463233854	0.0226462068	0.0	0.0053153	-1.2469999999999667e-05	2.825241409e-05	1.5550089999999174e-10	0.0647674	-0.0062077999999999	3.853678083999999e-05	0.00419481610276	0.0889077999999999	0.0218798999999998	0.0004787300240099	0.0079045969008399	0.00367961	-7.223000000000038e-05	5.2171729000000564e-09	1.35395297521e-05	0.00214546	0.00016445	2.7043802500000005e-08	4.6029986116e-06	-0.000970397	5.473299999999995e-05	9.41670337609e-07	2.995701288999994e-09	0.0	0.0	0.0	0.0	0.0	0.0	0.0	0.0	0.0	0.0	0.0	0.0	0.0	0.0	0.0	0.0	0.0
6240.763505899468	15.43862912115128	238.35126914046035	38947129.136566624	6334.782655286653	22.19034543811631	40129471.28972062	492.4114306629293	4255.329441181198	6.176654406785019	38.1510596608568	18107828.652983483	4321.899661373398	7496.353121320117	1.226674	27.215935	0.0527758399999999	0.0281157	0.0825647935	0.0755002041	0.0227495087	-0.0506184461	0.0669033918	-0.0031033423	-0.0568172252	0.0578665407	-0.1297914132	0.0445409009	0.042095743	-0.0836371649	0.0273155788	-0.0495550732	0.0913194666	0.0733093822	-0.0411518196	0.0078208068	0.0922869432	0.0154643356	0.1230887825	0.0359025765	-0.0310233121	-0.0334397852	0.008356292	0.0395477291	0.0391793536	0.0887888228	0.0730387837	-0.1150952449	0.1234362632	0.0316684781	0.0388267638	-0.0363235659	0.1143237194	-0.0694737935	-0.0783416277	0.0300953267	-0.0255710541	0.0612143635	-0.0039033754	0.0175881337	0.0921582876	0.0156626187	-0.0580745577	0.0355891112	-0.041625466	0.0211793038	-0.0557913207	-0.0302805662	0.0396649318	0.0189560592	-0.1090081048	0.0777627036	0.0272079774	0.0091148819	0.0193581042	-0.0999724097	-0.0187577111	-0.0465624016	-0.0028047721	0.0452023051	0.0358694197	0.0276511931	0.0903684735	-0.0559796947	-0.1203509703	-0.005767205	-0.0673031498	-0.0081849657	-0.096965016	-0.00666371	-0.0287967429	-0.1230690235	0.0103318992	0.0588623836	0.0493290871	-0.0833307731	0.0648704669	0.0068159739	-0.0303241246	0.0247632279	-0.0207228909	-0.0283210348	-0.0375582988	0.0334527447	0.1473993562	-0.0681858945	0.0731909257	-0.0023156785	0.0018316166	-0.091716909	0.0273687423	-0.0573029033	-0.0334808489	-0.0762212222	-0.0366083962	-0.019854335	0.016108242	-0.0993054357	0.0887817196	0.0241241339	0.0802575654	-0.0063081652	-0.0222575662	-0.1322989575	-0.0658690925	0.0046164181	0.059762081	-0.0238545283	-0.0248534618	0.0779491431	0.0192549141	-0.0642724912	-0.1011829451	0.0456937487	0.0430255534	-0.1293796576	0.0372109796	-0.0919769243	0.1035786061	0.1086689882	-0.0039424445	0.0650406322	-0.0431286105	-0.0853860763	-0.0193723976	-0.0137158843	-0.0156863897	0.0447504805	-0.0508342128	0.0691992881	-0.0077985296	0.0474710276	-0.0207894709	0.0131672142	-0.0285821963	0.0733503762	0.0227652808	0.1525892416	-0.0306530503	-0.0533921092	0.0724101971	0.0166294267	0.0060014958	0.0108602036	-0.0614846507	-0.0709036149	-0.0333071292	0.0628352628	-0.0319351084	0.0246536233	-0.0348908616	0.0149800471	-0.0810467705	-0.0174922916	0.0230301503	-0.0086295279	0.0253663161	0.0684784944	0.1080233324	0.1144584909	0.0378107886	-0.0207962876	0.0694652268	-0.0924802321	-0.02944971	-0.0156767702	-0.0058210975	0.0264478812	-0.006637459	-0.0323092511	0.03692487	0.0471736624	-0.0415641537	0.1203150246	-0.1552073724	-0.0037394919	-0.0091830323	-0.0131949631	-0.0184597849	-0.055872755	-0.0300238372	0.0474460829	-0.020226151	-0.0920630996	0.0769306101	-0.01278953	-0.1043329815	-0.0803447167	-0.074483925	-0.0219563037	-0.0365000845	0.1472090374	0.0733124725	-0.0372483983	0.0216647679	0.0082019988	0.0418262589	-0.005040668	0.0512325186	0.0994733638	-0.055501706	0.0878663384	-0.0878596297	-0.0591870869	-0.0055970281	0.0668422612	-0.0858245528	0.0505418031	0.0166974547	0.0	0.00535049	3.519000000000005e-05	2.8627743240100005e-05	1.2383361000000032e-09	0.0859478	0.0211804	0.00044860934416	0.00738702432484	0.0869981999999999	-0.0019095999999999	3.64657215999999e-06	0.0075686868032399	0.00346328	-0.0002163299999999	4.6798668899999924e-08	1.19943083584e-05	0.00191941	-0.00022605	5.10986025e-08	3.6841347481e-06	-0.00112103	-0.000150633	1.2567082609e-06	2.2690300689000015e-08	0.0	0.0	0.0	0.0	0.0	0.0	0.0	0.0	0.0	0.0	0.0	0.0	0.0	0.0	0.0	0.0	0.0
6247.30085356963	6.53734767016158	42.73691456056704	39028767.95501183	6323.579523939692	-11.203131346960618	39987657.99558935	125.51015197725162	4251.924023506771	-3.405417674426644	11.596869537297374	18078857.90167401	4318.484833615497	7708.28997485191	1.177949	26.134892	0.18509589	0.0928288	0.0072053596	0.0724224506	-0.0602480001	-0.111024195	-0.0316513732	-0.0380605786	0.0397492599	0.0063373993	-0.0653169589	-0.0228470956	0.1009232194	0.0160413668	-0.0482691997	-0.0324721897	0.033307018	0.0376370388	-0.0869262091	0.0504664518	-0.0440292992	0.0984857682	0.0329760665	-0.0903331379	0.0968418471	-0.0286580404	0.0237843727	0.0560499593	0.0312104076	-0.0743253813	0.0834954394	-0.1121187113	0.0459402468	-0.0344548848	-0.0523043089	-0.0105785505	0.1522397355	-0.0709594963	-0.0171584778	0.0745728044	-0.0209145734	-0.0310778252	0.0111771726	-0.0674158478	0.0016136852	0.0428418066	-0.0430000761	0.0572283201	-0.0032394825	-0.1008430345	0.0344550464	-0.1354663836	-0.0872687961	-0.0861950198	0.0648624638	0.0289050813	-0.0097851283	-0.0068885871	0.0107425671	0.0736033568	0.0160843415	-0.0172529585	-0.0364831564	-0.0721716858	0.013922535	-0.0381070889	0.0605293765	0.0133872311	0.040920375	-0.0446367068	-0.0177391383	-0.033738448	-0.1566277457	0.0954593935	0.0177755699	-0.0732155066	-0.0118120595	-0.0421268897	0.0294030635	0.024440006	0.0344829024	0.0338921482	0.0490293974	-0.0032721282	-0.0364277424	0.0186182586	-0.0070716861	-0.0296792095	0.0392158457	-0.0867246573	-0.1140783524	-0.0039050332	0.0211878301	-0.0738129725	0.0087367111	0.1149347677	0.0365669765	0.0122731331	-0.0086182786	0.0424466048	-0.0517383464	-0.0234365577	0.0038308679	-0.0062458162	0.0411623323	-0.0509883636	0.1097173323	-0.0756005289	0.0126755947	-0.0439592365	-0.1174449694	-0.0089225906	-4.106e-06	0.0292814668	0.1108335434	0.0143691382	0.0052942199	0.0749380718	0.0112178632	-0.0710811333	0.0732647174	-0.1102836141	0.1255608152	0.0208060111	-0.068450692	0.0285498533	-0.0139876981	-0.0351646647	0.0151725133	-0.0004110692	0.0274543268	0.0595214926	0.0750330491	0.0122539612	-0.0876352977	-0.0270507895	-0.0354850159	-0.042142603	0.0369917839	-0.0630534685	-0.0268299011	-0.0031957955	-0.0429879156	0.0317506536	0.0562459258	-0.0301714884	0.040491179	-0.013718934	0.0193860783	-0.0555987585	0.1332116035	0.0466279909	0.0186821692	0.079317056	-0.0151936434	-0.0649514284	-0.0717451252	0.1254192118	-0.0449607875	-0.0346894808	-0.0087725632	0.0186028356	0.0800859138	0.0849679362	0.0898125473	0.0195359249	-0.0287234511	-0.0413234655	-0.0600788815	0.0421425626	-0.0281971256	-0.0463363475	-0.000485451	-0.0050859138	-0.0452884426	0.0740025353	0.038586354	-0.1195884031	-0.0925047969	0.0055478308	-0.053133867	0.0135535835	-0.0539307845	0.0163699046	0.0197211326	-0.0642459474	0.0333885984	-0.096239683	0.0246617751	-0.1158375634	0.0625571321	0.0469758896	-0.0295115588	0.0064956916	0.0681310969	0.1123881893	0.0355338644	-0.0995571118	-0.0382845706	0.1003859907	0.1047107335	0.0185424932	0.1013382064	0.0302735836	-0.022384169	-0.0383593733	-0.0334780179	-0.0599259753	-0.0035632251	0.0648603145	-0.0862550665	0.0545853399	0.0106655167	0.0	-0.0135266	-0.01887709	0.0001829689075599	0.000356344526868	0.0247248	-0.061223	0.003748255729	0.00061131573504	0.0507829	-0.0362152999999999	0.0013115479540899	0.00257890293241	0.00427326	0.00080998	6.560676004000001e-07	1.82607510276e-05	0.00135891	-0.0005605	3.1416025e-07	1.8466363881e-06	-0.0011159	5.1300000000001084e-06	1.24523281e-06	2.6316900000001108e-11	0.0	0.0	0.0	0.0	0.0	0.0	0.0	0.0	0.0	0.0	0.0	0.0	0.0	0.0	0.0	0.0	0.0
6250.529604088658	3.228750519027926	10.424829914123103	39069120.33158872	6359.049171730324	35.469647790631825	40437506.36848412	1258.0959143914731	4255.35099101698	3.4269675102086694	11.744106316025809	18108012.05674919	4322.242550288821	7665.06403350424	1.059124	23.498543	0.1600701299999999	0.0825085	0.0426990547	0.0448567562	-0.0497594641	0.0258274414	0.0283050597	-0.0244330365	-0.017032118	-0.0201885299	-0.1367716333	0.0891480813	0.1051779638	0.0224195465	-0.0462259791	-0.0106802231	-0.0661164755	0.0732327869	-0.0385732706	-0.0311207962	-0.0643591428	-0.0469681167	0.0446621337	0.0337033653	-0.0043437063	0.0453534655	0.0109768524	-0.0113814018	0.0536317444	0.0144750343	0.0856568366	-0.1255118603	-0.004850663	-0.0505443648	-0.0516064064	-0.080167996	-0.1037425008	-0.0393406032	0.0267229464	-0.068101929	0.1089699059	0.0200627784	-0.0199273884	0.0505329137	0.0160778681	-0.0312274909	-0.0104290339	0.0711848108	0.0118539222	-0.0225271361	-0.0080819548	-0.0006639402	0.0547032052	-0.1966470937	0.027943488	0.1898707346	0.0727840828	0.0497484665	0.0854113588	0.085990864	-0.111124909	-0.0335419382	-0.0388081589	0.0694083081	0.0195134143	-0.0359995861	0.0691540564	-0.0564991488	0.0424158424	-0.0428834651	-0.099837888	-0.0731192597	-0.0707570225	-0.0468005885	-0.0553757772	-0.0179270301	0.0543271274	-0.0108874775	0.0277518674	0.0116249159	-0.0438914448	0.0119374409	-0.0014877485	-0.1303529225	0.0243187908	-0.0348503938	0.0121935129	-0.0144505797	-0.077500418	-0.0092318467	-0.0206281369	0.1431710297	0.0268447559	0.0146158705	-0.0321351341	0.0377322298	-0.0342784922	0.0063218878	-0.0887579128	-0.0062340132	-0.1553669608	0.1471395093	-0.0806668043	0.0529570537	0.0360024367	0.0655006304	0.0659246966	-0.0050745158	-0.0737759321	0.0040721944	0.0097354847	-0.0448151646	0.0280126002	-0.0467657099	0.0457806718	-0.0150218154	-0.071748961	0.0909390761	0.0542171973	0.0038355535	0.0111100016	-0.0360960173	-0.0640526956	-0.0156465347	-0.0039615381	-0.0261844474	0.085338841	0.0427751327	0.011730033	0.1038309535	0.0288588356	-0.0960151812	-0.0983897152	0.0094113214	-0.1268492823	0.0018718777	-0.1511867791	-0.1576422464	-0.0583666076	0.090082397	-0.1495452914	0.0492559507	0.0138746627	0.0188937456	0.152809885	-0.068435001	0.0405397841	0.0154689388	-0.0349208574	-0.0066764228	-0.034899763	-0.0311267651	-0.0450513016	-0.041861985	-0.0664497765	-0.0016334304	0.0382360215	0.0251581148	-0.1912911269	-0.0205410681	0.0551023543	0.0592406167	0.0071170587	0.0703168151	-0.0654313629	0.014615799	-0.0508925437	-0.0093919354	0.0397714339	0.0180137036	0.0547309313	-0.0905816661	0.0009839781	-0.0274860986	-0.0750128459	0.0081473414	-0.0886842601	-0.0981721803	-0.0040553934	-0.0830315204	-0.0150412792	0.1085173804	0.0235877674	-0.0253798671	0.0326511245	0.023209666	-0.0039583793	-0.0631744472	-0.007164018	0.0739550916	0.0268972827	-0.0064805619	-0.0489135068	-0.134481289	-0.0570838276	0.1225044481	0.0713687387	-0.1427513372	0.004183708	-0.0016359975	-0.0326571992	0.0748414443	0.0231808749	0.0224326079	-0.036384981	-0.0506799239	-0.0362266082	-0.0606565674	-0.0015274489	0.06279756	-0.0864945502	0.0584400044	0.0045804437	0.0	-0.00514017	0.00838643	2.6421347628900004e-05	7.03322081449e-05	0.0514629	0.0267380999999999	0.0007149259916099	0.00264843007641	0.102458	0.0516750999999999	0.0026703159600099	0.0104976417639999	0.00338723	-0.0008860299999999	7.850491608999999e-07	1.1473327072900002e-05	0.00191941	0.0005605	3.1416025e-07	3.6841347481e-06	-0.00113478	-1.8879999999999985e-05	1.2877256484e-06	3.564543999999993e-10	0.0	0.0	0.0	0.0	0.0	0.0	0.0	0.0	0.0	0.0	0.0	0.0	0.0	0.0	0.0	0.0	0.0
6255.611920514575	5.08231642591727	25.829940253148493	39132680.50008405	6336.329350050359	-22.719821679965207	40149069.6323096	516.190297169417	4261.2772007060685	5.926209689088864	35.119961279050735	18158483.381257348	4327.862272629229	7674.427339976141	0.950249	21.082958	0.1535694199999999	0.0877219	0.0317249702	0.0458370746	-0.0173885398	-0.0918518441	0.0201850852	0.0225485328	-0.0376839896	0.0161511138	-0.1086326339	-0.0313519675	0.0373075016	0.0007762566	-0.0831228333	0.0753204286	0.0051296941	0.0043063831	-0.034118023	-0.0528654396	0.0873464369	0.0585285658	0.0348032072	-0.0802456517	0.0112975695	0.0757638014	-0.0590336241	-0.0424628095	-0.0549192537	-0.002740314	-0.0453833179	-0.0563368217	-0.0134504602	0.0146878454	-0.0074488789	-0.133750518	0.0486112041	0.0750384118	-0.1863921813	0.0283981168	0.1004300677	0.0551120771	-0.0182760395	0.0092122335	0.0405571596	0.0272621075	0.0256040762	-0.0697265412	-0.0207940127	-0.112228324	-0.0045439514	-0.0074540778	-0.1344849264	-0.0320458044	-0.0700407749	-0.0955868127	-0.0683587715	0.0159392177	-0.0401976262	0.039820005	-0.0465622042	-0.0165252444	0.0381621266	-0.007518105	0.0692934973	0.0081173772	0.0800934679	0.1204691976	-0.0989031206	0.0251634422	-0.048234369	0.0518199531	0.0176038655	0.0510632751	0.0536270135	-0.0887390076	-0.0512829792	0.0566782566	0.0408593413	-0.0648509141	-0.0022830259	0.0393320627	0.0524573721	0.0070840378	-0.0268063181	0.0938639445	-0.0400346801	0.0284551955	0.0462627927	-0.1141005689	0.1231704662	0.1061472125	-0.087438844	0.1661654658	-0.0234271008	-0.0233275669	0.0087846089	-0.0099324984	-0.0896873417	-0.0153508079	0.0290076441	0.0184702421	-0.0580080413	-0.019677738	0.0320551234	-0.0035722999	-0.0441535095	-0.0971788916	-0.0056305574	-0.1019343114	-0.0350351417	-0.0514218039	-0.0894697623	-0.059318201	-0.0152865595	-0.0043502904	-0.0572301985	0.0705184549	-0.048153239	-0.0671834984	-0.055541094	0.0560425964	0.0508274023	0.1316844131	-0.0227698583	0.0317538622	0.0902516848	0.0743778835	-0.0073215738	-0.0705689293	0.0777492451	0.0449732	-0.0096414255	0.0324845306	-0.0520905161	0.0207024336	-0.023633829	0.0197070225	-0.0340005109	0.1432578262	0.0070810134	-0.0401624358	0.1497005523	0.0246073696	-0.0215630877	0.0473860229	0.0231779766	0.0573351707	0.1026517234	-0.0748796857	0.092533983	-0.084266332	-0.0065090683	0.0199361144	-0.0469027808	-0.076086847	-0.0306931154	0.0107115804	0.0467511756	-0.1245029834	0.0241951365	0.0194451468	0.0462034246	-0.0151028608	0.0883066612	0.0068175069	-0.0265780326	0.013345855	0.0620381663	0.0360270249	0.0144016147	0.0695603029	-0.0494843045	-0.0638095626	-0.0205760487	0.082850818	-0.1113854683	-0.0596150229	-0.0228163556	0.0109273673	0.0133915881	-0.1322849281	-0.0163166972	-0.0059914655	-0.0222810704	-0.071685991	-0.0057709493	-0.0617025782	0.0575748335	-0.0025384098	-0.0704924379	0.0002650016	0.0016419621	-0.0406804681	0.0509934637	0.077919471	0.0663226121	-0.1221251563	-0.0004506536	0.0289855975	0.0020833599	-0.1360251046	-0.0141191574	0.0723331095	-0.0442811489	-0.0018971573	-0.0269049887	-0.061378762	0.0005091731	0.0606565674	-0.0865424735	0.0620924591	-0.0015274489	0.0	-0.00202005	0.00312012	4.080602002499999e-06	9.735148814400004e-06	0.0204496	-0.0310133	0.00096182477689	0.0004181861401599	0.03824	-0.064218	0.0041239515239999	0.0014622976	0.00424243	0.0008552	7.3136704e-07	1.7998212304900002e-05	0.00175941	-0.0001599999999999	2.5599999999999998e-08	3.0955235481000004e-06	-0.00104562	8.916000000000002e-05	1.0933211843999998e-06	7.949505600000003e-09	0.0	0.0	0.0	0.0	0.0	0.0	0.0	0.0	0.0	0.0	0.0	0.0	0.0	0.0	0.0	0.0	0.0
6269.802380292896	14.190459778320474	201.36914872013116	39310421.88792646	6348.258561441362	11.929211391003264	40300386.76291355	142.30608441124204	4261.731870057153	0.4546693510847035	0.2067242188157854	18162358.53226084	4326.243582301464	7809.777423060434	0.974616	21.623581	0.15106281	0.086368	0.0020045723	0.0210224484	-0.0756757979	-0.0896528634	-0.0646176238	-0.0364896108	-0.0256655562	0.0388321024	-0.0151467461	0.0077104355	-0.0069632092	-0.0167067629	-0.0545412994	0.0335245482	-0.0785619173	0.0369822981	0.0120358241	0.0439638386	0.0206221987	0.0706588544	-0.0837449534	0.0094151742	-0.0092523018	0.052544319	-0.037610518	0.0392091213	-0.08085089	0.0365636989	0.0147609447	0.0817674769	-0.0440001612	-0.0313091759	0.0432725448	-0.0388426023	-0.0089299562	0.0167333087	-0.0211875709	-0.0719987343	-0.0051024257	0.1353337489	-0.0122513486	3.6151e-05	-0.0431177037	-0.0265688647	0.0058676954	0.0253490078	0.0182987305	0.0231196115	-0.1220583447	-0.0806839074	0.159745307	-0.0185348862	-0.0573426933	0.0801529918	0.0437333677	-0.1171777766	0.04935656	-0.0804628655	0.0672634085	0.0346623422	-0.0258206391	0.1127132071	0.1330701442	0.0845832732	0.0160974225	-0.074144637	-0.0263401251	-0.0020373367	0.0002505325	-0.0009729658	0.044150604	0.0601227769	-0.0717498533	0.0116822994	-0.0896543948	-0.0781408381	0.0024355241	0.0419304245	0.0305985088	0.0778584516	0.0857221482	-0.0208483312	-0.0474526733	0.024428802	0.0537242552	-0.0067051398	0.0587115529	0.0254812938	-0.0806523918	0.0913150847	-0.0870652261	-0.0682503095	0.0151081086	-0.0062923344	0.0541717981	-0.1032277316	0.192646577	-0.0769140571	-0.0732519722	-0.0169377741	-0.020716952	0.0359413631	0.0097982053	-0.0876993679	0.0270547391	0.0039015295	0.0495361669	-0.0285092381	0.0273171783	-0.052261918	-0.0040212451	-0.0756845811	0.0616557394	0.0557667697	-0.0673815759	-0.0311720737	0.0444427081	0.0460878282	-0.0530680448	0.0696543333	0.0496217809	0.0208942254	0.0719174567	0.005459192	0.0524396045	-0.0413110192	0.0394769853	-0.0161636865	0.0050947432	-0.0883954864	-0.0009823212	0.0575038704	-0.0121622159	0.0144570802	-0.0271805951	0.0364557114	0.0039266654	0.093831586	0.0579504232	0.0580778315	-0.0242240992	-0.1218131366	0.0591603672	-0.0719683257	-0.0783308856	-0.0377028421	-0.1547580927	0.0271872269	-0.1015302378	0.0819689149	0.0147085451	0.0280769417	-0.0691604727	0.0308002159	-0.0346666395	-0.0104078911	0.0621447199	0.0795897862	0.0108457628	0.0172137604	-0.1574545679	0.0472507552	-0.1262481827	0.0949240966	-0.0072299122	0.0556168684	0.1397198581	-0.0225717174	-0.059908104	0.0476991237	-0.052570861	0.0116696306	0.0377254307	-0.0061490861	-0.1298370306	-0.0406327236	-0.0003993152	0.1189072681	0.1283287177	0.0604958675	-0.0808160397	-0.000976885	0.0532261082	-0.0067589136	-0.044373283	-0.0098504101	-0.0278809892	-0.06052385	-0.0336915386	0.0267934377	0.006099633	-0.1476127771	-0.0191348508	0.1273983944	0.0463948886	-0.044015331	0.0450158273	0.0391845597	0.0160256646	0.0112198615	0.0582766241	-0.0321362146	-0.0243289613	-0.0055290437	-0.0110282335	-0.0620924591	0.0025455132	0.0584400044	-0.0863987302	0.0655300661	-0.0076277318	0.0	-0.00095964	0.00106041	9.209089296e-07	1.1244693681e-06	0.0595497	0.0391001	0.0015288178200099	0.0035461667700899	0.0820797999999999	0.0438397999999998	0.0019219280640399	0.0067370935680399	0.00314243	-0.0011	1.2100000000000007e-06	9.8748663049e-06	0.00199516	0.00023575	5.557806250000004e-08	3.9806634256000005e-06	-0.00104012	5.499999999999863e-06	1.0818496144000002e-06	3.0249999999998487e-11	0.0	0.0	0.0	0.0	0.0	0.0	0.0	0.0	0.0	0.0	0.0	0.0	0.0	0.0	0.0	0.0	0.0
6286.838740787779	17.03636049488341	290.2375789116241	39524341.35267007	6368.742453550681	20.48389210931873	40560880.439658746	419.5898359462101	4268.114774841078	6.38290478392446	40.74147348064575	18216803.731216703	4331.149301902993	7857.182955637465	1.11259	24.684782	0.14510656	0.0838852999999999	0.0108344145	-0.0469516285	0.0434615734	0.0017527354	-0.1222698077	0.0029656122	0.0078648498	-0.0449608163	-0.0533183603	-0.0166154672	0.087207021	-0.0739216762	-0.0107404148	-0.0055378593	-0.1283477902	-0.0037899062	0.083665622	-0.0654132811	-0.073482996	0.0533889986	1.75221e-05	-0.0825491215	-0.0481337426	-0.0282636151	-0.0171747458	0.0473937763	0.0467517599	0.0240007921	-0.0383414887	0.0135866314	-0.081383276	-0.005217623	-0.04323918	0.0281237893	0.0463276064	-0.0771129934	-0.0367512664	-0.0362103076	-0.0738921914	-0.0491465249	-0.0559935521	0.0058627455	-0.0028515767	0.0442106688	-0.1236622521	-0.1559029143	0.0109095102	0.0618441008	0.0034075711	0.01436125	0.0334819457	-0.0959728615	-0.0377350155	0.0084066565	-0.0439754197	-0.089925181	0.0401763827	0.0112339653	0.0926338151	-0.0616371746	-0.0135505961	-0.0055938088	0.0589952012	-0.0244216566	0.0408107317	0.0045634586	0.0280138886	-0.0867770964	-0.0200979034	-0.0316815742	0.1202370244	-0.0685529965	0.0881329969	0.0095350186	0.0079718027	-0.0434693446	-0.0342774245	-0.0175894962	0.0393230879	0.0198751838	0.0646594556	-0.0303415254	0.0975235094	0.0695359411	0.0356704831	0.0570702287	-0.0523787234	0.0404049287	-0.0457165627	-0.051367875	0.0471859578	-0.0990310779	-0.0562928152	0.0507723593	0.0643953296	0.0954817397	0.1444126248	-0.0375687402	-0.0106918792	0.0411549481	0.0092843086	0.0537871999	-0.0931305024	0.0230047552	0.030792841	-0.0013496994	0.0171941715	-0.0674593639	-0.0340041464	-0.006783933	-0.0625106219	-0.0779177457	0.0868375552	-0.0864128058	0.0025158663	0.0225384615	0.0093577675	0.0643380984	0.0159272666	0.0446370869	0.0489456463	-0.0084702736	0.0076724962	-0.1087690266	0.046473443	-0.0672073997	-0.0547104828	-2.04113e-05	0.0152939871	0.0088522967	0.0235001899	0.0915247304	0.0539095513	-0.0396512491	0.1774613087	-0.0040731388	0.0764056738	0.09201289	0.0374272431	0.0698439778	0.0128094102	-0.0580792467	0.0725725018	-0.1185851842	0.0204618695	-0.0309440981	-0.0094670418	-0.0508724318	0.006922586	-0.0630470773	0.027733159	-0.120583955	0.0047985916	-0.0742987922	0.0114361595	-0.0030606062	0.0570377269	0.0268042367	0.0407095396	-0.0281930615	-0.0355305901	-0.0181317799	-0.0751445233	0.0596563474	-0.0281065779	0.0964592187	0.0264675393	-0.0434230302	-0.1023334549	0.0806712051	-0.0300388086	0.0805087039	0.041554107	0.0006792939	0.091205379	0.0059825209	-0.0335813827	0.0719101922	0.0189077371	-0.0082154289	0.0439834434	-0.0198194666	-0.064937495	-0.0348799673	0.00749112	-0.0003285547	0.0153236901	0.0050558446	0.103442942	0.0453067042	-0.0453516433	-0.0915984774	0.0173109389	-0.0171389868	0.0786019408	-0.05994034	0.0593016047	0.0628023101	-0.0523420487	-0.0643344059	-0.0660331457	0.0319548735	-0.0293539485	0.0135947134	-0.0507796116	-0.06279756	0.0045804437	0.0561506324	-0.0860636387	0.0687409308	-0.0136900138	0.0	0.00100392	0.00196356	1.0078553664e-06	3.8555678736e-06	0.0315389	-0.0280107999999999	0.0007846049166399	0.00099470221321	0.0296269	-0.0524528999999999	0.0027513067184099	0.00087775320361	0.00417744	0.00103501	1.0712457001000005e-06	1.7451004953600003e-05	0.00191941	-7.575000000000008e-05	5.738062500000012e-09	3.6841347481e-06	-0.0008972939999999	0.0001428260000001	8.051365224358205e-07	2.039926627602858e-08	0.0	0.0	0.0	0.0	0.0	0.0	0.0	0.0	0.0	0.0	0.0	0.0	0.0	0.0	0.0	0.0	0.0
6284.370559666911	-2.468181120868394	6.091918045411162	39493313.3312082	6359.076637724526	-9.665815826154358	40437855.68445387	93.42799558513605	4269.823862544826	1.7090877037480825	2.920980779102893	18231395.817157216	4336.524071273063	8009.26275890471	1.248773	27.706226	0.11307262	0.0619694	-0.0477816512	-0.0384697544	-0.098515335	-0.0106679075	0.0086004392	0.0734896607	-0.0526367976	-0.0915700311	0.0549615172	0.0874072549	-0.0433493868	0.0031881131	-0.0929083619	-0.0361215098	-0.0658723862	-0.0583284693	0.0183620817	-0.0324902495	0.0476702855	-0.114161751	-0.0691953222	-0.0515381904	-0.0155498165	0.005134558	0.0268084744	0.1070108393	0.0094599041	0.0049935178	-0.0266492461	-0.0612584875	-0.0944673717	-0.0031010473	0.0053180275	0.0405637042	0.1064206939	-0.0696974679	-0.0031399776	0.1105961145	-0.0216182985	0.0350217262	-0.0488041954	0.0269141596	0.0067203422	0.0016306188	-0.0031013149	-0.0495200709	-0.0232822136	0.0061507827	0.0407920876	-0.0678460947	0.0475847545	-0.0035874004	-0.0650114696	-0.0465873727	-0.107235033	0.1701395826	-0.0789523369	-0.0377193942	-0.0627063614	-0.0095564738	0.0176325639	-0.0054157247	0.0659816708	0.0599934832	0.0650204256	0.0514937706	0.009718006	-0.0804013917	0.0836898042	0.1957461211	-0.0167159149	-0.0238800558	-0.0670802907	-0.0078764295	0.0933300387	0.0311603995	0.0413883834	-0.043929636	0.0345798089	0.016979896	0.029243908	-0.0747536327	-0.014450584	-0.0181718079	0.09571174	-0.0814989154	-0.1266143522	-0.039901675	-0.023884802	0.0495498934	0.0487011419	-0.0562941691	0.0270558907	-0.0569091433	-0.0128057265	-0.0388004329	-0.0353494004	-0.0723719318	-0.0967532419	0.014709831	-0.0837908023	-0.0402782603	-0.0017625109	-0.0030798571	-0.0882753881	0.1165268042	-0.047602371	-0.0644583815	0.0224159493	-0.0021030843	-0.0348969972	-0.0903759125	0.0775675399	-0.0097454751	0.0415497462	0.0024005306	0.0894430084	-0.0043233671	0.0568995307	-0.0286841884	0.0613283904	-0.047889472	0.0194478258	0.0326890829	0.0031681979	-0.0666722115	0.0082740319	-0.0338700501	-0.036017385	-0.019124124	0.0749739918	0.0436084936	0.0702160994	0.0493857287	0.032710415	0.0176210679	-0.0739283097	0.0120623655	-0.0325116015	0.12722579	0.0307972415	0.096495641	-0.0162287422	0.0244307125	-0.0272395191	0.0572113967	0.0341119922	-0.162333335	0.0531224724	-0.1097128351	-0.0135602564	0.0257590037	-0.0573115092	-0.0013788777	-0.0754897097	0.063890503	-0.0185329737	-0.0849679262	-0.026610681	0.1272388535	0.1137289713	-0.0102621288	0.0167039203	0.009293828	0.1455778887	0.0212309126	0.1033591901	0.1030484104	-0.0644607706	-0.0314897104	0.035993649	0.0125345216	-0.0949845365	-0.0166233589	-0.0606778712	-0.0486153313	0.1164490462	-0.092115727	0.0089213653	-0.0238621799	0.0460453103	0.0344598437	0.0790339785	-0.0452115453	-0.0226184553	0.0185570746	-0.0092957708	0.0965771309	-0.0260809292	0.0852904194	-0.0306643535	0.0064445831	-0.0248222184	0.0405534771	0.0558923974	-0.0138803341	0.0907094725	0.0425510492	0.0839213176	0.0169987188	-0.007526015	-0.0624722696	0.0072113867	0.0455032855	0.0018786862	-0.0634939669	0.0066128377	0.0537913037	-0.0855379411	0.0717139431	-0.0196840927	0.0	-0.0020807	-0.0030846199999999	4.32931249e-06	9.514880544399998e-06	0.0580553	0.0265163999999999	0.0007031194689599	0.0033704178580899	0.0768597	0.0472328	0.00223093739584	0.00590741348409	0.00373357	-0.00044387	1.9702057690000025e-07	1.39395449449e-05	0.001825	-9.441000000000008e-05	8.913248100000013e-09	3.330625e-06	-0.00108379	-0.0001864960000001	1.1746007641e-06	3.478075801603731e-08	0.0	0.0	0.0	0.0	0.0	0.0	0.0	0.0	0.0	0.0	0.0	0.0	0.0	0.0	0.0	0.0	0.0
6277.976255294399	-6.394304372511215	40.88712840831604	39412985.86204029	6362.802613174134	3.725975449608086	40485257.0942156	13.882893051082178	4267.1252681544565	-2.6985943903691805	7.282411683732008	18208358.054122243	4332.618569516672	7854.147100518219	1.276956	28.33152	0.046968864	0.0234789	0.0361793124	-0.07888391	0.000262361	-0.0105241237	-0.0700492581	-0.0388461885	-0.0460078423	-0.0073765772	0.0506855589	-0.0313578223	-0.153223332	-0.0315634518	-0.0853967645	-0.1126862664	0.0232424597	0.0007438522	0.0546380554	-0.0343507815	0.0614569246	0.094433858	-0.0408393637	0.0477321287	-0.0052269165	-0.0547398933	0.058773085	0.0748929302	0.0285276327	0.015051165	-0.0902740694	-0.0694667882	-0.0598483243	-0.1068238349	0.0682233397	0.063356115	-0.0008905181	0.094331041	-0.067810561	0.0387939219	-0.090114097	0.0212029829	-0.0460048069	-0.0137553173	-0.0586758387	0.0175931256	0.0675201628	-0.0119878988	-0.0248975501	0.1416394061	-0.0217727647	0.0945418641	0.1002536271	-0.0363377641	0.0597443884	-0.0076735464	-0.1117004217	-0.0330918138	0.0299665178	0.0644091221	0.0466175713	0.0005092783	-0.03371357	0.0506726211	0.1391305934	-0.0217005368	-0.0832674794	0.0759413756	-0.0636519585	0.0774327434	0.0443355495	0.0432579986	-0.0254360734	-0.076185907	-0.0064998483	-0.029477063	-0.0835181962	0.0309508668	0.0447063817	0.0607806177	-0.0422349866	-0.0006519294	0.1162926856	0.0525574594	0.0224949905	-0.0249033432	-0.0496830433	-0.0153019037	-0.0328261439	-0.009059183	-0.0634753402	0.0185124684	0.0543333859	0.0436740162	-0.0015929179	0.0547829654	-0.0483816702	0.0782216271	-0.0026105932	-0.0145094389	0.0395873183	0.0350770752	-0.0157372261	0.0350348962	-0.024807499	-0.0255784788	-0.0624228125	-0.042382651	0.1118438338	0.0058173599	0.0549258279	0.0066966331	-0.0109667467	-0.0446225716	0.0571853024	-0.0787497052	0.0746751162	-0.0472945088	0.0809308743	0.111605286	0.0629647349	-0.0453725041	0.028006315	-0.0214488891	-0.0069142573	0.0796104725	-0.0428872039	-0.0161104537	0.0522831535	-0.0855885588	-0.1506505193	0.0032021531	-0.0896038315	-0.020093102	0.027935001	-0.0680262171	0.0519624386	-0.0074711187	-0.0065460611	0.0690492483	0.0125131229	0.0318960311	-0.0143045587	-0.0637870873	-0.0437000357	0.0029454082	-0.0408619954	0.0201718966	-0.0529493837	0.0100528974	0.0253612786	0.0325021056	0.0019901506	0.0003567714	-0.136541007	-0.0860156783	0.1134761287	-0.0308972903	0.0080787489	-0.0364879782	-0.0859642588	-0.0941036493	0.0026282602	0.0565730106	0.0339319977	0.0967372448	-0.0031967678	0.1305115403	0.0625988142	-0.009685528	0.0353378641	0.0545219693	0.1130837856	-0.0367910639	0.0211644986	-0.0267265877	-0.0113977987	-0.0089617489	0.0161648284	-0.0212806154	-0.0567044593	-0.040501845	0.0066847006	-0.0491636121	-0.0409277088	0.0198660101	-0.0057579279	0.0146497217	-0.0361172431	-0.0974993444	-0.00596978	0.0937368763	-0.1594153017	0.0529972006	-0.0479579977	-0.0613082177	0.1300820943	-0.0539465858	0.055439953	0.0115593274	0.0021656372	0.0368140364	-0.0787757498	-0.090345673	-0.0416039354	-0.003052336	0.0233547861	-0.0641815835	0.0086415699	0.0513649577	-0.0848228017	0.0744388162	-0.0255801066	0.0	0.0007665639999999	0.0028472639999998	5.876203660958467e-07	8.106912285695429e-06	0.0778529	0.0197976	0.00039194496576	0.00606107403841	0.0726787	-0.004181	1.7480761000000034e-05	0.00528219343369	0.00387483	0.00014126	1.9954387600000072e-08	1.50143075289e-05	0.00200757	0.00018257	3.333180490000006e-08	4.0303373049e-06	-0.00116282	-7.90299999999999e-05	1.3521503524e-06	6.245740899999984e-09	0.0	0.0	0.0	0.0	0.0	0.0	0.0	0.0	0.0	0.0	0.0	0.0	0.0	0.0	0.0	0.0	0.0
6260.63729795126	-17.338957343139555	300.6394417472131	39195579.37649845	6368.989880510205	6.187267336070363	40564032.09804139	38.28227708800325	4257.50947053195	-9.61579762250676	92.46356391700668	18126386.891669244	4324.673426211459	7854.909581595094	1.19509	26.515188	0.047520656	0.0283894	-0.0004190373	-0.0045420688	-0.0896849916	0.0541848982	0.0121825501	-0.0168910647	0.006181978	-0.0786071675	0.0656939801	-0.0172392017	-0.0845659713	0.0783736953	-0.0126168917	-0.0659289963	-0.0736769	0.0188554419	-0.0475270829	-0.0794048259	-0.0422676208	-0.0081315008	-0.0652034863	-0.0920861609	-0.0099087504	0.0487556212	0.0679786923	0.0407489113	0.0974462727	0.080951421	-0.0111517581	0.0188494866	0.0694581737	-0.0267933669	-0.0083068658	0.1088822634	0.017155355	0.0469585094	0.0157733866	0.0428771237	0.0875176282	-0.044263775	0.0165928659	-0.0934593027	-0.0962049339	0.0130172991	0.0365456782	0.0359554739	0.0017212491	-0.0300414187	-0.0853950976	-0.0794062584	0.104384923	-0.0548349855	-0.0201253962	-0.0548005754	0.0139787857	0.0749844886	0.0412055973	-0.0048138984	0.0518306286	0.0184810789	0.1200020519	-0.0016761139	0.0190028406	-0.0674945908	-0.0477774778	0.019567234	0.0145847442	0.0588747405	0.0308614923	-0.1019347958	0.0314288845	0.1025530292	0.0681357832	-0.0183345594	0.064800891	0.1184203195	-0.0948541993	-0.0656029447	-0.045364243	-0.1557482386	0.0022780263	-0.0046734072	0.0339592801	0.0061929354	0.0565710167	-0.0838324918	0.0916296633	0.0294156465	0.0527190173	-0.0056478989	-0.0053515545	0.0384069097	-0.0345117869	0.0378558716	0.033815424	-0.0022400425	-0.0278501989	-0.0899467647	0.0153309308	-0.1371061455	0.0012360216	0.0081856366	0.0233569638	0.0691100214	0.0329306662	0.0650089685	0.0376292915	-0.1031894867	-0.0296922182	-0.0164387953	0.1238762276	0.0452480183	0.0464179978	-0.0582171268	0.038204082	-0.0658692733	0.0738351607	0.0455907006	-0.0775244293	-0.0090041815	-0.0381957414	0.0246870957	-0.004287688	0.0335768723	-0.0401498168	0.0525189311	0.0728032963	-0.0306797072	-0.0651726914	-0.0446393913	0.1234321332	0.0161576147	0.0559760875	0.0810264749	-0.0549660837	0.0608787267	0.1083701334	0.0247036779	0.0386803579	0.0496230409	-0.0444640796	-0.0427149766	-0.1078773209	0.0534307758	-0.0352197174	0.0275349202	-0.0450512772	-0.0339550342	0.1183761776	0.0304824461	-0.0942824518	-0.002951446	0.0522298566	0.0569223334	-0.0535570984	0.0059569713	-0.0722938395	-0.0086391166	0.0573682538	0.0173912418	-0.0338870067	0.0072848804	-0.0526011583	-0.0934491297	-0.0727117937	0.1613808357	-0.1021297393	-0.0223750652	-0.0105397853	0.0473980572	-0.0009436085	0.0256206704	-0.0296610202	-0.0505906666	0.0367580068	0.1207126485	-0.1277458844	-0.0790428462	-0.0114405101	-0.0310401164	0.0617299327	0.0104768746	0.0421684045	-0.0485195691	-0.0185209789	-0.0278895204	-0.0082484697	0.0648176617	0.1004048852	0.0359077656	-0.0856194663	0.0351109678	-0.0536594945	0.0680046207	0.0365316817	-0.0914029702	-0.036530802	0.0264917582	-0.0837640645	-0.0073274552	-0.0463539987	-0.0802721457	0.0858108619	0.0825670712	0.0469230114	-0.0648603145	0.0106655167	0.0488746174	-0.0839198044	0.0769061215	-0.0313486816	0.0	0.00328152	0.0025149560000001	1.07683735104e-05	6.325003681936504e-06	0.0528378	-0.0250151	0.00062575522801	0.0027918331088399	0.0748252999999999	0.0021465999999999	4.607891559999577e-06	0.0055988255200899	0.00407337	0.0001985399999999	3.9418131599999866e-08	1.6592343156899997e-05	0.00191941	-8.81600000000001e-05	7.772185600000018e-09	3.6841347481e-06	-0.00109264	7.017999999999998e-05	1.1938621696e-06	4.925232399999997e-09	0.0	0.0	0.0	0.0	0.0	0.0	0.0	0.0	0.0	0.0	0.0	0.0	0.0	0.0	0.0	0.0	0.0
6263.402890620737	2.765592669476973	7.648502813464771	39230215.7702362	6357.807648226746	-11.182232283458688	40421718.09185051	125.04231884122572	4256.481247775642	-1.028222756307514	1.0572420365886213	18117632.612665687	4324.672803652865	7724.032045443273	1.077075	23.896822	0.15934577	0.0887887	0.0393414393	-0.0004232941	-0.0366768819	-0.0006913607	0.0373322192	0.0016939249	-0.0452157455	0.0050486076	0.0270019196	0.0154906736	-0.0751231385	-0.0316350169	-0.0271187088	-0.0639124314	-0.0201057754	0.0534146034	-0.0464448964	0.0045913091	0.0787291801	-0.0225597053	0.0220485359	0.0704395122	-0.0892449529	0.0005031177	0.0370186595	0.0375942771	-0.0555547988	0.042432018	-0.0391189359	0.0574081849	0.1138703395	0.0635748556	0.0709264202	0.0253068127	0.0254965405	0.0791801732	0.0374290529	-0.0477425493	0.0650732045	-0.0450881665	0.0118571286	0.0438960431	-0.0189232855	0.0048190968	0.1810215498	0.0785280398	-0.0304106037	0.0447470261	0.054689022	-0.0086728144	-0.0245044585	-0.0664938071	0.0394129033	0.0088224452	0.0059506972	-0.0453089519	-0.0533718004	-0.0406161232	-0.0637243562	-0.0584441061	0.0907102393	0.0263717524	-0.011588605	-0.0039649685	0.1075515954	-0.0704409765	0.1295388165	-0.011795341	-0.0368930401	0.0878871882	-0.0507304611	0.0713805268	0.0080779204	-0.0678345816	-0.0421407451	-0.0233748171	0.0294168547	0.0231611494	-0.0668057698	-0.0651758873	0.0428472146	0.0618977918	0.0466690629	-0.0634431166	-0.0058353355	-0.0226006713	0.0721612649	-0.0574639247	-0.0262840516	-0.0772111705	-0.1293376353	-0.0502721377	0.0463093842	0.0463695999	0.0064531875	-0.0381204096	-0.0232403302	0.0997373375	0.0903669409	0.0588672712	-0.1299768126	0.011175789	0.0771971331	0.0021214795	-0.0406606263	-0.0263885043	0.0044032137	0.0057766964	0.1040727613	0.0128828679	0.0523439232	0.0439973933	-0.0692062135	0.0132218548	-0.0258612656	-0.1357690965	0.0422423966	-0.0584582914	-0.0952794831	-0.0764615858	-0.0297643086	0.0729180952	0.0359827638	0.0097158452	-0.0333392085	-0.028556443	0.0668186598	-0.0299201892	-0.0317658771	0.0128477874	-0.1185498976	-0.1336316875	0.0499763446	-0.0115657042	-0.0786847119	-0.0107310877	0.0011797391	-0.0095283895	0.0814795872	-0.0629640308	-0.0698126061	-0.0567328762	-0.0593692537	0.0441434583	0.0653338982	0.021353989	0.0014382422	-0.0487985097	-0.0126823676	-0.0478241408	-0.0757795534	-0.049487772	-0.0211847894	0.0606798315	-0.025117026	0.172666556	-0.0472087429	-0.1065119896	0.0949125982	0.0231239012	-0.0394586331	0.0121838086	0.0155334753	-0.0581878005	0.0192603599	-0.0398236634	0.0131561136	-0.0572733832	-0.0146476591	-0.0383300412	-0.0589623835	-0.0680418957	0.0358295719	-0.0404666704	-0.0091536202	-0.0191512114	0.0635875185	0.041321633	-0.037520879	-0.0161489249	-0.0224457192	-0.0343118331	0.0126343096	0.063157072	-0.0298923238	-0.0003322784	-0.00550786	0.010320447	-0.1245519009	-0.0226583832	-0.0818571258	-0.007488546	-0.0468331175	0.0433373986	-0.0033906897	-0.0625390851	0.0245764949	-0.0786720561	-0.089562304	-0.1387269093	-0.0489062844	-0.034471748	-0.0161288663	0.0713938844	0.0505929841	-0.0655300661	0.0126835575	0.0463233854	-0.0828309489	0.079107322	-0.036961079	0.0	0.00535019	0.00206867	2.8624533036100003e-05	4.279395568900001e-06	0.109771	0.0569331999999999	0.0032413892622399	0.0120496724409999	0.0996822	0.0248569000000001	0.00061786547761	0.00993654099684	0.0030158	-0.0010575699999999	1.1184543048999996e-06	9.09504964e-06	0.00231963	0.0004002199999999	1.6017604839999996e-07	5.3806833369e-06	-0.00114459	-5.195000000000004e-05	1.3100862681e-06	2.6988025000000043e-09	0.0	0.0	0.0	0.0	0.0	0.0	0.0	0.0	0.0	0.0	0.0	0.0	0.0	0.0	0.0	0.0	0.0
6272.150577263416	8.747686642679582	76.52202159851478	39339872.86386581	6359.867583446014	2.0599352192675724	40447915.67896744	4.243333107578941	4257.970222578975	1.4889748033328942	2.217045964960231	18130310.41636925	4323.00311507438	7781.398584221982	1.027133	22.788755	0.19600785	0.104123	0.0171491317	-0.0081913484	0.0252501182	-0.0382141069	-0.0701832722	-0.0280070082	0.0196049909	0.0351672478	-0.0371724035	-0.0763703838	0.0350838659	-0.0279255703	-0.007765317	0.0054533672	-0.0148543984	0.0445216051	-0.0031728607	0.071536738	-0.0282021114	0.1420031655	0.0111835456	-0.0221551386	0.0280747625	-0.0997612535	0.0073235884	0.0052554473	0.0435038816	-0.0483345623	0.0335066598	0.0893655136	-0.0098519555	0.0728663097	0.0005344342	0.1326196698	-0.0007036155	0.0264925135	-0.028125311	0.0145213238	0.0213184117	-0.0846025529	-0.0112937564	-0.1046560349	0.0890966754	0.0466312784	0.0753772942	0.0476281214	0.0285005438	-0.0206699607	-0.0173637303	0.093673173	-0.0002308619	-0.016198336	-0.140541183	0.0093981505	0.1247198225	-0.0513828848	0.1416520193	-0.0021354778	-0.1022332793	0.0379438875	-0.0733060619	-0.0391904434	0.0613263676	0.037138802	0.0640390249	-0.007680543	-0.0349577963	-0.1275488131	0.0340438036	0.0756180431	0.0913902009	0.0212098834	-0.0190815809	-0.080033743	0.012252972	0.0089869808	-0.0159493966	0.1135587767	-0.0165169374	0.0822327995	0.0769676824	0.0160051226	-0.0711540975	-0.0258897368	0.0267429016	-0.0156773975	0.0472003156	0.0544076987	0.1593403911	0.0108348832	0.0217900167	-0.0105506189	0.1130362886	0.0646009846	-0.0351991826	0.0296203904	-0.0506851854	0.0198183134	0.0389435678	-0.0159266733	-0.0878111334	0.0365100384	-0.0130623366	-0.0686462377	0.0699983989	-0.1016939336	0.0627338863	0.0049176117	-0.0506157125	0.0594982706	-0.014326032	0.0466577671	0.0666862285	0.0301268371	-0.0015082388	-0.0157847725	0.010316095	0.048075174	-0.0419021384	0.0066183638	0.0184191579	-0.0738291357	0.0686890725	-0.1052087575	-0.1377371106	-0.0183564102	0.0504175186	-0.0922558388	-0.0400158674	0.0457582051	0.1226425184	-0.1243560391	-0.1207361981	-0.0859152451	0.0111353412	-0.0100918123	-0.0314402775	0.0655462292	-0.0484421546	0.0490315625	0.0739116785	-0.0560370298	0.1134145095	0.0751447991	-0.0646659974	-0.0133384356	0.0624156072	-0.0143326141	-0.0703516385	-0.0351329879	-0.048574127	-0.0342403077	0.0167225582	-0.0214477443	0.0725913102	0.1006343182	-0.0277558053	0.0244165752	0.0804615689	0.1090932194	-0.0679138722	-0.0832122146	-0.059748621	0.1031125641	0.0974628256	-0.0412088925	-0.0186066966	-0.0064881249	-0.0110784646	-0.0032956737	0.0174191612	-0.0559005948	0.0269262656	0.0401499099	-0.0306392898	-0.0319214725	-0.0950612833	-0.0128814797	-0.0783854933	-0.072155626	-0.144931062	-0.0155100779	-0.0572926938	-0.0217917083	0.0092878188	-0.0240403329	0.0565257034	-0.1135447605	0.0391550687	0.0642867648	0.0014674116	-0.0468373417	-0.0256378045	0.0553857736	0.0161353293	0.0347282239	-0.0083143706	0.0336865074	-0.0625629943	-0.0611327182	0.0357211073	-0.0107200319	-0.023060825	0.0340210842	-0.0012564924	-0.0661907455	0.0146945747	0.0437144402	-0.0815586469	0.0810348011	-0.0423893383	0.0	0.00576444	0.0004142499999999	3.32287685136e-05	1.7160306249999973e-07	0.0565327	-0.0532382999999999	0.0028343165868899	0.00319594616929	0.0343284	-0.0653537999999999	0.0042711191744399	0.00117843904656	0.0039741	0.0009583	9.18338890000001e-07	1.5793470810000005e-05	0.00187975	-0.00043988	1.934944144000001e-07	3.5334600625e-06	-0.00100274	0.00014185	1.0054875076e-06	2.0121422500000006e-08	0.0	0.0	0.0	0.0	0.0	0.0	0.0	0.0	0.0	0.0	0.0	0.0	0.0	0.0	0.0	0.0	0.0
6281.133110871784	8.982533608367703	80.6859100254553	39452633.15648986	6377.415287898137	17.54770445212307	40671425.75431688	307.92193153905987	4259.384963970016	1.4147413910404794	2.0014932035231507	18142360.27129385	4326.105515207828	7943.155991638374	1.091595	24.218977	0.13196723	0.0717669	-0.0293464212	-0.0276429977	-0.0591565668	0.0398666095	-0.0198392492	0.0024298376	0.0163609723	-0.0261720567	0.0089855251	0.0964352735	0.0907286473	-0.0094829804	0.0068070805	-0.0234162174	-0.0073236475	0.038085483	0.0081930937	0.08486043	-0.1022760102	-0.0970370342	0.0047324622	-0.0051497349	-0.0543732797	0.0260930695	0.0432722884	0.0592996405	-0.0554274142	0.0541810381	-0.0523329994	-0.0980136004	-0.0259933552	0.0197816204	-0.0088590597	0.0665182956	-0.0743552852	0.086395314	0.0352814629	0.0515264602	0.0341062359	-0.0201014484	-0.0240646432	0.0239675363	-0.0450467481	-0.0710439242	0.033457498	0.0027943899	0.1506655863	-0.0534047282	-0.041215657	0.0417713573	-0.0565798575	0.0095829954	0.0029186601	0.0113456368	-0.0669200168	-0.0253623845	-0.065462315	-0.1315747255	-0.0231860061	0.0323356295	0.0590419538	-0.0919323516	-0.0125013634	-0.1671839675	0.0004056317	-0.0730779113	-0.0623836368	-0.0639156734	-0.0823454341	-0.0543631342	-0.0192796709	-0.0412944734	-0.0657342676	-0.0846897896	0.0084842605	-0.1477680054	-0.0605569576	-0.0735852984	-0.0183906865	-0.0339394465	0.0228166202	0.0985885947	-0.105511567	-0.0598479044	-0.0484719483	-0.0556904078	0.0136517827	0.0868311636	0.0538536477	-0.1005334401	-0.0260149209	0.1042941503	-0.0283270069	-0.0313288275	-0.0356286979	-0.041961547	-0.0056202404	-0.0296958861	-0.0432701499	-0.0959373987	-0.0338112108	0.035094043	-0.0068237315	-0.0220521147	0.0856604414	0.090639926	-0.0986323991	0.02663727	0.0256093324	0.050533516	0.0117713405	-0.0661376043	-0.0015383399	-0.0885551914	0.0056502262	-0.0396109812	0.0211519648	0.0500186529	-0.0080786513	-0.0776235558	-0.0937644529	-0.0684652146	0.0234945318	0.0365834897	-0.0428134161	0.0470336509	-0.0189771852	-0.0408204946	0.0415733615	0.0030397988	0.0167048529	-0.0376820653	0.0349137734	-0.001702432	-0.1012986724	0.0509055061	-0.0132511696	0.0901507153	0.0256009361	0.0040162057	-0.0286755832	-0.0141174694	-0.0918557647	-0.0622111924	0.0861349526	-0.1108433554	0.0578978982	0.1233231898	0.0319666412	0.0328700715	-0.0342141127	-0.0668236776	0.0703593173	-0.0136199848	-0.1714675261	-0.0022707322	-0.0575685466	0.0871253778	0.0047208309	0.0175391281	0.0732500688	0.0611359447	0.0480462029	0.0042296403	-0.0836184948	0.013583191	-0.0070780318	-0.0540137365	0.019042424	-0.057998274	-0.0269786398	0.0685277221	0.0679462051	0.0231697221	-0.102675345	0.0230181491	0.0026350236	0.0312265773	-0.0903635836	-0.0449573804	-0.0644555168	0.0101696613	0.0605319059	0.0130149939	-0.038285435	0.0408793252	-0.0114774244	0.0588005257	0.0485981101	0.021951329	-0.001391631	-0.0648973514	0.0029640374	-0.005847481	0.0154602256	0.0157247874	0.0754673372	-0.0666083795	-0.0493276698	0.0512717924	-0.0101823836	0.0715555755	0.0390178531	0.083803684	-0.0074706684	-0.0668422612	0.0166974547	0.0410510323	-0.080105716	0.0826818895	-0.0476064159	0.0	0.00480041	-0.00096403	2.30439361681e-05	9.293538409000006e-07	0.0872229999999999	0.0306902999999999	0.0009418945140899	0.0076078517289999	0.0855642999999999	0.0512358999999999	0.0026251174488099	0.0073212494344899	0.00335173	-0.00062237	3.873444169000007e-07	1.12340939929e-05	0.00216527	0.00028552	8.152167040000002e-08	4.6883941729e-06	-0.00107639	-7.364999999999997e-05	1.1586154321e-06	5.424322499999996e-09	0.0	0.0	0.0	0.0	0.0	0.0	0.0	0.0	0.0	0.0	0.0	0.0	0.0	0.0	0.0	0.0	0.0
6277.203120235951	-3.929990635832837	15.444826397733788	39403279.01269996	6379.740652752737	2.3253648546005934	40701090.79638592	5.407321707011639	4267.940399593243	8.555435623226913	73.19547870318007	18215315.254480127	4333.921234678991	7826.628145129721	1.17239	26.011541	0.13554658	0.0717196	0.0331535457	-0.0669780445	0.0399417124	0.0581334963	0.0276369263	0.0533387834	-0.0356670405	0.0194398008	-0.0528863209	-0.0134997841	0.0196140814	-0.0545376331	-0.0648887535	-0.076963542	0.0590765458	-0.0302296057	0.0517494351	-0.001600521	0.041603766	-0.0269292981	0.123226589	-0.023756789	0.0018366292	-0.0961183126	-0.0117625357	0.02564723	-0.0573862501	-0.0152979856	0.0880022171	-0.0175672918	-0.0391155949	-0.0926103911	0.0529490282	0.0131543737	-0.0149996946	0.0318501477	0.0442993746	-0.0308552175	-0.0145967562	-0.1635134208	0.0084250891	0.0598278995	0.0616837268	-0.080609966	-0.1359727897	-0.0241744788	0.0523493047	0.0127299017	-0.0181213274	-0.0042323746	0.0342909322	0.0225034897	0.0161263377	0.0103363203	0.015753554	-0.0217828887	-0.0725264935	-0.0086545299	-0.0361907362	-0.0329620754	-0.016991645	0.0199534047	0.0763049444	-0.0484377829	0.0084791221	-0.0180814922	-0.0337152523	-0.0474627388	0.0761591999	-0.0869412779	0.0757094836	0.0590521989	-0.074835711	-0.0290865106	0.056684859	0.0659411805	0.0023232466	0.134237416	0.0410809655	-0.0054747535	0.0471345157	0.0476733936	0.0432818736	-0.0567677451	-0.0449797937	-0.0481579939	0.0631162665	-0.1475482294	-0.116677908	-0.0772099179	0.1005608096	-0.062566844	-0.0294439224	0.0857755025	0.0016129513	0.1345211095	0.0737181025	-0.0099321677	-0.043131336	-0.0673843811	-0.0105690671	-0.0070874869	-0.0384375629	0.0253297002	-0.0710961076	-0.0631853698	-0.0692483867	0.0232840941	-0.0161924885	0.0965227056	-0.0568107269	-0.0073544779	0.0324024633	0.0655880524	0.0163693869	0.0055481172	0.0288597945	0.0197813879	0.1068947537	-0.037985072	-0.0603756162	-0.0309624316	-0.0853862339	-0.0250284529	-0.0303090688	-0.0002463928	0.0433224136	0.0153506815	0.1170584692	0.0712910222	-0.0358582902	0.0307834792	0.112873453	-0.0630224024	0.0306474061	0.0334672815	-0.0064996039	0.0007377626	0.0955802736	0.1141667524	0.0013312119	-0.0205647605	0.0589041043	-0.0166169761	0.0494259633	-0.0737789607	0.0221225103	0.0390483707	-0.0199142274	-0.0474010599	-0.0041919129	-0.0307760841	-0.0403105286	-0.0837286938	-0.0329251874	-0.0652121928	-0.0252770335	0.1072786415	0.0752025422	0.0196924932	-0.0813998765	0.0357344432	0.0191873418	-0.0270504908	0.066782608	-0.0178130585	0.0399984692	0.0366074125	0.010097905	-0.0519788209	0.0322310145	0.0417532948	0.170852701	-0.0706967357	0.021654568	-0.014432024	-0.1645575583	-0.0548564564	0.0715513256	-0.0072726356	0.0266098924	-0.0402685617	-0.0831221301	-0.0234507657	0.0061649142	0.0226432931	0.0402385065	0.0477373901	-0.0612482529	0.0805609199	-0.0674749596	0.0120180888	-0.0446811422	-0.0620229411	0.0484856277	0.1123635021	-0.0168704584	-0.1161794042	0.0726030228	0.0573011089	-0.0004344685	0.0567916822	-0.0672944559	0.0624937687	-0.0157152701	-0.0674845231	0.0186910884	0.0383364799	-0.0784753741	0.0840428882	-0.0525863208	0.0	-0.00185827	-0.00665868	3.4531673929e-06	4.43380193424e-05	0.0653289	-0.0218940999999999	0.0004793516148099	0.0042678651752099	0.0384065	-0.0471577999999998	0.0022238581008399	0.00147505924225	0.00414549	0.00079376	6.300549376000002e-07	1.71850873401e-05	0.00179735	-0.0003679199999999	1.353651263999999e-07	3.2304670225000004e-06	-0.00111143	-3.504000000000007e-05	1.2352766449e-06	1.2278016000000047e-09	0.0	0.0	0.0	0.0	0.0	0.0	0.0	0.0	0.0	0.0	0.0	0.0	0.0	0.0	0.0	0.0	0.0
6270.237635580871	-6.965484655080218	48.51797648015798	39315880.00665479	6354.268374712039	-25.472278040698257	40376726.57786558	648.8369485826386	4266.680279571802	-1.2601200214403434	1.5879024684348115	18204560.608086918	4335.690671665228	7952.424730918123	1.363927	30.261139	0.05699818	0.0293162	-0.0492197674	0.0102354116	-0.1002652375	-0.0484893663	-0.0097116251	0.0077477922	0.0237824879	0.0333365355	0.1128295699	-0.0509059119	0.0054770063	0.0056871697	-0.0911809087	-0.0958215162	-0.0299118484	-0.0485106491	-0.0058760511	0.0166199035	0.0263528805	0.0234959048	-0.0778194153	-0.0091684734	0.0727891994	0.0082082572	-0.0300250112	-0.0450648771	0.0730743969	-0.1172592099	0.0936040461	-0.0214419833	0.0341126736	-0.0673004934	-0.0482972595	-0.1126146688	0.0472914082	-0.0435198913	0.0191347199	0.0092174899	-0.0453103557	-0.0949974768	0.0445446432	0.0987437446	-0.0039539897	-0.0228640419	0.0305039021	0.0577985223	0.083673139	0.0222596805	-0.0410156057	-0.0318688918	0.0390309709	0.0109245957	-0.1232086639	-0.0038982541	0.0107175207	0.0320740203	0.0035215847	-0.0047351386	0.0264121947	0.0653007995	0.0174565154	-0.0030585472	0.0444974272	-0.0611377964	0.0504725632	0.0932898466	-0.0410829131	0.0285642218	-0.0030894133	-0.0048158094	0.0748446886	0.0010843227	-0.0466330029	0.1278716114	-0.0055855357	-0.0961657083	-0.0033568236	0.0466254845	-0.0051673676	-0.0231331236	-0.0983309473	0.019808472	-0.0658844706	-0.0984294702	-0.1184625084	-0.0270394575	-0.0615917617	-0.0195496718	-0.0997193839	-0.0915851752	0.110608761	0.1561746076	-0.0365191583	-0.0598796844	0.0587076283	-0.07234258	-0.0201470064	-0.0725742268	-0.1658876405	0.1155828812	0.0313547461	-0.0577540092	0.0142157567	-0.0521955635	-0.0178803452	0.0457541732	0.0753477483	0.033987132	-0.0706028704	-0.0134377213	0.0102100337	0.0216047544	0.057170149	0.0272092821	0.0425441435	0.1305901167	-0.1016404462	0.0212987217	0.0892796467	-0.0593651525	0.0170357013	0.0079106204	-0.0512468668	-0.0347308563	0.131246234	-0.0032277259	0.0825458471	-0.0175776549	0.0317069402	-0.0424730735	-0.0171191489	0.0327152141	0.0749297356	0.0372796143	-0.0457293137	0.1058904732	-0.0609657749	-0.0044660079	0.0254264332	0.0380079606	0.0099131843	-0.0338982377	0.0088908614	-0.0085482106	-0.0658461943	-0.0630477985	0.064976896	0.0401920615	0.058642431	0.0140857186	-0.0198909184	-0.0025472684	0.1113852477	-0.0335042639	0.0574942696	0.0106134972	-0.0544024036	0.0326647081	-0.0859250069	-0.0863812953	-0.0908592242	-0.0423120388	0.0003245403	-0.0864401469	-0.0441289995	-0.0480107347	0.0055253642	0.0917444081	0.0245108596	-0.0358117478	0.0677605825	-0.0213510846	0.0970037301	-0.0595307235	0.0514137897	0.0041446969	0.0505611146	-0.0525447053	0.0916654438	0.0917249697	-0.1350145881	0.0497750062	0.0698643628	-0.0539102262	0.0361125673	-0.0130776622	-0.0563398937	-0.0664222635	0.0395666092	0.1251866266	-0.052681801	0.1097371239	0.0753717971	-0.0032571977	0.0009976447	0.0128598432	-0.0377193088	0.0315010388	0.0556188717	0.1219453713	0.0225149063	0.022672762	0.0970136001	-0.0489681702	0.0517757205	-0.0681174421	0.0206743719	0.035574165	-0.076671232	0.0851130878	-0.0573042433	0.0	-0.0135927	-0.0117344299999999	0.0001847614932899	0.0001376968474248	0.0640571	-0.0012717999999999	1.6174752399999737e-06	0.00410331206041	0.0594838	0.0210773	0.00044425257529	0.00353832246244	0.00406594	-7.955000000000028e-05	6.328202500000044e-09	1.6531868083599996e-05	0.00153471	-0.00026264	6.89797696000001e-08	2.3553347840999995e-06	-0.000995327	0.000116103	9.90675836929e-07	1.3479906609e-08	0.0	0.0	0.0	0.0	0.0	0.0	0.0	0.0	0.0	0.0	0.0	0.0	0.0	0.0	0.0	0.0	0.0
6264.747243394177	-5.490392186694407	30.144406363715	39247058.023614936	6397.323684996689	43.05531028464975	40925750.33061961	1853.7597437074664	4263.786012050634	-2.894267521168331	8.376784484089875	18179871.156558648	4330.706256059073	7733.149316745953	1.238476	27.477776	0.1371540499999999	0.0686209	0.0486582819	-0.0189291312	-0.0177125296	0.1132256849	-0.032590091	-0.0631728536	0.0077552275	-0.0700660958	0.0374685455	0.0384498611	-0.0657310078	-0.0096431927	0.0139554863	-0.040556922	0.0096646539	0.0288510096	0.0346984752	-0.1228174079	-0.0489657807	-0.0393319224	0.0043684225	0.0745189951	-0.0287048832	0.0112209257	-0.0004856626	0.082052553	0.0361197963	0.1655026003	-0.0428852287	-0.0832922908	-0.0255998466	-0.0698734199	-0.0264091912	-0.0484507263	0.0175239705	0.0376891699	0.0248129997	-0.123533737	0.0133127396	0.0513757855	0.1376099807	-0.0363784611	0.0173936132	-0.0807216792	0.0360075517	-0.0376314039	-0.012548068	0.0410734418	0.0188010016	-0.045997218	-0.0187474808	0.0292204615	0.0765283268	0.0747226526	0.0603727533	-0.0273927969	-0.1730690473	-0.0588720007	0.0361985092	0.0839663454	-0.1417871482	-0.080037442	-0.0345331238	-0.0672758724	0.0738783453	0.0231684808	0.0178324191	-0.0678344746	-0.0739662644	0.0100306467	0.1057328811	0.0122174807	-0.0275122048	0.0529746725	-0.0673871614	-0.0227743366	-0.0296328088	0.0576956994	-0.0408631824	0.043351013	0.0003257616	0.0178956554	0.0104509974	0.0370131345	-0.0768280651	0.0519404174	-0.0838704918	0.0294704763	0.0319733798	0.0827158303	-0.0972532635	0.0553003952	-0.0239699477	0.0134625746	0.0030811302	0.1310746121	-0.0373880624	0.0615692234	0.0884945111	-0.0658768515	0.0499839045	0.0570097352	-0.0107586581	0.1250838363	-0.0003346606	0.0377497772	0.0195108661	0.0138246003	0.0555697758	-0.0416234165	0.004484825	-0.0276009661	0.0128676728	-0.149024674	-0.0076543	-0.0093080472	0.1167228365	0.0352795864	0.0164494346	0.0275369469	-0.080376932	0.1066180788	-0.0883899314	-0.0325951321	-0.054166877	0.0058803379	0.0807309902	-0.0428662633	0.1284826152	-0.0905284097	-0.1128935897	-0.0445829834	0.0190077388	0.0291465254	-0.0320281213	-0.0078440105	-0.0735689271	-0.0988824318	0.1732059138	-0.047395697	-0.0302999247	0.0807616386	0.1764516022	-0.065788373	0.0242467024	-0.0633459817	0.0139974243	0.0058303591	-0.0369893262	0.0229390404	0.0458294827	0.0648773308	0.0826657128	-0.0178781246	-0.0764719487	-0.0569768217	0.0495309658	0.0248542416	0.0206630333	-0.0456324668	-0.105250917	-0.0526819056	0.035440102	-0.0109737183	-0.0492826222	0.000441753	0.0552762425	0.0100040984	0.0466954694	-0.0878526965	-0.0356177733	-0.0919199233	0.0284853063	-0.03044974	0.0059289318	-0.1088784388	0.0964216477	0.1097711652	-0.0191665557	0.0204351846	0.0410045204	-0.0458272713	-0.0053356141	0.062184007	0.0099350652	-0.0173624156	-0.0642004908	0.0570757541	0.0547170094	-0.0036600197	-0.1698535253	-0.0164513003	-0.0769798289	0.0038060891	0.049284662	-0.0145220884	-0.0642115009	-0.0198018109	0.0003351982	0.0306852017	-0.0718432083	-0.0516560706	0.0515266722	-0.019711862	-0.0119610612	-0.0687409308	0.0226462068	0.0327675292	-0.0746972852	0.0858887854	-0.061736679	0.0	-0.0136554	-6.27000000000006e-05	0.00018646994916	3.931290000000076e-09	0.0983096	0.0342524999999999	0.0011732337562499	0.00966477745216	0.101686	0.0422021999999999	0.0017810256848399	0.010340042596	0.00347673	-0.0005892099999999	3.471684240999997e-07	1.20876514929e-05	0.00196503	0.00043032	1.8517530240000009e-07	3.8613429009e-06	-0.00118853	-0.0001932029999999	1.4126035609e-06	3.7327399208999946e-08	0.0	0.0	0.0	0.0	0.0	0.0	0.0	0.0	0.0	0.0	0.0	0.0	0.0	0.0	0.0	0.0	0.0
6257.239833095173	-7.507410299003823	56.36120939758867	39153050.3288729	6358.258550747168	-39.06513424952118	40427451.798149474	1526.0847139331129	4261.179206761556	-2.6068052890777835	6.795433815163906	18157648.232137043	4328.823028060765	7691.848857294904	0.995879	22.095333	0.1866822	0.0984496	0.0251168849	0.0321716725	-0.0103105317	0.0016907067	0.0428787145	0.0400732948	-0.0405971145	0.0308829989	0.008735386	-0.0735796109	-0.0530295684	-0.0144105414	0.0040588035	-0.0105493879	-0.0135743751	0.0017886282	-0.0468780547	-0.0408131342	0.0768828861	0.020004039	0.0411709266	-0.0299420045	0.0151503279	0.0734883558	-0.0798083496	-0.0253318682	-0.0755112262	0.0400734949	0.0603625334	0.0368895686	-0.0209499054	-0.0829615296	0.0344967382	-0.02236727	0.1117844043	-0.0006581759	0.0126409359	-0.001564648	-0.014367887	0.0061233803	-0.0362766536	-0.107530073	-0.0336065527	-0.0421892554	0.0610206241	-0.0404328306	-0.0515635664	0.0318584758	0.0176379898	-0.0660913047	0.0055800735	-0.0521089332	-0.0087670249	0.0419768051	0.0392319653	-0.0235537955	-0.0087302993	0.0033219491	-0.0104470868	0.07777464	-0.1107479248	-0.0760722504	-0.0455735498	0.0688096522	-0.0539118738	0.0233602725	0.0360615886	0.0280100749	0.0365514781	-0.0021937453	0.0432277951	-0.0814294546	-0.1154136405	0.0566377439	0.037107331	-0.0213560962	0.0797542701	-0.1468011525	-0.0003570971	0.0280657845	-0.0504972262	-0.0576798924	-0.0364736201	0.0585416351	-0.0396128933	-0.0266522589	0.1032632762	-0.0184358886	-0.0487239647	-0.1012738299	0.0640140112	-0.032868282	-0.0371465388	-0.028575951	0.080190124	-0.0902586665	0.0258373377	0.0245250472	0.0389874892	0.0691177602	0.0337923497	-0.0317470591	0.0504726284	0.0167508112	-0.0512013812	-0.0610708659	0.0009490482	-0.0539011917	-0.0197152632	-0.0330266332	-0.0396401039	-0.0164814062	-0.0739254667	0.0666390916	-0.0400430679	-0.0263749399	0.013985479	-0.0016151962	0.0376970525	0.0078362408	-0.0122810168	0.1141195573	-0.0210315105	-0.0138685325	0.0403991388	-0.0221977008	0.137871601	-0.0375241192	-0.0474459049	0.0261229821	0.0345213596	-0.0363485383	0.0054991932	0.0172341313	-0.0230028545	0.0858956338	0.0877441441	-0.0688192626	0.0124493818	-0.0360043719	0.0612483393	0.1074167054	0.0886380782	-0.0377081133	-0.0046307088	-0.106183902	-0.0893887994	0.0539975501	-0.0058281662	0.0553561404	0.0445273996	0.0461940887	-0.0122483299	0.0510900925	0.0711626218	0.0365996642	-0.0262084164	0.0047500399	-0.0051950118	-0.0301868275	0.0714726756	0.025374253	0.02376818	-0.0483418317	-0.0052314462	0.0183427893	0.0654621883	0.071235438	-0.1418241261	-0.013532994	0.0215183152	-0.0680148439	0.0164493259	0.0596210908	0.075616858	0.0964597946	0.0665981086	-0.0304372989	-0.0052026166	0.0406209262	-0.0481091889	0.0019182065	-0.0209704142	-0.0629657905	0.0565387281	-0.0799246797	-0.0266467504	0.0440087474	-0.0538821901	0.1073619576	-0.0715019835	0.0125136761	-0.0548680748	0.020978072	0.0378457982	-0.0008274794	-0.0161085333	0.0323185342	0.0747901625	-0.0328952561	-0.0912467439	-0.0261566893	0.0646936989	-0.0912117195	-0.0311363835	-0.0693549027	0.0246055013	0.0299200691	-0.0725579056	0.0863672969	-0.0658615456	0.0	-0.0135881	6.72999999999993e-05	0.00018463646161	4.529289999999907e-09	0.0419739	-0.0563356999999999	0.0031737110944899	0.00176180828121	0.0459083	-0.0557777	0.00311115181729	0.00210757200889	0.00429341	0.00081668	6.669662224000003e-07	1.84333694281e-05	0.00132866	-0.00063637	4.049667769000001e-07	1.7653373956e-06	-0.00115155	3.697999999999983e-05	1.3260674025000002e-06	1.3675203999999871e-09	0.0	0.0	0.0	0.0	0.0	0.0	0.0	0.0	0.0	0.0	0.0	0.0	0.0	0.0	0.0	0.0	0.0
6265.466244845935	8.226411750762054	67.673850293076	39256067.26530382	6354.615643188824	-3.6429075583437225	40381139.97266011	13.27077547863782	4256.246173488237	-4.93303327331887	24.33481727567108	18115631.48933326	4322.882188297012	7812.694810333623	1.015371	22.527796	0.0784453	0.042033	-0.0080520295	0.0244081166	-0.0842769178	-0.0534039051	-0.0570691515	-0.0224814296	0.0309111216	0.0316280616	0.0199674679	0.0194981796	0.0246696954	0.0553721389	-0.0354475653	0.0393893112	-0.0808028102	0.025377615	-0.0552560379	0.0679947748	-0.0220345	0.0583009494	-0.063108471	-0.0395411447	0.0238327318	0.0408063761	-0.0257615125	0.0048306676	-0.021944874	-0.0196855227	-0.0602993131	0.008933878	-0.1021760335	-0.0338098458	0.0481284762	0.052744041	0.0890178518	0.0638900699	0.0898216455	-0.0052494866	-0.0811059199	0.0318220713	0.0282980466	-0.068278198	0.0384029618	0.0712014427	0.0657196871	-0.0632757383	-0.0979490303	0.0256276406	0.058167422	-0.0236965549	0.0170012463	-0.0058058983	0.0231814754	0.0223550964	0.1715419934	-0.0385133818	0.0334532054	-0.0186597543	0.0662023986	0.0438763744	0.0858217733	0.0088091295	-0.0291585115	-0.0357935286	0.1117806093	-0.0229962839	-0.0519154666	0.0268444429	0.0800176727	-0.0506575273	-0.0307828835	-0.0737823536	-0.0246448512	0.0713273264	0.0243923117	-0.0017757256	0.0696279563	0.0164332383	0.0844881551	-0.0082683007	-0.1681651728	0.0705966806	0.0445013251	0.0178131328	-0.011276379	-0.0580029713	0.0114641258	0.0903598759	-0.0181790341	0.0349865288	-0.0244630903	-0.033888846	-0.0752281755	0.1107842067	-0.0233781862	-0.088092563	-0.1168082274	0.0518080943	-0.0670102598	0.0226718057	0.0561575459	0.0026877614	0.0305639662	-0.0817615725	0.0778524271	0.0117310984	0.0274828718	-0.0259132512	-0.0295290967	-0.0342188176	-0.0065454056	-0.0491016646	0.0096540538	0.0612585383	0.1085530279	-0.0071615129	0.0578667102	0.0622008231	-0.0558011299	0.0616609364	0.0927590302	0.0256908928	-0.0097990932	0.0261438908	0.0231828949	-0.0774274571	0.102963016	-0.1049486801	0.0160702684	-0.0427391464	0.0261646464	-0.0315434194	0.0322670826	0.0074729106	0.0807206801	-0.0960737021	0.0041368128	-0.0121030612	0.021002562	-0.1119422592	-0.0818341684	0.0101558726	0.0686383175	0.0271424019	-0.0049397174	-0.0361027968	0.0022591451	-0.0230410781	-0.0588002865	-0.0616484319	-0.0366253239	0.0778920266	0.041029568	0.1072157884	0.0541498987	-0.1098975008	0.0119414587	0.0418604302	-0.067502345	-0.0822736122	0.0919250096	0.0062841976	-0.0265301998	0.0494628976	0.0407440937	-0.0802573056	-0.0905346211	-0.0629509071	0.0284302145	-0.0136086174	-0.0674846297	-0.0032059923	-0.0419286919	-0.0306333765	0.0860474894	-0.0489802926	-0.0131117617	-0.0213348884	-0.1045997081	0.02416882	-0.0318951063	0.0202405714	0.0485477658	-0.0564699966	0.0014591639	-0.0226827825	-0.1221680739	-0.0616281238	0.0278350684	0.0486861916	-0.0404168502	-0.0313694467	0.0794091666	-0.0049825972	0.0305746905	-0.0378769707	-0.009157735	-0.0059802243	-0.0032946898	-0.1239686275	0.0111857967	-0.0683932443	0.0058841549	-0.091724397	0.0806736817	-0.0699592729	0.0265511704	0.0270353323	-0.0702578312	0.0865469667	-0.0696582933	0.0	-0.0136348	-4.670000000000021e-05	0.00018590777104	2.1808900000000198e-09	0.053748	0.0117740999999999	0.0001386294308099	0.0028888475039999	0.0590778	0.0131695	0.00017343573025	0.00349018645284	0.00392675	-0.00036666	1.3443955560000032e-07	1.54193655625e-05	0.00196503	0.00063637	4.049667769000001e-07	3.8613429009e-06	-0.00108548	6.60700000000001e-05	1.1782668304e-06	4.365244900000014e-09	0.0	0.0	0.0	0.0	0.0	0.0	0.0	0.0	0.0	0.0	0.0	0.0	0.0	0.0	0.0	0.0	0.0
6273.376577236971	7.910332391035808	62.57335853667029	39355253.67982545	6371.825560653991	17.209917465166654	40600160.97540354	296.1812591578482	4256.036652111617	-0.2095213766206143	0.0438992072609973	18113847.98411746	4320.446609882244	7802.541437747705	1.022216	22.679665	0.1034528839999999	0.0603011	0.0188379192	-0.0223946615	-0.0014209008	0.030305298	-0.0219289834	-0.0021726936	0.0080476587	-0.0256586499	-0.1064309535	0.0989347915	-0.0328348664	0.0263660782	-0.050711989	-0.034497096	-0.1209756574	0.0565738922	-0.0180381426	0.0090024257	-0.080960965	-0.0281398608	0.0634297974	0.0852512563	-0.068337452	0.098991005	0.0005582723	0.071129854	0.0421629438	0.1105620929	-0.0791152939	0.1156612809	0.04221216	-0.0421755826	0.0053881498	0.0899150616	-0.0467995013	-0.0560971674	0.0259550678	0.0031039764	0.0687680338	0.0443790064	-0.0575708706	0.0012066209	-0.0492183249	-0.0345502758	0.1044198032	0.0455037895	-0.0466479586	0.026291147	0.0600337775	0.0705991004	-0.0893671452	0.0650451666	-0.0497236193	-0.0384236129	-0.0110030904	0.0418381546	0.0405622244	-0.0996887364	0.0415213079	0.0773477319	-0.082597213	-0.035196092	0.0436617045	-0.0679594016	-0.0077973031	0.0525677992	-0.1128256921	0.0063106946	-0.0456874577	-0.0140231189	-0.0327412114	-0.1727464587	-0.0393374112	-0.0328631545	-0.0156116835	0.085515702	0.0807508658	0.0438071679	-0.0405209926	0.0046097095	-0.0572713689	-0.0414270492	0.0933270402	-0.0082911156	0.0354117772	0.0198000384	0.0822962556	0.098923298	-0.0652903818	-0.0925365617	0.0252193449	0.0490106191	-0.098197892	-0.0096483498	0.0918728931	0.0056959521	0.0714657168	0.0627397165	0.0223014341	0.1276925818	0.1087647897	0.0542301992	-0.0013216619	0.032460471	0.0821977241	-0.0152686818	-0.0916576181	-0.0008928136	0.0857324657	-0.071919844	0.0962688844	0.026908331	0.0267474562	-0.0758208031	-0.0031253372	-0.1247429409	0.0844578299	0.0500840283	-0.0019607349	0.0123927151	-0.0589836347	0.0276669508	0.1364290488	-0.0380539021	0.0152995571	-0.0232852684	0.03264501	0.0073667353	-0.1057567475	0.0056438612	0.0210505452	0.0034866461	-0.033271479	-0.0404089625	-0.0608567918	0.0007262636	-0.0722518922	0.0090312597	0.0443887878	-0.1115147843	0.0571752817	0.0729627317	-0.0617000776	0.0096534859	-0.0634241366	-0.0603785567	-0.0136292437	-0.0809100881	-0.0419770816	-0.0644756168	0.064136833	-0.0532936412	0.0910530228	-0.0739795519	0.0399322131	-0.126653296	-0.0791609037	-0.0303116085	0.0082319979	-0.0540796076	-0.0261300644	0.0562695369	0.0980943688	0.0775693382	0.0550372391	-0.0194178983	0.0825364086	0.0457071182	0.0356022865	0.0249874903	-0.0512255647	-0.0432645326	0.1434140834	7.77261e-05	0.0751752242	0.0750870755	0.0230451043	0.0438528085	-0.0453050378	0.060115483	0.033329557	-0.0190199413	-0.0106878312	0.0445231731	-0.0157096118	0.0232215937	-0.0614412644	0.0920643037	0.0109939788	-0.0453473855	-0.1119761382	-0.0818124809	0.0030241856	0.0248735966	-0.0133024788	0.0045162228	-0.0721283673	-0.0356322891	-0.1268614536	-0.0742523037	0.0127595419	-0.0468054211	0.0205396733	-0.0399548445	0.0296713788	-0.0705539577	0.0284821367	0.0241169128	-0.067802156	0.086427173	-0.0731080069	0.0	0.000595584	0.014230384	3.54720301056e-07	0.0002025038287874	0.0844629999999999	0.0307149999999999	0.0009434112249999	0.0071339983689999	0.0741773	0.0150995	0.00022799490025	0.00550227183529	0.00306504	-0.0008617099999999	7.425441240999991e-07	9.394470201600002e-06	0.00196503	0.0	0.0	3.8613429009e-06	-0.00109193	-6.450000000000076e-06	1.1923111249000002e-06	4.1602500000000975e-11	0.0	0.0	0.0	0.0	0.0	0.0	0.0	0.0	0.0	0.0	0.0	0.0	0.0	0.0	0.0	0.0	0.0
6286.780840243605	13.40426300663421	179.6742667510224	39523613.33325408	6357.500102855541	-14.32545779844986	40417807.55780821	205.21874113516796	4261.482405634876	5.445753523259555	29.65623143609385	18160232.293535613	4324.462256466763	7827.3131697903	1.019865	22.627501	0.208533966	0.120761	0.0111638324	-0.0348004573	0.0183106807	-0.060010693	-0.0272046061	0.0961154864	-0.0707322399	0.0088094173	-0.0861987344	0.0148098509	0.0221707549	-0.0529748746	0.0032810193	0.0585965543	0.0376951037	0.0010268838	0.0058839186	0.0567106374	0.059846886	-0.0024007874	0.1318028848	-0.0726578814	-0.0586493076	0.0047315147	-0.0518156237	0.0495945567	-0.0231737048	0.0007828532	-0.0126885665	0.0544770214	-0.0124390868	-0.1036532491	0.0227243872	0.1084408788	-0.0009825175	0.0849038209	0.0127015875	0.0091238214	-0.0616151584	0.121994516	0.094614624	-0.02349658	0.0646185849	-0.0158645854	0.1568865878	0.0445886695	0.010893754	-0.0743953151	0.0220807551	-0.0227791621	0.043389289	0.0451019533	0.0235346754	-0.096283977	-0.0611749271	-0.0888612941	-0.0358147728	0.0467274959	-0.0368367223	-0.0630901868	-0.040433846	-0.0246119463	0.0053099793	-0.0158215585	-0.0198450186	0.0233270971	0.0958046424	-0.0602194438	-0.1366255511	-0.0288854707	-0.0380224907	-0.0433274426	0.0543001235	-0.0407783653	-0.0813500333	0.098430053	-0.1134443267	0.065695867	-0.1027032027	0.0415446702	-0.0922993319	-0.1699594622	-0.0447246722	-0.0115035635	-0.0061938271	0.0509379486	0.0058107668	0.1242754597	-0.0209712554	-0.0221373793	0.0666914079	-0.0036086668	0.0724745199	-0.0596077757	-0.0557951347	-0.007100964	0.0544091133	0.0757650679	-0.0844101979	-0.0206553293	0.0534986573	0.0063176221	-0.0216574257	-0.0677062381	-0.0281777944	-0.097856875	-0.1073040602	-0.0695213395	0.0083289565	0.0061597504	-0.0626494967	-0.0190596619	-0.0037230529	0.0374977498	-0.0731455865	-0.0896040532	0.0722211195	0.1229122597	-0.0239917557	0.0186874295	0.0064489008	0.0168856952	0.0807983934	0.0675261845	-0.0171373931	-0.0579916304	-0.0215329401	-0.09541997	-0.00725669	-0.084928843	0.0057314539	-0.1522416309	-0.0094149244	0.0094553006	-0.1031202469	-0.0508336776	0.003542672	-0.1206205612	-0.0058664159	-0.0222531374	0.0535761709	-0.0495011211	-0.0761526244	0.0725242301	0.0958504272	0.0500098431	0.0061586042	-0.0250446729	-0.0087660948	0.0053439551	0.0239581175	0.0601509771	-0.0527774243	-0.0903820863	0.0106047478	0.0359261994	-0.06327127	0.0454687163	-0.0056862226	0.0083999114	-0.124640705	-0.1657587064	0.1158260262	0.0373332298	0.0043831071	-0.0211758408	-0.0188231332	0.0004383983	0.0879980665	-0.0532994958	-0.1112541122	0.0539808352	-7.84688e-05	-0.0091749925	0.0759259518	0.0685831155	0.0592174859	0.0460324332	-0.0279043547	0.1381266267	0.0397473364	-0.0090597583	-0.070535912	-0.0826658432	-0.0016539903	0.0077650598	0.0440513093	0.041551247	-0.0707190184	0.0880411053	0.0221729152	-0.0760191164	-0.0474428296	0.0219169734	0.0120747735	0.0185958433	-0.024024209	-0.0252631585	-0.0493845062	-0.1029679102	-0.0172148472	-0.0513899466	-0.0253008616	0.0272575779	0.0202028873	-0.0711388748	0.0303973308	0.0211684467	-0.0651963186	0.0860083304	-0.0761935001	0.0	0.00930965	0.008714066	8.666958312249999e-05	7.5934946252356e-05	0.0354214	-0.0490415999999999	0.0024050785305599	0.00125467557796	0.0123243	-0.061853	0.003825793609	0.00015188837049	0.00467818	0.0016131399999999	2.6022206595999982e-06	2.18853681124e-05	0.00196503	0.0	0.0	3.8613429009e-06	-0.000926564	0.000165366	8.585208460959999e-07	2.734591395600004e-08	0.0	0.0	0.0	0.0	0.0	0.0	0.0	0.0	0.0	0.0	0.0	0.0	0.0	0.0	0.0	0.0	0.0
6291.718122463927	4.937282220322231	24.376755723110023	39585716.932541005	6351.49926097033	-6.0008418852103205	40341542.86210665	36.01010333129455	4265.71026049466	4.227854859784202	17.874756715400892	18196284.02648942	4329.325654261321	8145.9285584981135	1.382061	30.663481	0.14221799	0.0782992	-0.0816247997	-0.049320827	-0.1329572165	-0.067120535	-0.0735754511	0.0257915942	0.0101156306	0.0295378204	0.0895155707	0.0661704544	0.0601159795	-0.0281965194	-0.0313740503	0.0307462029	-0.0556305967	-0.024075049	0.018867185	0.1018160218	-0.0266145984	-0.0034086545	-0.1034799113	-0.0466479475	-0.0589243639	0.0288421431	0.0166994409	0.0180656192	-0.0258428115	-0.097367652	0.0064537633	-0.1080686852	-0.0938816711	-0.0548889587	-0.0153358669	0.1660113733	-0.0001355652	0.0071638427	-0.070781874	0.0208954339	0.0470030964	-0.0945080437	0.0366555604	-0.0405043068	-0.153942716	0.0263844797	0.073663716	-0.0149575516	0.0780670082	0.0577427408	-0.0174313606	0.1351830093	0.0394334107	0.0369767464	0.0135706937	-0.0385283871	0.0645447029	0.0289015142	-0.0610904234	-0.0320314573	0.0049175997	-0.0473381577	0.0076107854	0.0507331155	-0.0447661657	0.0784023591	0.0072258904	-0.0973611727	0.0181883127	0.0730890676	0.0169987926	0.1011787501	-0.059237576	0.0249669954	0.0287997607	-0.0301021873	-0.0796545527	0.0584018654	-0.0234677246	-0.0139605496	0.0056447046	0.0810651554	-0.0362441185	0.0005855286	0.0034383138	0.0348515375	0.1152679152	0.0362262597	-0.0525650174	-0.037355548	0.0123926977	-0.079558139	0.0252233629	0.0222136711	0.0474718985	0.0018349375	0.0643688058	0.0665962661	0.001566448	0.0595437852	-0.0515201979	-0.0800534199	0.0422421246	-0.0139973748	-0.0263015316	-0.1222040889	0.0495242858	0.100063846	0.0021316731	-0.0300454827	0.0289560752	0.0360909474	-0.0039632401	-0.0596109658	0.0524740161	0.0457625992	0.0014346639	0.1210024053	0.0608016099	0.130551596	0.0216429849	-0.0692364971	-0.0564277436	-0.0220698608	0.0426314142	0.0038398602	-0.0614899267	-0.0024502879	0.0404331313	-0.0534873561	-0.0366880684	-0.0328311926	0.1012896432	0.024739682	0.0019203302	-0.065342284	0.05872282	0.0097255514	0.0082473391	0.0602865022	0.0200465062	-0.0896232228	-0.1252684874	0.0590968491	-0.1079060821	0.0635413972	0.0643950675	0.1348844272	0.0255813037	0.0283065662	-0.0799225425	0.0504462547	-0.0255931592	-0.0194256197	-0.0277040365	0.0840590203	0.0657559641	0.0214430783	0.0834775167	-0.0862431446	-0.0166924099	0.0172790589	0.0027853441	-0.0187631866	-5.77593e-05	0.0251942606	0.0820806918	-0.0895893441	-0.0212854975	0.0610859324	-0.033785426	0.1257297109	-0.0784980327	0.025215976	0.0324641891	-0.0351403344	-0.0431568296	0.0196410281	0.0290355541	-0.0360848988	0.0308993099	0.0182776769	0.0557283735	0.0560108358	0.0943219466	-0.0515215968	-0.0552451695	0.0676308102	-0.0523748834	-0.0596622569	0.0345577793	0.0555868826	0.0069796674	0.0252984161	0.0551512647	0.0226075028	-0.0680296997	0.0081575716	0.0771345809	-0.0353204745	0.0230096333	-0.0240671278	0.0828626783	-0.0991813076	-0.0016618195	0.0886159349	0.0849089495	-0.0717139431	0.0322956923	0.0181936073	-0.0624460902	0.0852918881	-0.0788994011	0.0	0.00463626	-0.0046733899999999	2.14949067876e-05	2.1840574092099998e-05	0.0848961	0.0494747	0.00244774594009	0.00720734779521	0.0498814	0.0375570999999999	0.0014105357604099	0.00248815406596	0.00389372	-0.0007844599999999	6.153774915999998e-07	1.51610554384e-05	0.001826	-0.00013903	1.932934090000001e-08	3.334276e-06	-0.00101333	-8.676600000000006e-05	1.0268376889e-06	7.52833875600001e-09	0.0	0.0	0.0	0.0	0.0	0.0	0.0	0.0	0.0	0.0	0.0	0.0	0.0	0.0	0.0	0.0	0.0
6276.237140348581	-15.480982115345796	239.6608072556564	39391152.641890936	6391.5091363195	40.009875349169306	40851389.03965564	1600.7901254560657	4267.340539496904	1.6302790022436966	2.6578096251567027	18210195.28003373	4327.993757584952	7854.345067537034	1.499342	33.26556	0.06435446	0.0376895	0.0280111616	-0.0832575516	0.076843491	0.1059630971	-0.0557097063	-0.0012427619	0.0057489905	-0.0705656158	-0.0583799892	0.0332945408	0.0053165843	-0.1475045201	-0.0190564925	-0.0153340431	0.0250384757	-0.0164510496	0.0822571358	-0.0733632474	-0.0481130372	-0.0165603652	0.0431748891	0.0248885147	-0.0681959519	-0.028655236	0.0229827112	-0.0215371174	0.0708563693	0.0141519602	-0.0369683747	-0.0804513503	-0.0610516002	-0.1480814349	-0.0322003912	0.0534732251	0.0527598956	0.0288331147	0.0204414987	0.0388004581	0.0224317668	-0.0305316371	-0.0557282466	0.1040928277	0.0807163394	0.0436632069	-0.0734327911	0.0036786485	-0.0094062609	-0.0891286923	0.0853287426	0.0129834823	0.0315271722	-0.0170847036	-0.1114852652	-0.0802507312	-0.0783176993	0.0155142491	0.1832478414	0.0973798594	-0.0374698713	0.0720217422	-0.0538695068	0.0094696632	-0.0519025673	0.029918732	-0.0460325385	-0.0360179578	0.1345245008	0.0665855405	-0.0337673659	-0.0123235994	0.0624267639	0.1072873987	0.1536382782	0.0117547055	0.0769858741	0.0335095668	0.0411266948	-0.0247955852	0.0177540817	-0.0830945528	-0.0387855022	0.0362608242	0.0319395882	0.0400494753	-0.0594906328	-0.106117259	-0.0119703388	0.034631573	0.0208704441	0.0740819795	0.009356899	-0.0061867533	-0.0332268567	0.0298551659	-0.0265373246	0.0375361389	-0.0252816317	0.0726411365	0.0572103584	0.0025122144	-0.0081994251	0.0581704551	-0.1061731236	0.0818058926	0.0090529416	-0.0028846942	-0.0260799726	-0.0175334261	0.0782638272	0.029449679	-0.0205411931	-0.026897801	-0.00184928	-0.0902289782	0.0934607016	0.0856331687	0.0916897958	0.0782049753	0.0645053036	-0.0563543193	0.0685526107	-0.0653960225	-0.0440307038	0.0001323231	0.0413338146	-0.0119586014	-0.0058630104	0.0354497021	0.0519423897	0.0728301552	0.0284622039	-0.057462322	-0.04932862	0.03444257	0.0152213322	0.0158442372	-0.0159654148	-0.0609519199	-0.154246323	0.0553422419	0.1721486097	-0.0259445407	0.0100453225	0.1396933552	-0.0432113949	0.0689696713	-0.0188454984	0.0170047045	0.0618241093	-0.0301839037	-0.0557148901	-0.0297672744	0.0285481016	-0.0226698433	0.0099027316	-0.0114317159	0.0467752661	-0.0681566686	0.0991589647	-0.1005333013	-0.0350469902	0.0098164143	-0.0522522342	-0.118438418	0.0208503222	0.0185572086	-0.0313687583	-0.1056547325	-0.0305849486	-0.0332836078	-0.0238134115	0.0587673653	-0.1089837859	0.1059769969	0.1135517966	-0.0793445455	-0.068671984	-0.0027859859	-0.0489183782	-0.0093722043	0.0693621039	-0.0384505311	-0.1023299247	0.0281503591	-0.0222175732	0.044966374	-0.0286314234	0.061555948	0.0611091881	-0.0155928833	-0.0830196768	0.0418295854	-0.0398716271	-0.0823924294	0.0674618149	0.0466199418	-0.0358940811	-0.0958256309	-0.0344064992	0.037855105	-0.0058862619	-0.0536511568	0.0540004097	0.0491992898	-0.0501566758	-0.0722790832	0.0341761699	0.015196101	-0.0595575618	0.0842803251	-0.0812122292	0.0	-0.0048316	-0.00946786	2.334435856e-05	8.96403729796e-05	0.103882	0.0189859	0.00036046439881	0.010791469924	0.0190577	-0.0308237	0.0009501004816899	0.00036319592929	0.0038899	-3.819999999999865e-06	1.459239999999897e-11	1.513132201e-05	0.00173249	-9.351e-05	8.744120099999999e-09	3.0015216001e-06	-0.00100912	4.209999999999934e-06	1.0183231744e-06	1.7724099999999447e-11	0.0	0.0	0.0	0.0	0.0	0.0	0.0	0.0	0.0	0.0	0.0	0.0	0.0	0.0	0.0	0.0	0.0
6280.254254056651	4.017113708069701	16.1372025435615	39441593.49559666	6357.916373837028	-33.5927624824717	40423100.616704985	1128.473691203758	4275.4104167462	8.069877249296042	65.12291881870584	18279134.23162192	4343.873081244311	7994.161433579567	1.550297	34.39608	0.15531885	0.0791056	-0.0866435372	0.0212305771	-0.0380664896	-0.0033195342	0.0554269403	0.1522545154	-0.0058109259	-0.003069133	0.0698952263	-0.0465467041	-0.0303458002	0.1209114856	0.0121817517	0.005011954	-0.0769071006	-0.148082038	0.0198199339	-0.0367314705	0.0485361964	-0.069545715	-0.0360545345	-0.0450334645	0.1344617096	0.0484948208	0.1126617745	0.0762448751	0.0868127929	0.0325073512	-0.0211397414	0.0477856732	0.0305255727	0.0245586507	0.0349901898	-0.0468708736	-0.0868389557	-0.0095581512	-0.1224642773	0.0305427195	-0.1231546025	-0.0478051005	0.1210748465	-0.0704823914	0.0721990549	0.0110151601	-0.0449856825	0.0095916889	0.0485672332	-0.0295523455	0.0588224266	-0.0340804735	0.0887112795	0.0629451477	0.0555304614	0.013463093	0.0852563234	-0.0725692395	-0.018952178	0.0521146321	0.044815482	0.0412436539	0.0106053952	0.143083835	0.0328990223	-0.0070007369	-0.0288641739	0.0938418002	0.0406150891	0.004785681	0.030841019	0.0694152032	-0.0710344884	-0.0381329446	0.026715016	0.0320779242	-0.069864731	-0.043944008	-0.0070463585	-0.0170821219	0.0857937828	0.0393298962	0.0277161627	-0.0627126548	-0.0164331259	0.0177406137	0.1091410758	1.45367e-05	0.0498444539	0.0522722269	0.1216537	0.1303582559	-0.1096397978	-0.0029475588	-0.0721902713	0.1114974648	0.0512902987	-0.0230513916	0.0031367757	0.0628608215	-0.018534613	-0.0212052061	-0.0086828953	-0.1229789828	-0.0456940729	0.0111639881	-0.1292713493	0.0504530587	-0.0013776282	-0.0105615583	-0.1003246599	-0.0584634422	0.1135266184	0.0043147107	0.0636827419	-0.0094292303	0.0251895771	-0.0771071301	-0.0435369402	-0.0273767653	0.0647974412	0.0297828704	-0.0455673772	0.0680176824	-0.0613300616	-0.0011738247	-0.0318926843	-0.0281892343	-0.1344659814	-0.0922432764	0.069373702	0.0032364368	0.0109245478	0.0479251709	-0.0001231592	-0.0338474887	0.0420388178	0.0134319303	-0.0745721723	-0.1008383628	-0.0623386967	-0.0194830777	-0.1125857445	-0.069161637	0.0822512124	0.0703525254	-0.0981945816	0.1009803139	-0.0109144572	0.045148701	-0.0664089782	0.0752315425	0.1105376	0.0489315216	-0.0219533991	-0.0229446499	0.0388492816	0.1056093069	0.0400530727	-0.0514458875	-0.0506031978	0.0177334104	0.0601158836	-0.0209838617	-0.0878687523	0.1247097182	-0.057013827	0.0548427446	0.0459171798	-0.0044248149	0.034457018	0.0626182766	0.0177865866	0.0131611838	-0.0131976734	0.0637368601	-0.0599158919	-0.0893809084	-0.0562424949	0.0824130105	-0.0151679015	0.0506061216	0.0737604944	0.1033063433	0.0129637567	-0.0868088143	0.0844555676	-0.0092386351	-0.0860777269	0.0384484401	-0.0296085613	0.0622152113	-0.0339111988	0.1682724108	0.0509107635	0.0816372297	-0.1828149485	0.0623199332	0.0330810769	0.0301109007	0.2103709003	0.0585450668	-0.1026271509	0.0066183948	0.1096014629	-0.003123338	-0.0057412609	-0.0728342167	0.0360377223	0.0121796622	-0.0565371306	0.0829771415	-0.0831204621	0.0	-0.0137094	-0.0088778	0.00018794764836	7.881533284e-05	0.0811936999999999	-0.0226883000000001	0.00051475895689	0.0065924169196899	-0.0358744	-0.0549321	0.00301753561041	0.00128697257536	0.00402692	0.0001370199999999	1.877448039999996e-08	1.6216084686399998e-05	0.000748366	-0.0009841239999999	9.685000473759996e-07	5.60051669956e-07	-0.000753851	0.000255269	5.682913302010001e-07	6.516226236100001e-08	0.0	0.0	0.0	0.0	0.0	0.0	0.0	0.0	0.0	0.0	0.0	0.0	0.0	0.0	1.0	0.0	0.0
6278.206729347253	-2.0475247093982034	4.192357435596198	39415879.73642113	6378.952263813073	21.035889976044928	40691031.98400593	442.5086670842675	4271.276215176865	-4.134201569335346	17.09162261589484	18243800.5063356	4338.828526513554	7942.185771385249	1.276131	28.313217	0.262778623	0.128093	-0.0412932685	-0.0229074234	0.0350377543	0.0335679046	-0.0371529933	-0.0044551598	0.0389843509	0.0266765576	0.1094095873	0.0177578454	-0.0771752176	-0.0001014757	0.0107808089	0.0151784354	0.0296437861	-0.0598696605	0.0305818175	-0.0237446052	0.0342967733	0.0455844362	-0.0683770046	0.1450620069	0.0598851688	0.0467244966	0.0079288312	0.0046205326	0.0533628655	-0.0775230908	0.1168049283	0.0613598196	0.1115010745	-0.0529103611	-0.0180813778	-0.0453540056	-0.0799745013	0.0233060622	-0.1100253905	0.0492127359	-0.0010241877	-0.0250889859	-0.0749243233	0.1299825365	-0.0518355941	0.045348458	-0.0048189716	0.0131401763	-0.0026649502	-0.0313034075	0.054921098	-0.0238469219	-0.0263422074	0.1026439953	0.1191310137	-0.015554537	-0.013149097	-0.1285790606	-0.0213109975	-0.04905132	0.0621078168	-0.1411566861	0.0500555356	0.0602548299	-0.0251665571	-0.0314155937	-0.0113998395	-0.0120060548	-0.1387049718	-0.0822613357	0.0330446123	-0.088427977	-0.0025364919	0.0653840295	-0.0139190794	0.0076973679	0.0026218339	-0.0014815673	0.0061742701	0.0501529181	0.0517255595	0.0081983765	-0.1101282353	0.051578918	0.0145787395	-0.0196355568	0.0308723639	-0.1263602253	-0.0668784028	-0.0211427615	-0.0207563426	0.0032442351	-0.0849960387	-0.1266657129	-0.0021973447	-0.1063010037	-0.0359331536	0.0531533654	-0.0126990064	0.06738319	0.0016434677	0.0634110521	-0.0914274975	-0.0355517037	-0.021694709	0.0072759303	-0.0396625809	0.0280472651	0.11511892	0.1051017804	0.0342128722	-0.0971457186	0.0557208689	0.04663059	0.0823765296	0.1195357971	-0.0540586909	0.0371641689	-0.0352596269	0.0209529873	0.0249097339	-0.0428805053	-0.0308591513	0.0662409648	0.0221140529	0.0629759006	0.0753644561	0.1327188309	-0.1765445053	0.0687123657	-0.0693024081	0.0774642312	-0.0598225254	0.0039087349	-0.0224507601	-0.0633526194	0.0042341194	-0.0235735216	-0.0026723836	-0.0827321513	0.0406827689	-0.0446918238	-0.078900623	-0.0702051211	-0.0164572842	0.0178619698	0.0436173722	-0.0066343093	0.0496942872	0.0211274105	0.0326302957	-0.0648476045	0.0282394517	-0.008240699	-0.0295954306	0.0262894399	0.0429900871	-0.0445661158	0.0592896132	0.1314057494	0.0432690429	0.0015898512	0.0879242863	0.0034044678	0.0345982682	-0.0799620713	0.0155764827	-0.0587295132	0.03895325	-0.0287974629	0.024974101	-0.030768781	-0.0666997591	0.1182873012	-0.0637778691	0.0696523735	-0.0270431066	0.0143128591	-0.1109145998	0.0602557951	0.0439652626	0.0537909028	0.0472599951	0.0220811066	-0.014490307	0.1016520021	0.0412650875	0.0388190107	-0.055074581	-0.0768025265	-0.0150620027	0.0431949736	0.0147465693	-0.0302434443	-0.0955737156	0.0011454988	-0.0425479488	-0.0045762375	-0.0484855423	-0.0683482425	0.0623523404	0.0105789838	-0.0221201825	-0.0883883394	-0.0572627102	-0.1744445484	0.0068938004	-0.0733792667	0.0378793187	0.0091480491	-0.053391486	0.0813868465	-0.084614593	0.0	-0.000291277	0.013418123	8.4842290729e-08	0.0001800460248431	0.120094	0.0389003000000001	0.00151323334009	0.014422568836	0.0410765	0.0769509	0.00592144101081	0.00168727885225	0.00283055	-0.00119637	1.4313011769e-06	8.012013302499998e-06	0.00201082	0.001262454	1.5937901021160003e-06	4.0433970724e-06	-0.000965213	-0.000211362	9.31636135369e-07	4.4673895044e-08	0.0	0.0	0.0	0.0	0.0	0.0	0.0	0.0	0.0	0.0	0.0	0.0	0.0	0.0	0.0	0.0	0.0
6270.620963270908	-7.585766076344953	57.54384696502591	39320687.26501257	6367.516774234608	-11.435489578464512	40545269.87015911	130.77042189917046	4264.091919638019	-7.184295538845618	51.61410238947704	18182479.89912225	4328.023323281297	7817.414748221999	1.035363	22.971361	0.254111093	0.126712	-0.0235231061	0.0169063863	0.0747952574	0.0408855923	-0.0639274433	-0.0179517315	0.0734263858	-0.0129190215	-0.0116679334	-0.0776953281	0.0500193812	-0.0005815883	0.0846134616	0.0676224317	-0.0588034827	-0.0311811087	0.0094672439	-0.0732448371	-0.0979482347	0.0918055222	0.0052303321	-0.0739100295	0.0510612589	0.1115512559	-0.0308338306	-0.0371890247	0.0533744878	0.007381865	-0.0411040362	-0.0377760272	0.101500571	-0.0667740756	0.0209860066	-0.1421532967	-0.0592270126	-0.0019891621	0.0718775931	-0.1406577358	0.0206735013	-0.0016811865	-0.0190726961	-0.0690178046	-0.1548438104	0.0284025793	0.0217968194	-0.0322128553	-0.036504057	0.0260423633	-0.0081083311	0.0327197667	0.0101297543	-0.0373259507	0.0009775871	0.0869469955	-0.1816295301	-0.018541239	0.0366529853	-0.1132103457	-0.0070562189	-0.078275877	-0.0670923772	0.0975005215	-0.0208152226	0.0808691524	-0.0646604773	-0.0892593478	0.0199078374	0.003741726	0.0279580468	-0.0286839278	-0.0061426181	0.0221640204	0.0491415182	0.0243244373	0.0262735755	0.0860260713	0.0933482888	-0.037789408	-0.0694729641	-0.0087633412	0.1299804425	0.1502780407	0.0487724	-0.0397469075	0.0003738653	-0.0134236604	-0.0915915836	-0.1106385473	0.0106164	-0.043732464	0.0236334461	-0.0309120313	-0.027806454	-0.0820035183	0.0611371884	-0.0734189537	-0.0807376291	-0.0021929985	0.0386155065	0.0640863149	-0.0076392516	0.0063746253	-0.0746550643	0.0610644455	0.0687351805	-0.0086224561	0.0544292807	-0.0549468665	-0.0681243609	-0.0592603268	0.0041455336	-0.0131636115	-0.0688872683	-0.005974818	-0.019414507	0.0087719027	-0.0563297049	0.0797287262	-0.111764183	-0.004654214	-0.0337007161	0.0599031373	-0.1639839808	0.0308017853	0.0879875111	0.0342951238	-0.0021955469	0.0943514901	-0.2051818274	-0.117744652	-0.0897959093	0.0405999617	-0.0050779997	0.0482431923	0.0184037498	0.0258981306	0.0707686264	-0.0602885252	0.0144397811	-0.0320355382	0.0686591382	-0.0738672929	0.0206154902	-0.0589823628	-0.0393234906	0.0869140627	-0.0815963134	0.1098905694	0.0177800216	-0.1030918582	-0.0204397006	-0.0499230399	-0.064880339	0.0121435738	0.0375644373	-0.0695753714	-0.0077306823	0.003382533	0.0431092124	0.0635433252	-0.0189298765	0.0959885356	0.0555422668	-0.0604061716	-0.0305581496	-0.0540622445	0.0596931141	-0.0191142276	-0.0758721632	0.0879796861	0.1493014595	-0.0004878694	-0.0017588635	-0.0054266624	-0.0507863722	0.0394651155	0.0147665888	-0.1017820608	0.0769359092	-0.0986483778	0.0332863076	0.0387282884	-0.0644327349	-0.0376492958	0.0516325592	-0.0196615824	-0.0141078852	0.0140339657	0.1121760135	0.022142026	0.0212184464	-0.0117963084	0.0050742526	-0.0328912033	-0.0684710466	-0.004327239	-0.0012986025	0.0458350812	0.0322142798	0.0323204499	-0.0808893565	0.0091614949	0.0760387732	-0.0292013673	-0.0768752891	-0.0739141579	0.0396999392	0.0061050386	-0.0501275948	0.0795149427	-0.0856871783	0.0	-0.00498997	-0.0046986929999999	2.48998006009e-05	2.2077715908249e-05	0.0599	-0.060194	0.003623317636	0.00358801	-0.0201333	-0.0612098	0.00374663961604	0.00040534976889	0.00422452	0.00139397	1.9431523609e-06	1.78465692304e-05	0.00105598	-0.00095484	9.117194256e-07	1.1150937604e-06	-0.000753851	0.000211362	5.682913302010001e-07	4.4673895044e-08	0.0	0.0	0.0	0.0	0.0	0.0	0.0	0.0	0.0	0.0	0.0	0.0	0.0	0.0	0.0	0.0	0.0
6298.592973957473	27.972010686565227	782.4333818493193	39672273.45158645	6365.583755362747	-1.93301887186135	40520656.54653809	3.7365619589721257	4268.456133348193	4.364213710174226	19.046361308072687	18219717.76231781	4333.540262329694	7964.410606950449	1.149786	25.510048	0.1675644499999999	0.0808172999999999	-0.0640211433	-0.0016000715	-0.0113273303	-0.0220667084	-0.0128751657	0.0834617092	-0.0289046843	0.0070305874	0.0077902953	0.0928152708	-0.0091121193	-0.0220583483	0.0629251091	0.0357864063	-0.0055961815	-0.0593596561	0.0055035419	0.0125620222	0.0313077835	-0.0681306522	0.0024145101	0.0020658349	-0.011454222	0.0914796785	-0.1036175359	0.0180400437	-0.0225567806	-0.0095604052	0.0685469188	-0.0561529915	0.0120349636	-0.1115570386	0.0429333222	-0.0512099364	-0.0896077202	0.0165495737	-0.0044392581	-0.0832210403	0.0604327065	0.0304134453	-0.0971365047	-0.0566856326	0.0649851059	-0.0333425036	-0.026365446	0.0321927062	0.0007922078	-0.0442083361	-0.1015796199	-0.0050221563	-0.0227717154	-0.046898919	-0.0383738227	0.0311880613	-0.0043905988	-0.0004724482	-0.0300309308	-0.0146321202	0.0074726177	0.0493046593	0.0790738834	0.0148382838	-0.0888026033	0.0853143413	-0.0245033182	0.0190515486	-0.0201784319	-0.031552166	0.0569224644	0.1322170852	-0.0139730622	-0.1126582683	0.0068975099	-0.0539828411	0.1008031443	-0.05923238	-0.0546397402	-0.0154980609	-0.0910851069	-0.0209904078	-0.0468706088	-0.0443131303	0.0215741207	-0.0295390125	-0.0077680099	0.0058597824	-0.0535626453	-0.021340641	0.0252725303	0.0114342103	-0.0582788162	-0.0501309356	0.0631386588	-0.0293473543	-0.0905079709	0.0863906821	0.088188577	-0.0728157356	0.064671164	0.0068047964	0.004280757	-0.0413553863	-0.0279786254	-0.0204442142	-0.0430224496	0.0451305127	-0.081335213	-0.0195066207	0.0457802329	-0.1026517658	-0.0077974786	-0.0019849335	0.0033654093	0.1063184604	-0.0860130206	-0.0339748192	0.0248307531	0.0565460517	-0.0097832948	0.0593877676	-0.0741367862	-0.0194463184	-0.1052928611	0.0718860033	0.0375212819	-0.0266508799	0.0391609318	0.0884955102	0.0157354533	0.0400323651	-0.0604416264	0.0101555317	-0.0392383786	0.0497675539	-0.0768199689	0.0074750055	0.0174252985	0.1198477033	-0.0540396976	0.0616945197	0.0530481816	0.0254175836	-0.0397490118	-0.0306944043	-0.1359306012	-0.0137131932	0.05041626	0.000117903	0.0030381437	0.0294964271	0.0289129364	0.0004250719	-0.0646978762	0.0569153151	0.0701323509	0.0129545254	0.0548369999	-0.0486528892	0.0108737492	0.0371524741	0.0691472383	-0.0576107616	0.0176869129	-0.0224344796	0.0347640915	0.0153389854	-0.026081708	-0.0687527587	-0.0304269006	-0.0809098648	-0.0265879907	-0.0033409426	0.0198677046	0.0095917807	-0.0809474114	0.0095010319	0.0936247122	-0.0330045474	-0.0774394618	0.0253240101	-0.0048027102	0.0532808512	0.024093019	0.0036928732	0.0353914834	0.0123211014	-0.0811818956	0.0805775457	-0.0634931762	0.0628380048	0.0137313708	-0.0479470051	-0.0587632401	0.0848022301	-0.052099025	0.0820424503	0.0955332417	0.0458714961	0.0622489935	0.0048693444	-0.0300324491	-0.0560643125	0.0034668866	-0.1078705405	-0.0487620842	-0.0744388162	0.0414985757	0.003054422	-0.0467526853	0.0773679072	-0.0863328744	0.0	0.00335738	0.00834735	1.12720004644e-05	6.96782520225e-05	0.0943362	0.0344361999999999	0.0011858518704399	0.0088993186304399	0.027583	0.0477163	0.00227684528569	0.000760821889	0.00345115	-0.0007733699999999	5.981011568999997e-07	1.19104363225e-05	0.00166553	0.0006095499999999	3.7155120249999993e-07	2.7739901809e-06	-0.000912223	-0.0001583719999999	8.32150801729e-07	2.508169038399998e-08	0.0	0.0	0.0	0.0	0.0	0.0	0.0	0.0	0.0	0.0	0.0	0.0	0.0	0.0	0.0	0.0	0.0
6290.79835238809	-7.794621569382798	60.75612540988755	39574143.91040871	6366.865012057487	1.281256694739568	40536970.08176178	1.6416187178149626	4266.766753496167	-1.6893798520259224	2.854004284431128	18205298.528740223	4331.985625272584	8042.1346124338115	1.120095	24.851295	0.1299493899999999	0.0721141	-0.0470976379	-0.0644601371	0.0467651286	-0.0165955365	-0.0398229983	0.0493446807	0.0264173147	0.0603961868	0.0462335427	-0.0346966585	-0.0212606348	-0.0060608987	0.0049294516	0.0424005989	0.0841501451	-0.0442894653	-0.0050170604	0.0117612357	0.0339296742	0.064143511	0.0059948682	0.0116197877	0.0087973336	0.0021284172	-0.0448219338	-0.150717954	-0.0747421427	-0.055221188	-0.0243991777	-0.0752050779	-0.0378066892	-0.0634076428	0.038227034	-0.0962083969	-0.0469282959	-0.062635964	0.0312198371	-0.0495306	-0.0173051124	-0.0683279901	-0.118267095	-0.0393005087	-0.0045400112	0.0574582285	-0.004064557	0.0013560426	0.0126448705	-0.0680858435	0.0856346155	-0.014889834	0.1180071421	-0.0238545834	-0.0109553411	0.0564095111	0.0687006789	0.0409542109	0.0094348306	-0.0966482402	-0.0153912541	0.0257657297	0.0606374092	-0.058181816	0.0302526699	0.0860067373	0.0177493606	0.081649052	-0.0004357201	-0.0124585795	-0.0215416328	-0.0298491915	-0.0620436269	0.0896797264	0.0060751901	-0.1414403048	-0.1224467228	0.0446513878	0.0620915613	-0.0926046587	0.0005947038	0.0006814071	-0.0585958781	0.1860275593	-0.0193188589	0.026961894	-0.1512754279	0.0939048034	-0.0488101698	0.0178783112	-0.0245463696	0.1064839292	-0.0494529486	-0.0238555548	0.1735461713	0.0945835802	-0.0955487121	-0.039412655	0.0266436675	0.0379012004	0.0003267313	-0.005189964	-0.0336600872	-0.0423831698	-0.0359097227	-0.0513446243	-0.0033515533	-0.0444562033	0.0602506616	0.0045351258	0.0057034256	0.0294975575	-0.0516015629	-0.0451306549	-0.1167059469	0.030937214	0.0044982385	0.0908733891	-0.0536995126	0.0621140467	0.0976882341	0.0357046316	-0.0558579352	-0.0502925507	-0.0499769135	0.0454788833	0.109642221	-0.0306330076	0.0407116127	-0.0187115704	-0.1512768723	0.0574776144	-0.0074253192	0.0444224943	-0.0335916941	0.0271008525	0.0269133471	-0.0746298974	-0.0649967948	0.0210905805	-0.0470961714	0.0002494976	-0.0477023694	-0.0897823848	0.0612841925	-0.0062183429	-0.0806348165	0.0150115461	0.075460323	-0.0278353207	-0.0207772666	-0.0296784166	-0.12719145	0.1910140761	-0.015832024	-0.0419803951	-0.015476242	0.0206052765	0.0485175169	-0.0075027009	0.0443429562	0.0552558055	0.0923780154	0.132438829	-0.0117959254	0.0095971618	-0.0719148419	-0.0844947427	-0.1008457616	-0.0493744757	0.0246860059	-0.1352654264	-0.0101012164	-0.0201888775	0.0377959969	-0.0104290287	0.0407249601	-0.0398381793	0.0192499242	0.0936104217	0.0006083298	-0.0020544316	-0.0267923559	0.0338805237	-0.0700735078	-0.0437233324	0.0060242877	0.0530556444	-0.0237921485	-0.075522928	0.0070146916	0.0897938183	0.0124786529	0.0681345735	0.001641395	-0.0482176367	0.0245070708	-0.0374992852	0.0436136664	0.0563833115	-0.0556645728	0.0075798038	0.0445211756	-0.0451845037	0.1379852965	-0.044470621	-0.0278350858	-0.0749531689	0.0432742322	0.0	-0.0432742322	0.0749531689	-0.0865484645	0.0	0.0087887699999999	0.0054313899999999	7.724247811289825e-05	2.949999733209892e-05	0.0661505	-0.0281856999999999	0.0007944336844899	0.00437588865025	-0.0259009	-0.0534839	0.00286052755921	0.00067085662081	0.0040833	0.0006321499999999	3.996136224999997e-07	1.6673338889999997e-05	0.0014574	-0.0002081299999999	4.3318096899999984e-08	2.12401476e-06	-0.000895535	1.6687999999999946e-05	8.019829362250001e-07	2.7848934399999816e-10	0.0	0.0	0.0	0.0	0.0	0.0	0.0	0.0	0.0	0.0	0.0	0.0	0.0	0.0	0.0	0.0	0.0
6275.999573263541	-14.798779124549585	219.00386357720453	39388170.643604144	6367.654851755865	0.7898396983782732	40547028.31109001	0.6238467491342815	4260.339620236641	-6.427133259526272	41.3080419357088	18150493.679758087	4328.5517841228	8011.749641177138	1.124032	24.938633	0.19391863	0.116009	-0.0601798877	-0.0109307366	-0.0171112391	0.0450955481	0.0144195346	-0.018255536	0.061519766	-0.0210054485	0.0745046828	0.0340979081	0.0084245727	0.0246651019	0.0698747319	-0.0055260306	0.0682891235	-0.0148069041	-0.0384599303	0.0091670298	-0.0907319587	-0.0522221659	-0.070180145	0.0586362779	0.0073832401	0.0308636791	0.0250365894	-0.006486073	-0.0959355179	-0.0090273326	-0.0416250288	0.0679479058	-0.0191009495	-0.0505004357	-0.0855052476	-0.0072883725	-0.0241615614	-0.0338598953	0.0150479383	-0.0527667854	0.1328276451	-0.016090595	0.0554457018	0.0352918083	-0.1136515458	-0.0902437802	0.0330770822	0.0488277159	-0.0124295335	-0.0115181356	0.0120410386	0.0878080698	-0.0058116425	-0.0231379451	-0.1696720157	-0.0294667769	0.1235437415	0.0622345882	0.0436398326	0.0184263646	0.066100874	0.0540991098	-0.0182819978	-0.0017657567	0.0112217894	-0.0302671938	0.0042123637	-0.0234123572	0.100888696	0.0296064279	0.1181593396	0.0229175832	0.0115682881	0.0115590136	0.0067239458	0.167152946	-0.0232682952	-0.0532526882	0.0068006553	0.0328209416	0.064211038	-0.0114744705	0.1077583252	0.0233938192	0.0001901196	-0.0484383894	0.0313207396	0.0418219807	-0.0187727001	0.0939762674	0.0715525334	0.0123442424	-0.024235002	0.0370210247	-0.1105808816	0.0559445941	-0.0885045761	-0.0665369043	-0.00298391	0.0034622815	0.0368000302	-0.0235474225	-0.0160944519	-0.0241569572	0.0001967302	0.0247782379	0.0660637649	0.1060641726	0.0087427961	0.0463293866	0.0308174904	0.0130138044	0.0041264444	-0.0782196331	-0.1008991984	0.0216086215	-0.0200092691	-0.0402568391	-0.0281483382	0.0601026567	0.0611709711	-0.0190899395	-0.0421253239	-0.002215837	0.0258515611	-0.0542964865	-0.012897055	0.1069612156	0.0716931582	0.0850153518	0.0100912048	-0.0747770917	0.0890974154	0.0214141677	0.0067671549	0.0270641282	-0.0551656762	0.04674986	-0.1108692203	0.0682699845	0.0143357921	-0.0650741734	0.0328209349	0.0121084599	0.018875224	0.0350152925	-0.1064373243	-0.0266699208	-0.0196636513	-0.0098856729	-0.0309845803	0.0363203508	-0.018381996	-0.0584591514	0.0907897966	0.1207483	-0.0273606833	0.0778819393	0.0551621524	-0.0146568077	-0.0260822729	-0.0941043995	-0.0224343399	-0.0270396925	-0.1828259045	0.0451312462	-0.011441581	0.0239144096	-0.0826411643	0.0144258802	0.0041212793	0.0903642334	0.116589174	-0.0716261565	-0.0385303762	-0.0234169187	0.0441574391	-0.0564758874	0.0215632657	-0.048173437	0.0299593246	-0.0996706999	-0.0224456949	0.0464445208	0.0654470782	0.0460179511	0.0091366649	0.0483762051	-0.075987893	0.0547306688	0.0563950375	0.0602143265	0.045417604	-0.0273915797	-0.0581658289	-0.0755406482	-0.0358862941	-0.0131927307	0.0195519404	-0.0643556045	-0.0290966192	-0.0033638719	-0.0797818217	0.0104207732	0.1364096069	0.0711645326	-0.0072193935	-0.0754571448	0.0450259254	-0.003054422	-0.0396999392	0.0722790832	-0.0863328744	0.0	0.00804639	-0.0007423799999999	6.474439203210001e-05	5.511280643998518e-07	0.102476	0.0363255	0.0013195419502499	0.0105013305759999	0.0655156	0.0914165	0.00835697647225	0.0042922938433599	0.00307169	-0.0010116099999999	1.0233547920999992e-06	9.435279456100002e-06	0.00152906	7.166000000000008e-05	5.135155600000012e-09	2.3380244836000003e-06	-0.00112095	-0.0002254149999999	1.2565289024999995e-06	5.0811922224999936e-08	0.0	0.0	0.0	0.0	0.0	0.0	0.0	0.0	0.0	0.0	0.0	0.0	0.0	0.0	0.0	0.0	0.0
6270.131077384254	-5.868495879286456	34.43924388520212	39314543.72757983	6378.13353587963	10.478684123764651	40680587.401512384	109.80282096563737	4269.077932812377	8.738312575736018	76.35810667126623	18225026.3964256	4336.373518593798	7788.231893005743	1.236359	27.430819	0.1443859699999999	0.0818389	0.0104122485	-0.0169634752	0.0985069586	0.103511639	0.0750182909	0.05097371	-0.0185517123	0.0906531081	-0.0226580244	-0.0700971921	-0.0252682459	0.0012448321	0.0132515536	-0.0623129978	-0.052071366	-0.0680509533	-0.0016445052	-0.0544154744	0.067632008	-0.0201563371	0.0335210509	0.0434079461	0.0273906092	0.0054662421	-0.0191281079	-0.0380766252	-0.1080483216	-0.0867679661	-0.0392477197	0.1241102939	-0.1366767678	0.0128145103	0.0048167642	-0.0260417423	-0.0395327692	-0.0723974636	0.156334974	-0.066428744	-0.0863301445	-0.0387276981	-0.0300187616	0.0165861023	0.0042565195	0.0260326703	-0.0811993583	0.1477666797	-0.0630701059	-0.0106328015	0.0186072233	0.0857723809	-0.0312497027	0.0448542043	-0.0415150864	-0.0063616897	-0.0468665883	-0.1192774451	0.0155741444	0.017503731	-0.0766120788	-0.0567649512	-0.0187189513	0.1339866065	-0.0082805023	-0.0775541046	0.0631736146	0.0296390946	0.0220266739	0.0240117454	0.0265191619	-0.0436657746	-0.0228040256	-0.0524236585	-0.0157965349	0.0335169875	0.0311504308	-0.0197243836	-0.1584257355	-0.0939494429	0.0481316498	0.0145267656	0.0269824875	-0.1164504943	-0.0567545893	-0.0142232131	-0.0237720895	-0.0204170235	0.022478834	-0.024193924	-0.0470623758	0.0780361637	-0.0498072048	-0.0724932295	0.0519037726	-0.0743479061	-0.0298093493	-0.0288737153	-0.1452117623	0.0330970053	0.1490009096	-0.0869992542	0.1207781971	-0.0469873652	-0.0196998378	0.0740348198	-0.0789662891	-0.0296729644	-0.0071486741	0.0370812082	0.0139715596	0.0477978015	-0.0380678348	-0.068226697	-0.0730834832	0.1740464702	0.1225026643	-0.0059897675	-0.0902007182	0.0036924576	0.050126494	0.0352669402	-0.006153727	-0.0520433595	-0.0333748356	-0.1459459412	-0.0352964634	-0.064190114	0.0065885735	0.0744899194	-0.0023175581	0.0043007053	-0.0015516088	0.0941154943	0.0156057574	0.0932667264	-0.0703157287	-0.0310417878	-0.0203213677	-0.0155072397	-0.0199271469	0.0139190211	0.0314774565	-0.071156158	0.0036807171	0.0445453837	0.0209965105	-0.0101936775	-0.0750636235	0.0952616343	-0.0559855963	-0.1252572834	0.0627286785	-0.0633212757	-0.0347743831	-0.0048239366	-0.0514444462	0.0658112755	-0.0374932263	0.0592232339	-0.0855555454	-0.0023616229	-0.0010970972	-0.0412101891	0.1210719167	0.036576634	0.0449396255	0.0995812465	-0.0867180564	-0.0129983057	0.0781418343	0.0443913145	-0.0224679219	-0.0100715498	-0.048559595	0.0453962725	0.0245410637	0.0337146875	0.0414426877	0.1165251735	0.0295998051	0.0404506727	-0.0778511773	0.0019789174	-0.0873676857	0.0053045133	0.0476324699	0.0029645786	-0.0375946582	0.0685752622	-0.0618585458	0.0316617728	0.0305114037	0.0735254807	-0.0007379774	-0.1266811767	0.0199424998	0.0871547361	-0.0258995603	-0.133434403	0.011462177	-0.0948969215	-0.0339748378	-0.0331803676	0.0402981081	-0.0577010603	-0.035735355	-0.0759506742	0.0467526853	-0.0061050386	-0.0360377223	0.0693549027	-0.0856871783	0.0	0.00835727	0.0003108799999999	6.98439618529e-05	9.664637439999969e-08	0.0884213999999999	-0.0140546	0.00019753178116	0.0078183439779599	-0.00141444	-0.06693004	0.0044796302544016	2.0006405136000003e-06	0.00375056	0.0006788699999999	4.608644768999998e-07	1.40667003136e-05	0.00131322	-0.00021584	4.6586905600000055e-08	1.7245467684e-06	-0.000753851	0.0003670989999999	5.682913302010001e-07	1.347616758009999e-07	0.0	0.0	0.0	0.0	0.0	0.0	0.0	0.0	0.0	0.0	0.0	0.0	0.0	0.0	0.0	0.0	0.0
6263.912069330235	-6.2190080540194685	38.67606117595902	39236594.41230098	6340.576493396378	-37.55704248325128	40202910.26861072	1410.5314400887414	4264.275107731284	-4.802825081093033	23.0671287595763	18184042.194416653	4332.9377355482975	7909.480449927114	1.235553	27.41292	0.06714172	0.0339839	-0.0612323697	0.0420869069	-0.0081483465	-0.036795995	0.0405543155	-0.0172253327	0.0481640153	0.0920474189	0.0995519868	-0.0609732484	0.0034108938	0.0533984858	-0.00561206	-0.0764237295	-0.0006684522	-0.0369225725	-0.0154287289	0.0795120892	0.0134308009	0.0265085341	-0.0297515381	-0.0085007262	0.0542831341	-0.0411354214	0.0575887763	0.032428728	-0.055043864	-0.0859930514	0.0029349584	0.0191256429	0.0435404129	0.0681224558	-0.0805158952	-0.0498944918	-0.0602557968	0.007733906	0.129181079	0.1079924979	-0.0748402269	-0.0080289049	0.0811408121	0.0340296638	0.0318017408	0.0214278164	0.0984390223	0.0799277442	0.1048776938	-0.0431895997	-0.0668117086	-0.0900482106	-0.0328763512	-0.0800638817	-0.0265361034	0.0730518352	-0.0134878285	-0.0150959896	-0.0467798991	-0.0240301605	0.0673443825	0.0956705822	0.0974744234	0.0035864108	-0.0258765322	0.1432131171	-0.1590764207	-0.0438883913	0.0263829193	0.050590357	0.0186683304	-0.0136014965	0.0456107896	-0.1029077922	0.0627469931	0.0748399546	-0.0844274037	0.0376002753	0.0264541893	-0.0556774001	0.0299283796	-0.076915102	0.0548881055	0.0216363903	0.0395210538	0.013077925	-0.1003262763	0.0998704312	0.0312667354	0.0314543901	-0.009917496	-0.0414073043	0.0265648428	0.0060229825	0.074059884	0.0128485195	0.0159105928	0.0443912793	0.0764241648	0.0209287566	0.0947978867	0.0685262035	-0.048739138	-0.0614180886	0.0122300329	-0.0676779934	0.001732307	0.0048245102	0.0525509683	0.0674377132	-0.0468157635	0.0511531644	0.0550714453	0.0344405246	-0.0006238388	0.0260614578	0.0489553967	-0.0610575833	-0.1212055178	-0.0601597037	-0.0019133661	-0.100741298	0.0587749706	-0.1470138225	-0.0155228588	-0.0460231883	0.0921608555	-0.0267384696	0.0050740783	-0.0595449047	0.0405618722	-0.0559025886	-0.008496168	-0.0076245849	0.0088173057	0.0874398258	-0.156128131	0.0737896108	0.0530728765	-0.0129840456	0.0099284287	-0.01801066	-0.0766760913	0.0087686505	-0.1104672186	-0.1012417907	-0.0884665512	-0.0526842329	-0.0034971891	0.0702404778	0.0250353659	0.06161509	-0.0130116841	0.0816984469	0.0157950354	0.0125912169	0.065527489	0.0127748663	0.0543562353	-0.1214182907	0.0504744426	0.0732928073	-0.0679478176	-0.0505315532	-0.135762271	-0.0007376506	-0.0957362104	-0.0245637416	0.062222654	-0.067217233	0.0657234057	-0.0047285154	0.111668013	0.035992637	0.0527720895	0.0433168671	0.0564507102	0.1235309056	0.0726954226	0.0770050024	0.0061789464	-0.0167713883	-0.0515081633	0.0665761273	0.0446086972	-0.0088979141	-0.0035820592	0.0021917423	0.0121657425	-0.0778368017	0.0018697423	0.0033546202	0.0658298038	0.0869101088	0.0991723147	-0.0275600278	-0.080089268	0.0211148284	0.0130034126	-0.0047720692	-0.0522099731	0.0556838268	0.0046011129	0.0193294468	0.0762540078	-0.0729279499	0.0655176879	-0.0764336887	0.0484535557	-0.0091480491	-0.0322956923	0.0661907455	-0.084614593	0.0	0.0173432	0.00898593	0.00030078658624	8.074693796489999e-05	0.0792215	-0.0091998999999999	8.463816000999816e-05	0.00627604606225	0.0239768	0.02539124	0.0006447150687375	0.0005748869382399	0.00377363	2.3070000000000035e-05	5.322249000000015e-10	1.42402833769e-05	0.00166553	0.00035231	1.241223361e-07	2.7739901809e-06	-0.000657938	9.59130000000001e-05	4.3288241184400005e-07	9.199303569000018e-09	0.0	0.0	0.0	0.0	0.0	0.0	0.0	0.0	0.0	0.0	0.0	0.0	0.0	0.0	0.0	0.0	0.0
6265.858114520819	1.9460451905843	3.787091883796285	39260977.9113064	6371.050333658855	30.473840262477097	40590282.35401461	928.6549403429702	4265.906554637009	1.63144690572517	2.6616190062002314	18197958.732895	4329.962558946332	7778.590987570965	1.120811	24.86717	0.07426475	0.0418277	0.0096186999	-0.0049386342	0.0775518936	0.0919136422	-0.0099486346	-0.0531433714	0.0631108836	-0.0114939065	-0.0278291704	-0.0420254944	0.0028426123	0.0103501347	0.0873756359	0.0469919387	0.0870490257	-0.0135071602	0.0531874316	-0.0062521036	-0.116150285	-8.01171e-05	0.0094558979	0.0479787074	-0.0723025524	-0.0485793599	-0.0606789294	-0.0025934446	0.0808084526	0.0363086781	-0.0434054238	0.0742145635	-0.0715687534	0.0837150808	-0.0564657926	-0.0230125778	0.0515056067	0.0794033084	0.0068695776	0.0266382134	-0.064338464	0.0463643261	-0.0609325614	0.0043744413	-0.0374333278	-0.0269427144	-0.0049241009	-0.0114720591	0.112686952	-0.004001821	0.0415006394	0.0262151485	0.0491037118	0.0607315212	-0.0350612147	-0.0320069633	-0.0223754868	0.0534888514	0.0675504062	0.1442018559	-0.0137724738	-0.0677374816	-0.0039065652	-0.051700843	-0.0563628274	-0.0546278409	0.0700640563	0.0441859248	-0.0429706847	0.0462858274	0.0278630633	-0.0324434909	0.1009076937	-0.0386875429	-0.0141918821	-0.0835783247	0.0066950526	-1.7206e-05	-0.1292158363	-0.0632047714	-0.0112077995	0.1246301304	-0.0050691615	0.0276310992	0.1483294411	-0.0062161072	-0.0424352021	-0.0748537115	0.1437982479	-0.1001656267	0.013318599	0.022769729	-0.020111552	0.02970566	-0.0983495465	0.0001043557	-0.0316593675	-0.0429405975	0.0058167295	0.070905513	-0.0692827673	-0.0134128674	-0.0982916021	0.0376183526	-0.080541538	0.0606387933	0.0610204153	0.0241292766	-0.0035670301	0.0435502034	0.045989895	0.047744909	-0.0396748153	0.041066104	-0.035535126	-0.0485206176	0.1031030114	-0.073395333	0.0101437294	-0.027255358	-0.04902495	0.1340895055	0.0001122756	-0.0396019075	-0.0593298438	-0.0629179015	0.0151000784	0.0528546302	-0.080167873	0.0276216034	-0.0252662325	-0.0147691709	0.0916566906	-0.0365828731	0.0081501825	-0.0090978112	0.0333865337	0.1278316527	-0.0106643062	0.0330158842	-0.0860771006	0.0830515341	-0.0332644953	0.082359585	0.0120950201	0.0589207697	0.1568193643	-0.0161119167	-0.0286983566	-0.0205280706	0.0327519232	-0.0101350013	-0.0056541915	0.0484825962	0.0189549335	-0.0300757541	0.0208433071	0.0487940467	0.0053116331	0.0230961564	0.0316768952	-0.1018838953	0.029238105	-0.0638337424	0.0782519314	0.0381469132	0.0158025191	0.1434355619	0.0096456527	-0.1197826712	-0.0337213109	-0.0010884446	-0.0104981796	-0.0657204566	0.0673270466	-0.0184389252	-0.028231591	-0.0157657792	-0.0343033145	0.0782346306	-0.029959274	0.0001005573	-0.0066998013	-0.0051868056	-0.0532495721	0.0605727453	-0.0256439851	0.0178043638	-0.0460836405	0.0262979297	0.0603002843	-0.1121923781	0.0092458682	0.0421569025	0.0526144512	-0.0615349197	0.0048275716	0.0981405943	-0.0370794761	-0.0642865045	-0.032752636	0.0016156038	-0.0891878825	0.0495670002	0.0549143021	-0.0258389865	-0.054773759	-0.0769061215	0.0501275948	-0.0121796622	-0.0284821367	0.06279756	-0.0831204621	0.0	0.0111922	-0.006151	0.00012526534084	3.7834801e-05	0.109994	0.0307724999999999	0.0009469467562499	0.0120986800359999	0.0148792	-0.0090975999999999	8.276632575999999e-05	0.00022139059264	0.00330467	-0.00046896	2.1992348160000002e-07	1.09208438089e-05	0.00166553	0.0	0.0	2.7739901809e-06	-0.000753851	-9.59130000000001e-05	5.682913302010001e-07	9.199303569000018e-09	0.0	0.0	0.0	0.0	0.0	0.0	0.0	0.0	0.0	0.0	0.0	0.0	0.0	0.0	0.0	0.0	0.0
6264.082939401538	-1.7751751192809024	3.1512467041139662	39238735.071701415	6355.915962849587	-15.134370809268148	40397667.72680619	229.04917979242785	4265.435766539988	-0.4707880970208862	0.2216414322965473	18193942.278478578	4333.46281893832	7864.7896027019715	1.072582	23.797121	0.13787509	0.0773000999999999	-0.0479238905	0.0307520372	0.0685454189	0.0201630622	0.0803743151	0.0645564955	0.0053504668	0.0358247234	-0.0126943196	-0.0442764987	0.0005895719	0.0967185075	0.062821738	0.0018955871	0.0042048694	-0.0677855409	-0.0211093236	0.0477017143	0.0083186981	-0.0361509688	0.084612252	-0.0459167169	0.0612527621	-0.0768124355	-0.0094250144	-0.0174023522	-0.0558483885	-0.0700358822	0.0075956218	0.0372068661	0.0571435244	-0.0067919574	0.0897904853	-0.1557370647	-0.1463040616	0.0270579457	-0.02619262	0.0452998108	-0.0515223791	0.0263558079	0.0549880312	-0.1142075795	-0.0060068021	-0.0174904624	0.0709242574	0.1299530378	0.0829461316	0.0721279855	-0.0645185042	-0.0379956595	0.0395175335	-0.0319254908	0.0296415366	-0.1042431585	-0.0352795838	0.0211308543	-0.0709544514	0.0878205236	-0.0595121959	-0.0463051428	-0.0769748825	0.0178203301	-0.0741767037	0.0963031659	-0.0333565149	-0.0974369987	-0.0228349332	-0.0719642998	0.0090989347	-0.0230011803	-0.0109281404	-0.0370796024	-0.0789722193	0.0948098978	0.024699572	-0.0545047778	-0.0130811146	0.1213918831	0.0136972813	-0.0423217899	-0.0424469009	0.0754920428	0.0216125163	0.0123177714	-0.0413553812	-0.0372034637	-0.0491147509	0.0630840113	0.0345555816	-0.0181128929	-0.0966114018	-0.0263497406	-0.0862552556	0.0196057471	-0.0077058825	0.010622734	-0.0280214747	-0.07587723	0.0507095302	-0.0409301989	-0.0359360285	-0.0799469681	-0.0032625947	0.0043165708	-0.0367617711	-0.0405636313	-0.0805211163	0.0358680579	-0.0809088197	0.0773011977	0.0088673674	0.0418569095	-0.0072459761	0.0628049678	-0.0418090353	-0.0740885876	-0.1212475152	-0.0230346629	0.0643869705	0.0367546851	-0.0815161286	-0.0135684766	-0.1347965294	0.0495202214	0.0245876295	0.0379496172	0.0245762814	-0.0730576584	-0.0688141226	-0.0582953172	-0.0648935053	-0.0494095739	-0.0664061608	-0.0778682166	-0.0595361565	-0.0075014684	0.0491513246	-0.0121299439	-0.0250890949	0.094083006	-0.054472174	0.0370008154	-0.0544138876	-0.0190488123	0.0111615773	-0.0290610135	-0.0598010927	-0.041510582	-0.0292289584	0.0008881841	0.1425440505	-0.0491717078	-0.09952355	0.0224299648	-0.0028779923	0.0215848255	0.0415677044	0.0610033593	-0.0844590744	0.0353199869	-0.1103914582	-0.0913791035	-0.0924508716	-0.0319108631	-0.0468465284	-0.0975425855	0.0365160986	-0.0898882304	0.0923276827	-0.0447750772	0.0194270588	0.065993956	0.0419378519	0.0092205452	-0.080694869	-0.0474794497	0.01016299	-0.0723079429	0.0065684211	-0.0260655078	0.0841698401	0.0491572853	-0.0285961512	-0.0325579051	0.0285200645	-0.0131360695	0.0837135599	0.0500367884	-0.0357454388	0.0012506314	0.1137203739	0.0228321281	0.0153394578	0.018849005	-0.1445504857	0.102572644	-0.0111441936	0.0074155796	0.0309632854	0.0087143362	-0.0114036398	0.0425493551	-0.0041136658	-0.0552287154	0.0290904792	-0.0773679072	0.0517738754	-0.015196101	-0.0246055013	0.0591870869	-0.0812122292	0.0	0.0203606	0.0091684	0.0004145540323599	8.405955856e-05	0.0533802	-0.0566137999999999	0.0032051223504399	0.00284944575204	-0.00697444	-0.02185364	0.0004775815812496	4.86428133136e-05	0.00408795	0.0007832799999999	6.135275583999998e-07	1.67113352025e-05	0.00166553	0.0	0.0	2.7739901809e-06	-0.000532346	0.000221505	2.83392263716e-07	4.9064465025000046e-08	0.0	0.0	0.0	0.0	0.0	0.0	0.0	0.0	0.0	0.0	0.0	0.0	0.0	0.0	0.0	0.0	0.0
6270.084970573003	6.002031171465205	36.02437818323998	39313965.53820546	6348.861949257701	-7.05401359188636	40308048.05073229	49.7591077545175	4262.206968521561	-3.228798018427369	10.425136643800506	18166408.24251376	4329.160276957392	7938.674082419588	1.057297	23.458004	0.14904354	0.0735335	-0.0448512695	0.0045406078	-0.0194070858	-0.0443686238	-0.0294289769	-0.0335746018	0.0286639519	0.0630129	0.0337795126	0.0151278912	0.0145303656	-0.0201892869	0.0061981489	-0.0249181013	0.0297853063	-0.0143884499	-0.0162375847	0.1232572765	-0.0313815517	-0.0133825193	-0.0609584838	-0.0039619432	-0.0515970147	-0.0827351064	-0.0035659106	-0.028043759	0.0389128636	-0.1238342789	0.0605564694	-0.0183551964	-0.0191553538	0.0578464899	-0.0021425371	-0.0606594964	0.0327518215	-0.0428176099	0.0343120872	0.1123860287	0.0622177447	0.0021533047	0.0283837609	0.0207702246	-0.0063092382	0.0051280324	-0.0107015007	-0.038342578	0.0129835739	-0.0197453698	-0.0181489685	0.0058573355	0.0935791169	0.0762431596	-0.0286784301	-0.0021394625	-0.0003352982	0.0554917869	-0.0670737256	0.0307436502	-0.1012777206	-0.0484301955	0.0200565819	0.0408578859	-0.1275116823	-0.0762776821	-0.0241621542	-0.0303629444	0.122826417	0.0850549049	0.000477946	-0.0408649985	0.0362901799	0.0505245016	0.0507348519	0.0903560013	-0.0017049789	-0.1047578033	0.0434175046	-0.0709020802	0.0797326658	-0.0086908391	-0.0413049656	-0.0372186129	0.0443319079	0.0407695215	0.0167581796	0.0260911217	0.1332398141	-0.0143602539	-0.0243251454	0.0264833513	0.0135128329	0.1028575353	-0.007062448	-0.0432719664	0.1313213062	0.0183156121	-0.0177386427	0.0284026337	0.0905572246	-0.022749604	-0.0410490387	-0.0161287777	-0.0035752839	-0.0936537801	0.0523938523	0.0444860761	-0.0016726503	0.0454689324	0.0272422052	0.0949784862	-0.040719735	0.0113170946	0.0257776041	0.0001552859	0.0706988805	0.0671558653	-0.0827730405	-0.0883136846	-0.0111606436	-0.0001339143	0.0109368049	-0.033342775	0.0041255584	0.0631828073	0.0315811665	0.0402209144	-0.0145430392	0.0573814518	0.0451395719	-0.0543476107	0.0680656724	0.0255144126	0.0378034383	0.0923412437	0.0261124611	-0.0324445757	0.0027336112	-0.0763013003	-0.0188763925	0.1025669034	0.0018408247	0.1032450204	-0.0356883614	0.082195699	0.0734106322	-0.0190746482	0.0022624252	0.0066399666	-0.0720697251	0.085109661	-0.0002765551	-0.0459959635	0.0263427862	0.0557552112	0.0008304894	0.0663714076	0.0138036266	-0.008419148	0.045871711	-0.0132000658	0.0178882508	-0.0089303324	-0.0890200516	-0.0068546987	-0.1330886061	-0.0591353646	-0.0146598045	-0.0307519888	-0.0552592726	0.0448199079	-0.1063013851	-0.0489825772	-0.0116596351	0.0417450331	0.0757483021	-0.0366571328	-0.0712967028	0.1273377403	0.102776229	0.0388354549	0.0654600607	0.0401639497	0.0431763045	0.023188179	-0.0812658532	0.0497804464	0.0373896393	-0.0882943597	-0.0155950375	-0.0705476876	0.1073157383	0.0183976275	0.1289338362	-0.0535423947	0.0178029249	-0.0219797477	0.0855893554	-0.0552459466	-0.0315279001	0.0297577257	0.0541101932	0.006506726	-0.008498404	-0.0890988301	0.0582171853	-0.0778189817	0.053391486	-0.0181936073	-0.0206743719	0.0553718191	-0.0788994011	0.0	0.0333414	0.0129808	0.00111164895396	0.00016850116864	0.0954402	0.04206	0.0017690436	0.00910883177604	0.0327916	0.0397660399999999	0.0015813379372815	0.0010752890305599	0.00348499	-0.00060296	3.6356076160000004e-07	1.21451553001e-05	0.00212419	0.00045866	2.1036899560000027e-07	4.512183156100001e-06	-0.000509232	2.311399999999997e-05	2.59317229824e-07	5.342569959999984e-10	0.0	0.0	0.0	0.0	0.0	0.0	0.0	0.0	0.0	0.0	0.0	0.0	0.0	0.0	0.0	0.0	0.0
6271.1185710823465	1.0336005093431595	1.0683300129144389	39326928.132573895	6386.782698672042	37.92074941434112	40790993.24005653	1437.9832361452522	4265.71572164028	3.5087531187191416	12.311348448121302	18196330.617849056	4328.922027691591	7836.769469671876	1.169185	25.940441	0.0921167	0.0515403	0.0036017261	-0.0313821701	0.1053684853	0.1003108432	-0.0287333617	0.0003541869	0.0591633797	-0.0408359854	-0.08522196	-0.0141717218	-0.0090159917	0.0473728037	-0.0042817249	-0.0063001544	0.0534201582	-0.0102835836	0.0479217748	-0.0187249244	-0.0772272487	0.0130278274	0.0765454688	0.060377905	-0.044109185	-0.0763181541	-0.0238423326	-0.0385860334	0.1376991875	0.0667182168	-0.0316998814	-0.0141180636	-0.058471491	0.140809	-0.0087687743	0.0630432151	-0.049887973	0.0038893649	0.0177028618	0.0502072297	-0.0094103076	-0.0018106326	0.0008295316	-0.0455567862	0.0283626931	0.0393019001	-0.1276890219	-0.0539458387	0.0314582991	0.0319127831	-0.0065112331	0.0082038966	-0.0803251735	-0.024440633	0.0173171749	0.0703016733	-0.0784058841	-0.0214327892	-0.0161955442	0.12105252	-0.0073777437	0.0213514688	-0.0980379796	-0.0378569278	-0.0572018165	0.040604196	0.0296266194	0.0344581443	0.0718929028	-0.0729590525	0.1048687911	0.0415780972	-0.0454927403	-0.0068306467	-0.0411797496	-0.0031404119	-0.0610057394	0.0310914537	0.1507535736	0.0256977755	-0.0727457819	0.0349077256	0.0053530793	-0.0328550186	-0.0583773802	0.0004137268	0.0135670233	0.0815753329	0.0128661834	0.0243129227	0.0222018512	0.0292414357	-0.00579388	-0.0265429453	0.005879001	-0.1120265469	0.050312418	-0.0022151657	0.1182650846	0.0202278463	-0.0736545888	0.0691743204	0.1226093598	0.0337511904	-0.0806165235	0.0761783825	0.0469871156	-0.031264678	-0.0440659288	0.0378074624	0.0266914951	0.0234709786	-0.0020611602	0.1166234178	-0.0006031018	-0.1037362983	0.079112358	0.0461173852	0.033158594	-0.0492397913	-0.0217293913	0.0703860296	-0.0171783816	-0.0838568887	-0.0003446584	-0.0495414686	-0.1022517967	0.0285323913	-0.0630719171	-0.001449671	0.0370940106	0.0515542805	-0.0135851057	0.0283787643	-0.037046641	-0.0173387277	0.0734804198	-0.0063055574	0.0670520098	-0.029682373	-0.0752567153	0.0109017274	0.0290616871	0.0404843145	0.0073771315	-0.0891986258	0.0432404772	-0.0080441643	0.0408114324	0.0737858458	-0.0449249271	0.0007274599	0.117663519	0.0650748401	-0.0304510263	-0.0196778374	0.06700607	0.0311964333	-0.0197862351	-0.0781488498	0.0298789628	-0.0618322763	-0.0719772239	0.0297363958	-0.007543904	0.023456901	0.0166250907	-0.1017869113	0.0322533147	0.1712581217	-0.0770278422	0.006405672	0.0015206167	0.0509692939	0.0309616925	0.0108781988	0.0103054491	-0.0619474426	0.1298927376	-0.0152935718	-0.0601583202	-0.05160042	0.0118230723	-0.0124615041	-0.0870106223	0.068142682	-0.0349510378	0.0410467242	0.0484390748	0.0246727638	0.0698466156	-0.1450454708	-0.02620768	0.0651124797	0.0360613304	0.0128040596	-0.0677618965	0.0608900597	-0.0302052443	-0.0110258372	-0.0576688518	0.0020089037	-0.0182312855	0.0427139655	-0.0139525536	0.0125434697	-0.0131201578	-0.0782592828	0.0549795309	-0.0211684467	-0.0166974547	0.0513649577	-0.0761935001	0.0	0.0302171	-0.0031243	0.00091307313241	9.76125049e-06	0.123284	0.0278438	0.00077527719844	0.015198944656	-0.00704735	-0.03983895	0.0015871419371024	4.96651420225e-05	0.00378486	0.00029987	8.992201690000016e-08	1.43251652196e-05	0.00212419	0.0	0.0	4.512183156100001e-06	-0.000635555	-0.000126323	4.03930158025e-07	1.5957500329000004e-08	0.0	0.0	0.0	0.0	0.0	0.0	0.0	0.0	0.0	0.0	0.0	0.0	0.0	0.0	0.0	0.0	0.0
6275.3010550307245	4.1824839483779215	17.49317197843897	39379403.331269726	6362.7641405937	-24.01855807834181	40484767.508825086	576.8911321626787	4271.1496521227	5.433930482419783	29.52760048777089	18242719.35082786	4338.581200371899	7945.36489274148	1.132593	25.128576	0.13704305	0.0751903	-0.0598214901	0.0122717314	0.0204992932	-0.0058166619	0.0472584715	0.1008690376	-0.0304270295	0.0109880528	0.0040725914	-0.0444745778	0.0005739664	0.0820135309	-0.0110846504	0.0462508531	0.0175312439	-0.1018832932	0.0104809834	0.0736241579	0.0395157668	-0.0465279768	0.0479532829	-0.0504617455	0.0005209482	-0.0572782387	-0.0583671226	0.0215266276	-0.0439331413	-0.0243872953	0.0004316819	-0.0425655669	0.1091517873	0.0960541689	0.0902850067	-0.0547822368	-0.0439904729	0.0597384772	0.0683545082	-0.1115900286	-0.0212391081	-0.0570155895	0.1175330119	-0.0343590634	-0.0369272026	-0.0057687978	-0.0469481115	-0.0899933	0.0465871173	0.0012108465	0.0010964972	0.0525692057	-0.0679745537	0.001728723	-0.0342747232	-0.0258640314	-0.0563466369	0.0960037316	0.0413736968	-0.0274771258	-0.0561539849	0.0162494662	-0.011556573	-0.0039798232	-0.0479330363	-0.0702366826	-0.0022894215	0.0446489663	-0.051392789	0.04557073	-0.0047016203	-0.1079047554	-0.1053923421	0.024906518	0.1215374858	0.0416093709	-0.0140957292	-0.0014776232	0.041221446	0.0410269581	-0.0178195627	-0.0018954293	0.0440857378	-0.0837309503	0.139604685	-0.0299663012	0.0352283318	0.0142851916	-0.0074783904	-0.1255562108	-0.0045852444	0.0203409551	0.0032344372	-0.0265165032	0.0601890972	0.0054226695	-0.0282101581	-0.0087449065	0.0553887241	-0.1069811889	0.0161918204	-0.030056838	-0.0030103333	-0.0834832744	-0.0375536451	-0.0302231488	-0.0659476929	-0.0189805915	-0.0861359874	0.0166103482	-0.0457658446	0.0537453661	-0.0391824369	0.0611512685	-0.0350081181	0.0344778713	-0.0130684461	-0.0379817942	-0.04635657	-0.0932713166	-0.0945159929	-0.0623357404	-0.1080595407	-0.0142596432	-0.1389485005	-0.0002333821	-0.0486443414	0.0101339302	0.0073263224	-0.021242327	0.0206449808	-0.0810654542	-0.024485606	0.0472804767	0.0013654622	-0.0937113282	0.056470396	-0.0072875119	-0.0345107406	0.0040257724	-0.029575239	-0.0064970384	0.0441364275	0.0018248098	-0.0685302277	-0.0348792302	-0.0263436598	0.0599382696	0.0706927377	-0.0140881783	0.0224759912	0.0305896784	0.0208092618	-0.0378724798	0.0186304789	-0.0187782106	-0.0159843158	-0.1279574893	-0.1493032623	0.0186373209	0.0168559519	-0.0378621407	0.0378117125	0.0191935652	0.0594767482	0.0216331525	-0.0819933056	-0.0448168375	0.002799658	-0.0443371757	-0.0897755126	0.0952732658	0.0417690878	-0.0352964171	0.0020030334	-0.0302840231	-0.0539040525	0.0441886998	-0.0125345567	-0.0107258236	0.0564968124	-0.0079243377	-0.0471348622	0.0587568961	-0.0053222867	-0.0537869482	-0.0264755908	0.0154884086	0.1299903043	0.012319822	-0.0451891575	-0.047760283	0.0802874274	0.0692502492	0.1053715069	0.0494890866	-0.1612539713	0.0691654464	0.0614014184	0.0090110103	0.0823295678	-0.0224002428	-0.0151342629	0.0583547105	0.0365681905	0.0678391754	0.0588925636	-0.0786887493	0.0565371306	-0.0241169128	-0.0126835575	0.0471803671	-0.0731080069	0.0	0.0333278	0.0031106999999999	0.0011107422528399	9.676454489999983e-06	0.0590645	-0.0642195	0.00412414418025	0.00348861516025	-0.0191112	-0.0120638499999999	0.0001455364768224	0.0003652379654399	0.00420597	0.0004211099999999	1.7733363209999976e-07	1.7690183640899997e-05	0.00166624	-0.00045795	2.0971820250000012e-07	2.7763557376e-06	-0.000361635	0.00027392	1.30779873225e-07	7.503216639999999e-08	0.0	0.0	0.0	0.0	0.0	0.0	0.0	0.0	0.0	0.0	0.0	0.0	0.0	0.0	0.0	0.0	0.0
6282.497867083355	7.196812052630776	51.7941037208916	39469779.44990691	6370.65033828431	7.886197690610061	40585185.732682	62.19211401538346	4271.228897229419	0.0792451067190995	0.0062797869389214	18243396.29252764	4333.411730453343	7963.055109251444	1.136122	25.206867	0.17937665	0.0932432	-0.0272989843	-0.0398429508	0.0273362366	-0.0138975592	-0.0693925637	-0.051919613	0.0220280188	0.0394428288	0.0564965575	-0.0060706538	-0.0207557348	-0.0263362026	-0.0465877209	0.112193973	0.0272933837	-0.0312270924	0.0629818927	0.0923280284	-0.0143468107	0.056326742	-0.0580205979	0.0488072011	-0.0235095291	-0.0785703963	-0.054300559	0.0099300505	0.1179822599	-0.0202066224	0.1290601176	0.0147032406	0.0371841604	-0.0026740268	-0.0632522193	0.0375109593	-0.1189283256	-0.0372318022	0.0351030242	-0.0646337007	0.0396264887	0.0722638488	-0.0626243265	-0.0176083955	0.0127507476	0.0722183354	0.0229602853	-0.0056159204	-0.0283402795	-0.0830450867	0.0371611986	0.0492754943	-0.0270238752	-0.0362381287	0.0915498421	-0.0981402295	-0.0691631473	-0.0105479949	-0.0153359718	-0.1186977513	-0.0677134909	-0.0722218237	-0.0078665271	0.0236974755	-0.0398195783	0.0173098304	0.0322400832	0.0809993789	-0.0174236462	-0.0013503099	0.0176250554	0.1460419094	0.1103964541	-0.0836539082	0.0285775789	0.0482609911	0.1049378967	0.0313477906	0.0884186976	-0.0311318728	-0.0553560888	-0.0754021023	0.047760778	-0.0447392066	0.0118893163	0.0473680776	0.1380581033	0.0331373324	-0.0503332157	0.0640584227	0.1144334435	0.0310924205	0.0607690898	0.0068103442	0.0795354514	-0.0301800014	-0.0239241935	-0.0331594512	0.0077450065	-0.1933372656	-0.063063684	-0.0437335407	-0.0092962096	0.0198453202	-0.0790392127	-0.0984858527	0.0385539923	0.0123611682	0.0250314202	0.0638885683	0.0537799262	0.0122688802	-0.0264399855	0.0979779119	0.085144506	0.0573067901	-0.0507653845	0.0360042912	0.042767939	0.036565101	-0.1008573423	0.0565866206	-0.0533641523	-0.0710511558	-0.0305883476	-0.0052000094	-0.0007689228	-0.0350949164	-0.0962430073	0.0414941055	-0.0325448956	-0.0424746367	0.0316922801	-0.0176990578	-0.0470363602	0.1009180872	0.0177206093	-0.0531055185	-0.0043215277	-0.0803881323	0.0308662653	-0.0184992641	0.0635705218	-0.0463673145	-0.1118982066	-0.0640949704	0.0173994467	0.016288389	-0.0058308653	-0.0138107818	-0.0056755682	-0.1719376348	0.0788616214	-0.1142177792	-0.0676030174	0.0770011988	0.0428154644	-0.0147832255	0.0433897134	-0.0830849368	0.0056988133	0.0715135167	0.0983182456	-0.0125268617	-0.0608177162	-0.0503731521	-0.0177499669	0.0811949599	0.1057485349	0.0410102206	-0.0256618654	-0.0301565187	0.0609542918	-0.1161967065	-0.1412738149	-0.032769557	-0.0501944952	0.0831495054	-0.0570152197	-0.0702996845	-0.0218305771	0.0188793081	-0.0068079989	0.0103474953	-0.0161639715	0.0647566281	-0.0751165999	0.0886175471	0.016150279	-0.0943806188	-0.0426196606	-0.0784308031	0.1070767744	-0.0644994025	-0.0118513069	0.0433799576	-0.0549825036	0.0821546521	-0.0404562371	-0.0735242356	0.0162955888	0.0755158495	0.0395285132	-0.0026216133	-0.0952852417	-0.0612274164	0.0102795381	-0.079107322	0.0580634226	-0.0270353323	-0.0086415699	0.0428325265	-0.0696582933	0.0	0.0294187	-0.0039090999999999	0.0008654599096899	1.528106280999999e-05	0.112887	0.0538225	0.00289686150625	0.012743474769	0.0104552	0.0295664	0.0008741720089599	0.00010931120704	0.00303738	-0.0011685899999999	1.3656025880999994e-06	9.2256772644e-06	0.00212419	0.00045795	2.0971820250000012e-07	4.512183156100001e-06	-0.000576668	-0.000215033	3.32545982224e-07	4.6239191089e-08	0.0	0.0	0.0	0.0	0.0	0.0	0.0	0.0	0.0	0.0	0.0	0.0	0.0	0.0	0.0	0.0	0.0
6280.970021440909	-1.527845642446664	2.3343123071432594	39450584.410239406	6385.526960758742	14.876622474431317	40774954.56657677	221.3138962467549	4271.210191685796	-0.0187055436226728	0.0003498973622197	18243236.501560617	4335.079134331861	8013.369596676235	1.018169	22.589886	0.16234425	0.0884357	-0.0509538034	-0.0370223955	0.0798484674	0.0557641575	-0.0327203074	0.0520475268	0.0054143768	-0.0744107119	-0.0047059561	-0.0346588011	0.090803039	0.0076444048	0.0316921519	0.0801768324	0.0718534947	-0.0490764014	0.087520106	8.21994e-05	-0.0833003445	-0.0552831292	0.0326153174	-0.1095136034	0.0379858377	-0.010378661	-0.0159880429	-0.0298011337	-0.0107840085	0.0521031722	-0.0303700988	-0.0252170331	0.0509021185	0.0796389418	-0.0555370925	0.0258269155	-0.192821577	0.0456844621	-0.0897801166	-0.0265044228	-0.0476821497	0.0097920739	0.076614371	-0.0160503743	-0.0035350981	-0.0967359853	-0.0425797372	0.0165249576	-0.0859155854	-0.128760713	0.0855235351	-0.0138914146	0.067275413	-0.0092055036	0.0568765486	-0.0083879683	-0.0219979378	0.0036427843	0.1032541559	0.0459862196	0.104545876	-0.0416722224	0.0861916017	-0.0774074739	0.0343223737	-0.0058020679	0.0058073206	-0.0418420167	-0.0823133925	0.0630720749	0.0727246218	0.1618263958	0.0819414678	-0.0030984406	-0.1076357435	0.0258145716	-0.0757465007	0.0329338884	0.0209844804	-0.0212751927	0.0273629799	0.0223360365	-0.0167148681	0.0067721384	-0.053225134	-0.0767395446	0.0301229958	0.021244403	0.0385549857	0.0236736075	-0.0483949994	0.021073742	0.0826875767	-0.0491156854	-0.0255774434	-0.0195491391	-0.0438261511	0.0451254586	-0.0093321872	-0.0203347744	0.0182307572	0.0188615148	-0.0724445753	0.0077528551	-0.1063502732	0.0362020057	0.0168087779	0.0384413811	-0.0691267782	-0.0025611579	-0.1068877408	0.005948769	-0.0214682136	0.0190708685	-0.0137125137	-0.0651263362	-0.062001835	0.0055387925	-0.0502644652	0.0209004578	-0.0561349364	0.0009383842	-0.0769707997	-0.0523151583	-0.0218703814	-0.029889048	-0.0445343773	0.0769097464	-0.1656750458	-0.0310182265	0.0478722249	-0.04794974	0.0487061706	-0.0644683683	0.0481504042	-0.0268074759	-0.0603988002	-0.0630969925	-0.0165143139	0.0425407979	-0.0379224238	-0.0175181502	-0.046808367	-0.1161360523	-0.0372149637	-0.0319781762	-0.0337841323	-0.0031832045	-0.0588733368	-0.0028341647	0.1193400729	-0.0293380894	-0.032154488	0.0984723136	0.0001288957	0.0499275388	-0.0023021046	0.0335448433	0.1524111337	0.0474101483	-0.0754138562	-0.0390016889	-0.0057040344	0.1030092537	-0.0522755304	0.0516991128	0.1414523043	-0.0192588185	0.0129856883	0.0406072105	-0.0244996102	-0.0717961541	-0.0200895889	-0.0547268821	-0.0177560932	-0.1259229897	-0.0188151503	0.0680717161	0.0166446868	0.0124544487	0.0002304953	-0.047965881	-0.003427415	0.0308902867	-0.0516586466	-0.006880809	-0.0039938974	0.0464261632	0.1162607439	0.0374824988	0.0910469673	-0.0257322973	0.1107447303	-0.0259793817	0.0184686769	-0.0264492509	-0.0950971024	0.0357190737	-0.0061680793	0.0002398659	-0.0537857054	0.0919804432	-0.0268115938	0.101981426	-0.0163438377	-0.0091402525	0.038024415	-0.0795149427	0.0595575618	-0.0299200691	-0.0045804437	0.0383364799	-0.0658615456	0.0	0.033333	0.0039143	0.001111088889	1.5321744490000018e-05	0.0624053	-0.0504817	0.00254840203489	0.00389442146809	-0.0215402	-0.0319954	0.00102370562116	0.00046398021604	0.00416681	0.0011294299999999	1.2756121248999997e-06	1.73623055761e-05	0.0018747	-0.00024949	6.22452601000001e-08	3.51450009e-06	-0.000436531	0.000140137	1.90559313961e-07	1.9638378769000012e-08	0.0	0.0	0.0	0.0	0.0	0.0	0.0	0.0	0.0	0.0	0.0	0.0	0.0	0.0	0.0	0.0	0.0
6280.566232085928	-0.4037893549802902	0.1630458431953988	39445512.19561803	6358.665758790454	-26.861201968287787	40432630.23201418	721.5241711811477	4269.381292932421	-1.8288987533751424	3.34487065009715	18227616.624441314	4335.521658221494	8028.236950041314	1.0545	23.395948	0.1855884	0.096212	-0.0500792308	-0.0349722987	-0.0075742085	0.005907677	0.0610906237	0.0408778966	-0.0481455302	-0.0245551727	0.0341060183	0.0220174797	-0.0028917208	-0.0740608045	-0.0139276324	0.1400429065	0.0123462109	-0.0467114203	0.0204712837	0.0308122864	0.0376791429	-0.1167879689	-0.0283334399	-0.0007426444	-0.0714332273	-0.0569247356	-0.0021288784	-0.0306109996	-0.1031684513	0.0690416025	-0.0150636855	0.045502305	-0.0689074079	-0.0237044423	-0.0495119368	0.075673934	0.0418778763	-0.077023709	0.0116289514	-0.092891217	-0.060643338	0.0288065497	-0.0265059564	-0.1012571947	-0.0157009814	-0.120661454	-0.1226044066	-0.0477153993	-0.1960707635	0.0929726669	-0.0891521616	-0.0429286271	-0.0731050606	0.0091024502	-0.0605972807	-0.0167561299	0.0197047105	-0.1042029592	0.038124743	-0.0163826099	-0.0462746191	-0.0654607	0.0921407165	-0.0365275304	-0.0392686709	0.040741641	0.0124275892	0.0619268649	0.0091916609	0.0066990433	-0.0115286582	0.0049348022	-0.0307201812	-0.0213580208	-0.021040903	-0.0270095452	-0.0240802844	-0.0018213777	-0.0173727148	-0.0119089882	-0.0162816457	0.0609985222	-0.0607111486	-0.0484605447	-0.1151538243	0.0448130179	-0.0277250989	-0.0160301266	-0.020052949	-0.0515484831	-0.0143297259	0.0099620608	0.0071265075	-0.0067108595	0.0755889129	-0.0338285896	0.1695137147	-0.0001399772	-0.055947067	-0.0476971385	-0.1302991333	0.0207456528	-0.1043695544	-0.0265777627	-0.0029991634	-0.0226509848	-0.0717463008	0.0707576102	-0.0613101958	0.0190750435	0.0550211262	0.0532649163	-0.0507385604	-0.0119480634	-0.0698468621	-0.0235087221	-0.0918210024	-0.0402063669	0.0203816998	-0.0122304174	-0.0194607101	0.0674749579	0.0749496076	0.0240013401	-0.0083194186	-0.0946899941	-0.0685684564	-0.0941672899	0.0430017956	0.0936839632	0.0430335453	0.0126106048	0.0175646131	0.1084136497	0.1136726321	0.0176024795	0.0111448544	-0.0165253317	0.221351665	0.0162624856	-0.0162649838	-0.0970311281	0.0970206017	0.0131896539	-0.0002418499	0.0014813091	-0.031901751	-0.0576266032	0.0181923512	-0.0025428285	-0.0463571655	0.0069893241	-0.0365582545	-0.0099747295	0.0012627555	0.0529082974	0.0388196288	0.0340802215	0.0482571	0.0281463027	-0.1036022441	-0.0436571817	0.0352717069	-0.0253366739	0.0833288629	0.0526038335	0.0170371991	-0.0039602113	-0.0502642713	0.1322985428	-0.009751419	0.0237835349	-0.0141021104	-0.0096145593	0.0260309432	0.070604494	-0.0902757903	-0.0052929692	-0.0746540279	-0.0188905522	-0.0132885932	0.1591354577	0.0042928671	0.0204404548	0.0406102784	0.0424646123	-0.0589279333	0.0682785505	0.0562223781	0.0320116647	-0.1092928238	-0.0358059609	0.0862232263	0.0134102149	-0.0251378015	0.0095340038	-0.0517373619	0.1184096264	-0.0068367319	-0.0275000437	0.0786312962	0.054644653	-0.0755711791	0.084991569	-0.0706866042	0.0029455878	-0.0027202126	-0.0799115551	0.0610187207	-0.0327675292	-0.0005091731	0.0337077843	-0.061736679	0.0	0.0253697	-0.0079633	0.0006436216780899	6.341414689000005e-05	0.106315	0.0439097	0.00192806175409	0.011302879225	0.0441811	0.0657213	0.00431928927369	0.00195196959721	0.00329643	-0.00087038	7.575613444e-07	1.08664507449e-05	0.00212419	0.00024949	6.22452601000001e-08	4.512183156100001e-06	-0.000676543	-0.000240012	4.5771043084900003e-07	5.760576014400004e-08	0.0	0.0	0.0	0.0	0.0	0.0	0.0	0.0	0.0	0.0	0.0	0.0	0.0	0.0	0.0	0.0	0.0
6264.551498239754	-16.01473384617384	256.47170016378595	39244605.47409795	6362.266585216903	3.6008264264492027	40478436.10136755	12.965950953414936	4266.166638252865	-3.214654679556588	10.33400470879507	18200177.785341747	4331.575989080633	7883.976501817541	1.171177	25.984634	0.11183844	0.0629528	0.0095020092	-0.04380156	0.0958522758	0.0230505453	-0.014616115	-0.0462308611	0.0412512091	0.0214439584	0.0438894502	-0.1053459865	-0.0045277876	-0.0407604487	-0.0746022128	0.0984645692	0.0880711905	0.0015473098	0.0384567092	-0.0141843145	-0.004342093	0.1134564858	0.0113094255	0.0098651056	-0.0042975285	-0.1227309465	-0.0880142555	-0.0397751303	-0.0232189512	-0.0289071379	0.0898103829	0.0317671656	-0.0603793577	0.0018526957	0.056120283	0.0255261549	0.04424676	-0.0910141897	-0.0323585265	-0.0769898532	0.0798641789	0.0299397804	-0.005975658	-0.0064823867	-0.0522050343	-0.0472988953	0.0050558515	0.0308894448	0.0500016928	-0.0178395304	-0.0419689319	0.0984038867	-0.060867787	-0.0041653075	0.1190309516	-0.0730437573	0.0125566811	-0.0112567168	0.034370342	0.0875904685	0.0516945043	0.0215848925	0.0505754748	0.0035543756	0.0055717515	0.0026493527	-0.1283329655	0.0492918223	-0.0072268249	0.1218678144	-0.0128344647	0.0410697595	0.014333541	0.0627509041	-0.0387720094	-0.001406949	-0.033047232	0.0461205682	-0.0046606934	0.0323191768	-0.0590515071	0.0193394513	-0.1339159558	-0.0071756102	0.0319209118	0.0110507369	0.0177013347	0.0817440888	-0.0542587514	-0.1089720287	0.0146356716	0.0306845348	0.0371833539	0.035131017	0.0485270906	-0.0477495275	-0.0946162099	0.0141000132	0.0083948487	-0.0870382922	0.0540958037	-0.0479072461	-0.0041838981	0.0207565847	-0.0378830923	0.0022758517	0.0078500778	-0.0592631844	0.0979564497	0.0270899614	-0.0187635836	0.0804827616	-0.0998997176	0.0623084057	0.0305653476	0.0702215788	-0.0463138363	0.0507435756	0.0356534488	-0.0246213646	-0.0009749863	0.0410449734	-0.0558893371	0.0133098961	0.0751684901	-0.0108485952	-0.0119573766	-0.0345362331	0.0439733794	0.1241329088	-0.0519622374	0.0306362831	0.0125818836	0.0219945355	-0.0609821628	-0.085435395	0.0219759856	0.0097896569	-0.0110246693	0.0079516841	0.0131826665	-0.1094656702	0.0300323519	0.0560578155	-0.1128639919	-0.0168619394	0.01114243	0.0322922485	0.0517086743	0.0842080656	0.0773711029	0.0962824923	0.00559555	0.0567179299	-0.0462331689	0.0337411641	0.1069041856	-0.0646243333	0.0645873003	0.0322143975	-0.0484159649	-0.0887389563	-0.031584042	0.0077991614	0.0293178539	-0.0378576098	0.0550206365	0.016335485	-0.0877354213	-0.0615579612	0.063058624	-0.0471251942	-0.0699854323	-0.0581924953	-0.0652581346	-0.046976376	-0.0015145427	-0.0406210477	-0.0161223813	-0.0665067099	0.0835271092	-0.1356856131	0.0318909841	-0.0271366014	-0.0770708636	0.0324198142	-0.0389567904	0.0388347619	0.0851993853	-0.1031617894	0.0150074425	-0.0024463385	0.0923522698	-0.0454286795	-0.0736042488	-0.0868913794	0.0308409376	0.0495952225	-0.0802883703	-0.0266441171	-0.0084586735	0.0231001516	0.0358621803	-0.0382430148	-0.1116712792	-0.0537419035	0.0475752832	-0.0802971043	0.0624460902	-0.035574165	0.0035632251	0.0289624554	-0.0573042433	0.0	0.0186175	-0.0067522	0.0003466113062499	4.559220484e-05	0.0775778	-0.0287372	0.00082582666384	0.00601831505284	0.00613811	-0.03804299	0.0014472690881401	3.76763943721e-05	0.00399396	0.00069753	4.865481009000007e-07	1.5951716481600002e-05	0.00212419	0.0	0.0	4.512183156100001e-06	-0.000607952	6.859100000000001e-05	3.696056343040001e-07	4.704725281000001e-09	0.0	0.0	0.0	0.0	0.0	0.0	0.0	0.0	0.0	0.0	0.0	0.0	0.0	0.0	0.0	0.0	0.0
6259.450856503431	-5.100641736323269	26.016546122322847	39180725.024981536	6355.154910008792	-7.111675208110682	40387993.93020886	50.57592426565612	4263.38061123207	-2.7860270207947906	7.761946560598696	18176414.23622954	4331.276024501764	7919.615931332256	1.208941	26.822483	0.06313889	0.0402715	-0.0340187787	0.0269465042	-0.0208528371	0.0330998713	0.0448609518	-0.0125737064	0.0481184613	-0.0462835749	0.0082210016	0.0148514024	0.0797831539	0.0315322565	-0.0247648017	-0.0066652916	0.0276778317	-0.0036026537	-0.0169440877	-0.0038869548	-0.0608614311	-0.0577864794	-0.0469938563	-0.0189847742	0.0109336479	-0.0135510483	0.0220215258	-0.0023703099	0.0065199597	-0.0397157256	-0.04040872	0.0047684105	0.0599843793	0.1671685573	0.0563005606	0.0517639287	-0.0430357783	-0.0596726919	0.016383751	0.055258702	0.0580126375	0.0677135071	-0.1048966952	0.088298255	-0.0805870382	0.0931430411	-0.0486499607	-0.1226504704	-0.0871850166	-0.0282198051	-0.0845166502	-0.0428357563	0.116987199	0.0263291249	0.059403778	-0.0330209617	0.0429535774	-0.0793468746	0.0556120528	0.0132119819	-0.0298464838	-0.0064146953	-0.0087271865	-0.0268069843	-0.0684440837	0.0047508316	-0.0494556154	-0.0864374214	-0.0545815816	-0.0357590726	-0.0737837647	0.0746929465	0.0178765897	-0.029356115	0.1019282909	-0.0784456445	0.102855655	0.0245614427	-0.0609968328	-0.0034270063	0.1239061711	0.0099013762	0.1205256659	0.0487389419	-0.0224480482	-0.0682151613	-0.0788804179	0.1006441742	-0.089932438	-0.0161055951	0.0094229972	0.0407646699	-0.0135512871	-0.0126646574	-0.0231585224	-0.0031448367	-0.0092680714	0.0528802314	-0.0826479099	-0.0941221236	-0.0141108578	0.0040419978	0.129630993	-0.01431675	0.0150243204	0.0435172482	0.0294018557	0.0808640947	-0.0215480236	0.0045971059	-0.0101491179	0.0390263996	-0.0018435727	-0.0015641551	-0.0155843255	-0.0348152329	0.0591007322	0.034272943	-0.0116260244	-0.0360694454	-0.1689279353	-0.0415431671	-0.0372849076	-0.0678215626	0.1277005061	0.0843004099	0.0283522531	0.0403627026	-0.0754689342	0.0243300835	-0.0606850671	0.0417825071	0.0323864429	0.0972352481	-0.0610315455	0.0101720369	0.0878608396	-0.1074453013	0.0457923825	-0.0302105412	-0.0363415123	0.0162067732	0.0328275058	-0.069962036	0.0396577773	-0.0115634284	0.0337928657	-0.0879187168	-0.0610289461	-0.0845832888	-0.0384702233	0.1045368351	-0.0271421088	-0.0769037017	-0.0536753531	0.0471104475	-0.0908581478	-0.0531784058	0.0380149366	-0.0196278643	0.0239848763	0.0369304224	0.0353770749	-0.0734218136	0.0059897584	-0.0035752186	0.0578062567	0.0368596231	-0.0584217959	0.0453900703	0.003886631	-0.0004682747	0.1618746808	0.0863269862	-0.029043422	0.0883639951	0.0152297646	0.0374623016	0.0526687102	-0.0069467385	0.0827310864	-0.0915338304	0.1068806701	0.0354632664	0.0622736308	0.0091870024	-0.0659577637	0.0181804815	0.0776592278	0.0601737614	0.0344960891	-0.0775439884	0.0738485956	-0.002601744	0.1250052111	-0.086333181	0.0178640238	-0.0395897144	0.0416573542	-0.0047622217	-0.0220317035	0.1132396728	0.0320273077	0.0330163236	0.0022083582	0.0127767386	0.045188092	-0.0806715369	0.0638388799	-0.0383364799	0.0076277318	0.0241169128	-0.0525863208	0.0	0.0301552	0.0115377	0.00090933608704	0.00013311852129	0.0783255999999999	0.0007477999999998	5.592048399998441e-07	0.0061348996153599	0.0411947	0.03505659	0.0012289645024281	0.00169700330809	0.00373565	-0.00025831	6.672405610000015e-08	1.39550809225e-05	0.00212419	0.0	0.0	4.512183156100001e-06	-0.000550326	5.762600000000008e-05	3.02858706276e-07	3.3207558760000084e-09	0.0	0.0	0.0	0.0	0.0	0.0	0.0	0.0	0.0	0.0	0.0	0.0	0.0	0.0	0.0	0.0	0.0
6270.497045668233	11.046189164801945	122.01829506458787	39319133.19973404	6356.319898382551	1.1649883737591151	40402802.65057397	1.3571979109939083	4266.725907122503	3.3452958904326806	11.19100459454578	18204949.966510344	4332.441796608342	7761.139357536668	1.255359	27.852358	0.05608285	0.030743	0.0419294046	-0.0152548454	0.0800103539	-0.0234404564	0.0087240897	0.0240634751	-0.0284965439	0.0535512557	-0.053736879	-0.004431573	-0.0383855715	-0.0761413765	0.0255051651	-0.0746862348	0.0461216253	0.0141217249	0.0352694137	0.0229620415	0.0953739792	0.0194560424	0.0826753332	0.0814471059	-0.0766156289	-0.0451900249	-0.0251700928	-0.037229052	0.0193199865	0.0955956829	-0.0612387627	0.0450260577	0.0824304583	0.0246714483	0.0633463384	0.0449569288	0.1121024822	-0.0100626692	-0.0311090474	-0.0415022917	-0.0060173643	-0.0569630095	0.0414480434	-0.0176920288	0.1038190999	-0.091865989	0.0008190858	0.0067900177	-0.1466703103	0.0889383792	-0.0254667336	-0.0708585733	-0.007931356	0.0565343283	-0.0331446902	0.0375269964	0.1012365879	0.0976969555	0.0150409366	-0.0481322611	-0.0186292474	0.0079394062	0.1363831433	-0.0657234295	0.026195478	0.0025843355	-0.0427377905	0.0307937897	-0.0365252083	-0.0245925582	-0.0036953642	-0.0515865118	0.1102006286	0.0401320198	0.1025429211	-0.083037813	0.0741245319	0.0182833878	-0.0097702032	-0.0443472752	-0.1109085939	0.0125358756	-0.0487378356	0.0196825257	-0.0886136363	0.0265756934	0.0236671757	0.0363502646	0.0300204803	0.0144848781	0.0359092377	0.0002760457	-0.039603623	-0.0461718511	-0.0591255594	-0.0252321185	-0.0697024902	0.0759417514	0.0565157061	-0.0468372465	0.079325366	0.0771309842	-0.0484753291	0.0142270096	-0.0070639117	-0.0203142239	-0.0676285566	-0.1073251913	-0.0243911797	0.0387708691	0.0849303547	0.011704051	-0.0080217236	0.1029731026	-0.0778867857	-0.0565996824	-0.0106103632	-0.0581894583	0.0021966941	-0.08432055	-0.0243194116	0.0147634093	0.0532983593	0.122336741	0.0436402962	-0.0418235702	-0.0907866171	-0.0644249043	0.0527589449	0.0037528931	0.0484684384	0.0108447713	-0.0483237349	-0.0113588153	0.1168727831	0.0048987293	0.0308893455	-0.0292191218	0.0546850231	0.0712165808	0.0058219124	0.0464526917	-0.0257855235	-0.0261459556	0.0228971561	0.0840110536	-0.1139794508	0.0584445455	0.0966154802	-0.1422349747	0.0149513426	-0.050587869	-0.131765088	-0.0226235667	0.0616706724	0.0250220069	0.0192824972	-0.0475789968	0.0811778269	0.0466140029	0.0388678474	0.0606453609	-0.0908345969	0.0549395948	0.0310764476	-0.0017191972	0.005823415	0.0976298565	-0.0937676019	0.0558876593	-0.1175457155	-0.1275723227	-0.0382714684	0.0203469634	-0.0365482125	0.0192814528	-0.0690636216	0.1092233827	0.0198387646	0.0442648652	-0.0258534562	-0.0562099604	0.0250754077	-0.0425247591	-0.067394991	0.0648722438	-0.0459121908	0.0235323951	0.0707260987	-0.0183516403	-0.1469843859	-0.0883713914	-0.0271759024	0.0040163821	0.0131170028	-0.0178572739	0.0629580561	0.0509832445	-0.118234489	0.0012757277	-0.0172061709	-0.0065104446	-0.059069886	0.0228733948	-0.0558383087	0.0383736345	-0.0197174422	-0.0810348011	0.0651963186	-0.0410510323	0.0116753453	0.0191879226	-0.0476064159	0.0	0.0271619	-0.0029933	0.00073776881161	8.959844890000005e-06	0.100261	0.0219354000000001	0.00048116177316	0.010052268121	0.0227407	-0.018454	0.000340550116	0.00051713943649	0.00354044	-0.0001952099999999	3.8106944099999976e-08	1.2534715393600002e-05	0.00212419	0.0	0.0	4.512183156100001e-06	-0.000609119	-5.879300000000002e-05	3.71025956161e-07	3.456616849000002e-09	0.0	0.0	0.0	0.0	0.0	0.0	0.0	0.0	0.0	0.0	0.0	0.0	0.0	0.0	0.0	0.0	0.0
6275.145582219964	4.648536551731013	21.608892072779252	39377452.07805473	6354.758362859742	-1.5615355228092085	40382953.85033583	2.438393188995028	4263.816768458632	-2.9091386638701806	8.46308776562438	18180133.434989017	4329.355078199072	7982.211560028893	1.232572	27.346788	0.07857595	0.0495866	-0.0431753123	0.0027523481	-0.0249755423	-0.0568771892	-0.0489841632	-0.0135654966	0.0238703928	0.0270639029	0.0229771994	0.0048993147	0.0743120125	-0.0001917642	-0.0271128063	0.0140786167	0.0732374779	-0.0098517723	-0.0004753779	0.0966149998	-0.0462564046	0.0387250121	0.0113019599	-0.0397420252	0.0129181892	-0.0839119286	-0.0521982451	0.0159048726	-0.050912896	-0.0795588467	0.0113268083	-0.0858629143	0.1026600558	0.0494197765	0.0280962607	-0.0590818107	0.0585776368	-0.0394332801	-0.0050267022	-0.0266506362	-0.0493180769	0.0087157657	-0.0932568793	-0.0486110109	0.0296324994	0.069276009	-0.0296141992	-0.1176664621	-0.0159347197	-0.0398639048	-0.1132787766	0.031066453	-0.0579214952	0.0181802909	0.0686842818	-0.0337226332	0.028084961	0.0136174164	-0.1224689766	0.0981372685	0.077583538	-0.0241520995	0.0715279986	-0.0083663192	0.1443414524	-0.0274484789	0.0581882157	-0.0376167868	0.0438332767	0.0689311822	0.0057594961	-0.0600896574	-0.032654933	0.1805097961	0.0240414997	-0.0583686313	-0.0554667929	-0.1017954995	-0.0114337711	0.1139520119	0.0352776584	-0.0221772023	-0.0176935056	0.0188570685	-0.051883422	0.0635688202	0.0896806061	-0.1148941541	0.052423494	0.0420551478	-0.0311597925	-0.1839481394	-0.028456183	0.0056831766	-0.016259251	-0.0641746431	-0.0405954518	-0.0262546152	-0.0981499332	-0.0586852978	0.0163652516	0.0339839677	0.066596696	-0.0109814635	-0.0203774641	-0.083251614	0.0719388437	-0.0019001638	-0.001535881	0.0329795607	-0.0599022208	0.0225311138	-0.0559926059	0.051666925	0.0356261918	0.0248199664	-0.0488242978	0.0123546907	-0.0511993204	-0.061070877	-0.020551735	-0.0483362759	0.0466814011	0.0214507675	-0.1001149921	0.0818994767	-0.0087609311	-0.0658401839	-0.0541161415	0.0030557747	-0.0084375553	0.0874903497	0.0341173965	0.0293956114	0.0458405276	0.0200178188	0.142983372	-0.0936667098	0.0431492726	0.1486082006	0.1253227775	-0.049286013	-0.0422008295	0.0157826343	-0.0583570721	0.0147397812	0.136840349	-0.0018390599	0.0448485005	0.0037733413	0.0465138024	0.1148381545	-0.0531450381	0.0506946957	-0.0195916301	-0.0679240343	-0.0204969637	0.1052032224	-0.0036963665	0.0690467273	-0.0382611921	-0.0067627853	-0.0725956589	0.0423550303	0.0461945647	-0.0460867609	0.013580592	-0.0886612846	-0.0391721074	-0.0289537962	0.0310042715	0.0777265512	0.0157210679	0.0411176073	-0.1567738935	-0.0893215498	0.0242541441	0.0146772583	-0.0913124483	-0.0180734794	0.0054798077	0.0232440734	-0.0644189486	0.0309500221	0.0306656724	-0.0155110075	-0.0263810959	0.0124397288	0.0764330543	-0.0996309565	0.0425067912	0.0157340482	0.0350384893	-0.0374592614	0.0929802978	-0.019016661	-0.0005912137	0.0132471966	-0.0180933888	0.0809972101	0.1123229158	0.0835650446	0.051061644	0.0184461769	-0.0229548342	0.0043287731	0.0595712911	-0.0813868465	0.0665176545	-0.0437144402	0.0156971013	0.0141925398	-0.0423893383	0.0	0.0176454	-0.0095165	0.00031136014116	9.056377225e-05	0.0612797	-0.0389813	0.00151954174969	0.00375520163209	0.0184517	-0.0042889999999999	1.839552099999998e-05	0.00034046523289	0.00403914	0.0004986999999999	2.4870169e-07	1.6314651939600002e-05	0.00212419	0.0	0.0	4.512183156100001e-06	-0.000592036	1.7082999999999985e-05	3.50506625296e-07	2.9182888899999947e-10	0.0	0.0	0.0	0.0	0.0	0.0	0.0	0.0	0.0	0.0	0.0	0.0	0.0	0.0	0.0	0.0	0.0
6278.19103206747	3.045449847505552	9.274764773671588	39415682.6351324	6388.799428825704	34.041065965961934	40816758.14176364	1158.794172098972	4265.179768854552	1.3630003959196983	1.8577700792772545	18191758.46064617	4329.272001529434	7879.159108790748	1.111035	24.650274	0.1225899	0.0683174	0.0230403562	-0.0461235273	0.0221175477	0.0990089388	-0.0283653901	-0.000598944	0.0052177724	-0.0536785651	-0.0660987573	0.1008013334	0.0222475982	-0.0449915624	0.0123205821	-0.0545809105	0.0408062123	0.0154892402	0.0377687063	-0.0335024164	-0.0730619963	-0.0581079479	0.0412990426	0.0929616623	-0.0838604815	0.0092119425	-0.0113598244	-0.0169921419	0.0668297389	0.0807857856	0.0049107579	-0.0608200267	-0.0622465869	0.0125512396	-0.0322189615	0.0229088516	-0.0103411948	0.0081803047	-0.0259322604	0.022923756	0.0787133763	-0.0968541575	0.0600920832	0.0312687733	-0.0071794148	-0.0238644154	-0.0402461047	-0.0508918404	-0.0164395527	0.0135939498	0.0315396391	0.0070450877	-0.0323244283	0.0865558389	0.0360398051	0.0024181309	0.0724291199	-0.039162097	-0.0531736324	-0.0263735909	-0.0026453867	-0.0386233084	-0.1184550682	-0.0303160658	0.059649904	0.0344493951	-0.0543049418	-0.0669101463	0.0124499003	-0.035645322	-0.0345132202	0.0033043799	0.0071497332	0.0095740459	0.0131214626	-0.1428359783	-0.0646111076	0.0946731428	-0.0111086294	0.054685419	0.0916567547	0.0367447571	0.0501690945	0.0034081679	-0.0315434418	0.0264575475	-0.0659317117	0.0204512086	-0.1066853549	0.0108416704	0.0217387643	-0.1298796002	-0.1400110857	0.0681286778	0.0486093611	-0.0267627653	0.0211027034	0.0708485431	0.0127427235	0.1225165251	-0.030863256	-0.0086312916	-0.0065823703	0.0489049737	-0.0408277889	0.0606340048	0.0358007338	0.0257953582	-0.0722298311	0.0315647185	0.0987497365	-0.0046819732	0.0192607225	0.0475047874	-0.0204507019	-0.0964384626	0.0207166729	0.0941740063	0.1051296125	0.0046679558	0.0148423235	0.0066331302	-0.0909071208	0.0075513788	0.0315999134	-0.0747290333	-0.0541326138	0.05495269	-0.0196722112	0.0508160051	0.0805031578	0.0068619826	0.0034683045	-0.0108670266	-0.0121088372	-0.0218167584	0.0177303611	0.0097866246	0.0088060816	-0.0274254536	0.0828103046	-0.0390235604	-0.0140326472	0.0062476001	0.0980518593	0.0126959116	0.0292226572	-0.0108636249	-0.0242757224	-0.033597837	-0.0549650823	0.0696147793	-0.0420694765	-0.0227854089	-0.0111504333	-0.0907404543	0.0244457883	0.0036343653	0.0553342063	-0.0207270771	0.0595786513	0.0545226623	0.0043412225	0.0254188391	0.0566419685	0.0092738188	0.0709460059	-0.075997853	0.0666799882	0.0203138238	0.1098862589	0.0172962301	0.0150316545	0.1386850566	0.044022537	0.0772493603	0.036668563	0.0123591321	0.0748851165	0.0381850766	0.0072766376	0.0749623227	-0.0322760787	-0.0368386862	-0.0236636189	0.0781408235	-0.054014034	0.0441550532	-0.0088608702	0.0684510047	0.0109018242	-0.0831294617	-0.106525018	-0.0404718831	0.0136360534	-0.0046433773	0.0942534759	0.0364555755	-0.0997608598	0.0264069572	0.0072421413	0.1078654043	0.00094873	-0.0059222782	-0.0077330154	-0.0141189559	-0.0234700097	-0.0817276244	0.067802156	-0.0463233854	0.0196840927	0.0091480491	-0.036961079	0.0	0.0203056	0.0026602	0.00041231739136	7.076664040000008e-06	0.105573	0.0442933	0.00196189642489	0.011145658329	0.0417067	0.0232549999999999	0.000540795025	0.00173944882489	0.0032455	-0.00079364	6.298644495999999e-07	1.0533270250000002e-05	0.00199009	-0.0001341	1.7982810000000075e-08	3.9604582081e-06	-0.000711924	-0.0001198879999999	5.06835781776e-07	1.4373132543999992e-08	0.0	0.0	0.0	0.0	0.0	0.0	0.0	0.0	0.0	0.0	0.0	0.0	0.0	0.0	0.0	0.0	0.0
6280.9407433211945	2.749711253724854	7.560911978861107	39450216.6211122	6366.586317013472	-22.21311181223245	40533421.33198317	493.422336382741	4270.7897425840365	5.609973729484409	31.47180524550521	18239645.02536102	4336.353925597552	7866.921184029312	1.079965	23.960926	0.2239569	0.119478	-0.0002019948	0.0006175487	0.0271890163	-0.0239120202	-0.0032559778	0.0979960922	-0.036903347	0.0205115582	-0.0221421827	-0.0415647667	-0.0072909345	0.0029222358	0.0316034442	0.0262483026	0.0185193138	-0.0486481938	0.0118356598	-0.0372138744	0.0529801511	0.00538713	0.0847412421	-0.0410894251	0.0497449859	0.0288926734	-0.0325816139	-0.0538222111	-0.0912517425	-0.076965949	0.017358482	-0.137913554	-0.078126125	0.0117965794	-0.0026938	-0.1054234257	-0.0414316782	-0.0057923486	-0.0059136764	-0.0537800289	-0.0064434181	0.1293944126	0.0100705274	0.0936588429	0.0388369226	0.1113878993	-0.0252544147	0.0399531784	-0.0545543824	0.0591922838	-0.0304877594	0.0573710297	0.0311211186	-0.0116491981	0.0572065131	-0.0601524102	-0.024427214	0.0569319186	-0.0599423211	-0.040965757	0.0234203799	0.0267200401	-0.0847089886	-0.1539480832	-0.1031710027	-0.1104155641	-0.0133071608	0.0040189673	0.0493986607	-0.0638842309	0.0313404884	0.056311091	-0.042583288	0.0042526044	0.0463576928	0.0083958547	0.0180994132	0.0073713278	-0.0303795395	0.0643153595	0.0574166727	0.03292942	0.0283974109	0.0158867614	-0.0490236099	0.1108533647	-8.8526e-05	-0.0152607693	0.0267915275	-0.0065222434	-0.0953620849	-0.0114826046	-0.0077466194	0.1181523767	0.0429688331	0.0081100607	-0.003087633	0.0122389346	0.116683373	0.0425946365	-0.0302200466	0.0091206189	0.026274246	-0.0438033638	-0.0191840863	0.0039703719	-0.0700845183	-0.0734950519	-0.0283814831	-0.0380562354	-0.0548550862	-0.0180306841	-0.0535653047	-0.052912171	-0.0486582917	0.0111609847	-0.0345057183	0.0830251144	-0.0544703925	0.0068429724	0.0729446029	0.0258252282	-0.0662838421	-0.0587680481	-0.0203126879	0.0810632946	-0.0169117724	-0.0010754518	-0.0369661702	0.0383062646	0.0427650138	-0.0112823576	-0.1293550055	-0.0101771037	-0.0853983439	-0.0241759521	0.0803062016	-0.0755814235	-0.1306376923	-0.0465838749	0.0986417968	0.0571245335	0.0157979059	0.0407279549	-0.0789161438	-0.0357914879	0.0362279725	-0.1022467563	-0.0258210305	-0.0780018928	0.0704608331	0.0437292543	0.0067531493	0.0381057627	0.112310452	0.0478733101	-0.0317096937	-0.010978858	-0.0670088493	-0.0403790996	-0.0189806795	-0.0299296717	0.0378753191	-0.1425221978	0.0259544818	-0.0009556862	0.0371640817	0.0165747352	0.0245643042	0.0410847064	-0.0437684829	-0.003712559	0.0358335102	0.0260117402	0.0173294624	0.0419811693	0.0998242989	-0.0363326789	0.0581947892	0.005232282	-0.1708598467	0.0312682835	-0.065355202	0.0062422068	-0.0553163293	-0.060402049	0.0069590844	-0.0033957999	0.0978948663	0.0319042532	-0.0707343838	0.057614269	0.0508332489	-0.0549018077	-0.0321562072	0.0457859486	-0.0209515505	-0.0002917109	-0.040905263	0.0596065982	0.0518437162	-0.0120405522	-0.0193435465	0.0072703823	0.0498880281	0.0069082275	0.04762648	-0.0820570877	0.0690491117	-0.0488746174	0.0236274896	0.0040719049	-0.0313486816	0.0	0.0333461	0.0130404999999999	0.0011119623852099	0.0001700546402499	0.0377114	-0.0678616	0.0046051967545599	0.0014221496899599	-0.0221246	-0.0638313	0.00407443485969	0.00048949792516	0.00448685	0.0012413499999999	1.540949822499999e-06	2.01318229225e-05	0.00184863	-0.0001414599999999	2.001093159999998e-08	3.4174328769e-06	-0.000510264	0.00020166	2.60369349696e-07	4.06667556e-08	0.0	0.0	0.0	0.0	0.0	0.0	0.0	0.0	0.0	0.0	0.0	0.0	0.0	0.0	0.0	0.0	0.0
6293.699093643738	12.758350322543263	162.77550295273983	39610648.28133201	6359.215956467849	-7.370360545623043	40439627.58099529	54.32221457247681	4265.892453553247	-4.89728903078958	23.98343985109194	18197838.42528254	4332.525396995174	8084.046052863128	1.228525	27.25701	0.1160734	0.064276	-0.0542695411	-0.014229537	-0.0962080253	-0.0856010611	-0.0921597364	-0.0014099928	0.0049455532	0.0054543171	0.0558886102	0.0909693626	-0.0267933162	-0.0206993419	0.0169862068	0.0096572149	-0.0470431249	-0.0089773763	-0.0073257545	0.0354724241	0.0078676737	0.0439166216	-0.1201368496	-0.0268194229	-0.0544838051	0.0521292078	-0.0507605747	-0.0778162846	0.056904289	-0.0455490792	0.0486906622	0.0055393078	0.0319858806	0.0469908744	-0.0200571675	-0.0454460466	0.0918348985	-0.0258812531	0.0757434253	0.0801134254	-0.0465580971	0.0374659445	0.0238908868	0.1091704217	-0.0039031812	0.044940533	0.0378648382	-0.0870265119	0.0862079747	-0.0291677246	-0.1077843285	0.0319176587	0.0485482849	0.0743828801	-0.1288810976	0.0086996172	0.0889874571	0.0313858144	-0.0607051871	0.0695745975	0.0176988974	0.0778328774	0.1075078157	0.049743634	0.0662490609	-0.0896810021	0.0439766606	0.0414223433	0.1250973228	-0.0577065672	-0.0840096446	-0.0189778506	-0.054691693	-0.0850869379	0.0246347476	-0.0194689809	0.0413374945	0.093747063	-0.0688069209	0.0999865129	-0.1361319208	-0.0786867316	0.0091756322	-0.0323047576	-0.0118618438	0.0217350453	0.0913139287	-0.024817667	-0.0895101166	-0.021973083	0.044710002	0.0551626228	0.0776020836	-0.0562252754	-0.0669621458	0.0826281039	0.07406796	0.0604092192	0.0644580407	-0.011336396	0.0775648757	0.0321830917	0.0272435661	-0.0117554137	-0.0031480058	-0.0879351236	0.0333639009	0.0693655019	0.047824595	-0.0465672467	0.0221374852	-0.0587303808	-0.0354063786	0.0395843354	0.0247349501	0.0569965347	0.0417254959	0.1404993628	0.0386947547	-0.0781737037	-0.0820025288	0.0118526551	0.0610967083	-0.0054507151	0.0514276043	0.030961874	0.1351194737	-0.0181332676	-0.042424392	-0.0504088978	0.0085180956	-0.090106119	0.0661568	0.0540039361	0.0508627276	0.057968363	0.0442149857	0.0591384249	-0.0730669963	0.0996418816	0.0256585982	0.0346948044	0.005350744	0.00484875	-0.0213317464	0.0807206261	0.0608458193	0.007732744	0.1103242276	0.0288595009	-0.0892259373	0.0207087939	-0.004496898	-0.0586699401	0.1138790911	-0.0203187577	-0.0006837049	0.0085371305	-0.1622167875	-0.039966029	-0.0338322706	0.0781057678	-0.1671662002	-0.0116775606	0.0537594973	0.1055036337	-0.0085505861	0.0487801945	-0.0741133016	-0.1155293207	-0.0074130906	0.00800359	0.0037336128	0.1022413092	-0.0257904848	0.0107999824	0.0621853826	-0.1301870303	-0.0473990429	-0.075135019	-0.0416647946	-0.0544042374	0.02229257	0.0413105528	0.0634261069	-0.0205818266	-0.0721208638	0.0577272354	0.0164447711	-0.0811450771	0.0181184913	-0.0204744047	-0.0037328683	0.0068378843	0.1644252493	0.0107320834	0.0320886934	-0.0411544936	0.0865562883	0.0646336507	0.0724822866	-0.0377965339	0.1109215997	-0.0179738326	0.0150250378	0.0499550307	0.0673759085	-0.0823751908	0.0702578312	-0.0513649577	0.0275185584	-0.0010183286	-0.0255801066	0.0	0.0333461	0.0	0.0011119623852099	0.0	0.0856476	0.0479362	0.00229787927044	0.00733551138576	0.0058733	0.0279979	0.0007838824044099	3.449565289e-05	0.0040078	-0.0004790499999999	2.2948890250000001e-07	1.6062460839999997e-05	0.00200894	0.0001603099999999	2.569929609999996e-08	4.0358399236e-06	-0.000346838	0.000163426	1.2029659824399997e-07	2.6708057476e-08	0.0	0.0	0.0	0.0	0.0	0.0	0.0	0.0	0.0	0.0	0.0	0.0	0.0	0.0	0.0	0.0	0.0
6290.307746623118	-3.3913470206198326	11.501234614267016	39567971.54722681	6399.52612313382	40.31016666597134	40953934.60067218	1624.9095366383867	4266.73678150153	0.8443279482826256	0.7128896842511481	18205042.76261803	4330.821022448494	7975.122422721844	1.28778	28.57168	0.13662625	0.0673061	0.021717104	-0.0822757595	0.0318077896	0.1052820965	-0.0271331024	-0.006664137	0.0038754896	-0.046482839	-0.0325764799	0.1084372564	-0.0366417073	-0.0631996048	-0.0069273155	0.0312107813	-0.0132195125	0.0396055016	0.0394496668	-0.0912030985	-0.0339635841	-0.0426436268	-0.0053554272	0.1211742669	-0.0992783149	0.0075190006	-0.0294647975	0.0089771281	0.121786357	0.1035050838	0.0184897831	0.0447408086	0.0209386892	0.0185648369	-0.044973	0.0152999657	0.0729836791	0.0823068948	-0.0149705354	-0.0513770389	-0.0597745243	-0.0428897916	0.0316697165	0.027809726	0.0346480995	-0.048879098	-0.0133298996	0.0290231397	0.0351822065	-0.0174770109	-0.0417125979	-0.0436806318	-0.0488161882	-0.0572504403	0.0241427254	0.0430897891	0.0640063739	0.1025445475	0.0117610827	0.0339353218	-0.0239265692	0.0028118787	-0.0827114328	-0.0591871812	-0.0749422553	0.0003795284	-0.1723784831	-0.0038381853	0.0493465611	-0.0108567359	-0.0301263147	-0.0169317659	-0.0853293608	-0.0182047683	-0.034702823	0.0973505505	-0.0275084614	-0.0426099255	-0.1036781084	-0.0080517657	0.1231271317	-0.0753810296	0.0349202629	-0.0284205709	-0.0910586336	-0.0475152995	0.0054408635	-0.0970667313	0.0587387968	-0.0201398088	0.0239038237	0.0007709134	0.1039917491	-0.0439779499	0.0978478104	-0.0236313969	-0.0213148759	0.0197752206	-0.0408054993	-0.0069246792	0.0122843011	0.027560509	-0.0013953608	0.0669811797	-0.024326231	0.1042331887	0.007608643	0.032734711	-0.0029512192	0.0214759555	0.1160434206	-0.0491909642	0.0236111033	0.0894678852	0.0003188716	-0.0510256768	-0.0072560083	0.0087553254	0.0876671896	-0.0113992102	-0.0351440749	0.0332835194	-0.0020304305	0.0316112193	-0.0278649855	-0.1208112512	-0.0197960027	-0.031262281	-0.0776618391	0.0371152207	0.0265372181	0.0442881183	-0.0276497187	-0.1245445343	0.0111055215	-0.0689815182	-0.0472404176	0.0567437399	-0.0215046729	-0.0853444749	-0.0368473611	0.0654703337	0.0550860218	0.1118054139	0.0480341155	-0.0653471117	-0.0424918988	0.0328578086	-0.0286701034	-0.0027930959	0.0444803715	0.1097151568	-0.0163547775	0.0431381895	0.1053801803	0.0245125265	0.0003746102	0.0689535313	-0.0754931526	0.0508760978	-0.0663697772	0.0300796441	0.0155645429	-0.0637255199	-0.0604788778	0.0243902742	-0.0701334082	-0.019171858	-0.0141208755	-0.0389361441	0.0610443436	0.0415110439	0.0262311548	0.1402304823	-0.0206125612	-0.0237138954	-0.0190001378	0.0979359324	-0.0580453664	-0.0149430533	-0.005402051	-0.013476013	-0.0284955737	-0.0505875632	-0.0422273334	0.1012894346	-0.0499604538	0.0834653871	0.0374199015	0.0728491107	0.0351904029	-0.0672719409	-0.0878371115	-0.0481720888	-0.0485556694	0.0327456288	0.0512698408	0.0369334264	-0.1118376256	0.0379113225	-0.0767188384	-0.0492537295	0.0989286862	-0.0447329965	0.0550580568	0.0475743308	-0.0147702702	-0.0826818895	0.0714276451	-0.0537913037	0.0313486816	-0.0061050386	-0.0196840927	0.0	0.0243378	-0.0090082999999999	0.00059232850884	8.114946888999994e-05	0.123729	0.0380814	0.00145019302596	0.015308865441	0.0388304	0.0329571	0.00108617044041	0.00150779996416	0.00331266	-0.0006951399999999	4.832196195999999e-07	1.09737162756e-05	0.00212419	0.00011525	1.3282562500000078e-08	4.512183156100001e-06	-0.000668037	-0.000321199	4.46273433369e-07	1.0316879760100003e-07	0.0	0.0	0.0	0.0	0.0	0.0	0.0	0.0	0.0	0.0	0.0	0.0	0.0	0.0	0.0	0.0	0.0
6278.497104414695	-11.810642208422903	139.49126937538068	39419525.89014371	6365.276349624677	-34.24977350914287	40516743.00709125	1173.0469854275846	4266.907048267494	0.1702667659646977	0.0289907715920771	18206495.75855482	4335.085832895816	7937.176710513966	1.044083	23.164827	0.17317028	0.0963283	0.0085194254	-0.033878736	0.0167146515	0.026629359	0.0501602158	0.0433681782	-0.0354718861	0.0231920218	-0.0026010084	-0.0812348007	-0.0143492873	-0.0468611667	0.0245719434	0.0707327506	0.0062948039	-0.018034935	-0.0092598583	-0.0276435069	0.0865458971	-0.0247982333	0.0347955725	-0.0116143743	-0.0330883477	-0.0957676491	0.0139201542	0.0541564394	-0.1031174315	-0.001093172	0.0706456453	0.0851092301	0.0096998778	0.050080769	-0.0340065793	-0.0401616684	-0.0156846584	-0.0228338373	-0.0734898224	-0.0425754497	-0.0191409332	-0.0403739364	-0.063892849	0.0243319319	0.008980893	-0.0046385813	-0.0961795669	-0.0224129366	0.1460863886	-0.1096322661	-0.0112584107	-0.136124858	0.0078865948	0.0059340064	0.0522650209	-0.0265783347	0.0962049725	0.0196105843	-0.0501463817	0.0199863744	0.0670039379	0.1372485332	-0.1072695721	-0.1271338231	0.0078883635	0.0136820451	0.0032408938	0.0102852072	-0.0158043927	0.1107295514	0.0493743024	-0.0173062843	0.1091342203	0.0104615161	0.062209546	-0.0214528099	0.006854703	0.0817942315	-0.0801382971	-0.0582862255	-0.0730833592	0.0365557027	-0.0754313902	-0.0120328898	-0.0996420741	-0.0559093739	-0.0234060249	0.0173250702	-0.0090822563	-0.0780336394	-0.0141752164	-0.0188828591	-0.0483479532	0.0009916667	0.0034572652	-0.0123963316	0.032527249	-0.0608050531	0.0542370497	0.0765399082	-0.0912900815	0.0555697032	-0.003958128	-0.0278958409	0.0244896037	0.0146229216	-0.0865210555	-0.0202862719	0.0050437339	0.0007070341	0.0223520612	0.1126255226	-0.0485565213	-0.0316932391	-0.0159963523	0.0561721275	-0.0353222382	-0.0409908437	-0.01610183	-0.0217725919	-0.0324368992	0.0152687838	-0.0499736793	0.0036540258	-0.0222971075	-0.0381385689	0.0698088715	-0.0457953609	-0.0942555326	0.0104247422	0.1005987078	0.1399242802	0.1381574968	0.0504155924	-0.0393434325	-0.0188833778	-0.0204031343	0.1424423373	-0.0357585056	-0.051875161	0.0502237336	-0.0020691146	-0.0415088355	0.009817283	0.0724872034	-0.1057055026	-0.0407924862	-0.0787167882	-0.0037119766	-0.0137055745	0.0440919479	0.1253623717	0.0051159178	0.0822063236	0.025131973	-0.0754635163	0.0459493604	-0.0913383873	0.0157928299	-0.1237099994	0.019418232	-0.0090444232	-0.056890976	-0.0202780949	0.0513162501	-0.026963323	-0.0128025611	0.0620398777	-0.1290923177	0.0508887729	-0.0321016349	-0.0614701797	0.0004596273	0.0914664527	0.0081773485	-0.1010933853	-0.0431076412	-0.0255219584	-0.0094039073	0.032302142	0.0576415802	0.0911218382	-0.0156077709	-0.0110795866	-0.0363902003	-0.0320376746	-0.0350683053	0.0341383138	0.0826492311	0.030134493	-0.0794426712	0.0388679158	0.0293297115	0.0100686367	-0.0346653812	-0.0347950785	0.0532338177	0.0008840477	-0.059468557	0.0494555128	0.0275904641	-0.060633912	0.0037366663	0.0183258957	0.0420779875	0.1235066379	0.0345940246	-0.0829771415	0.0725579056	-0.0561506324	0.0351093765	-0.0111706243	-0.0136900138	0.0	0.0202233	-0.0041145	0.00040898186289	1.692911025e-05	0.0685037	-0.0552253	0.00304983376009	0.00469275691369	-0.00992478	-0.04875518	0.0023770675768324	9.85012580484e-05	0.00436017	0.00104751	1.0972772001000004e-06	1.90110824289e-05	0.00190523	-0.00021896	4.7943481600000115e-08	3.6299013529e-06	-0.000633001	3.503600000000001e-05	4.00690266001e-07	1.2275212960000006e-09	0.0	0.0	0.0	0.0	0.0	0.0	0.0	0.0	0.0	0.0	0.0	0.0	0.0	0.0	0.0	0.0	0.0
6269.04597521105	-9.451129203644996	89.32384322399129	39300937.439309865	6357.255022619524	-8.02132700515267	40414691.42262117	64.34168692359151	4261.890617187808	-5.016431079686299	25.164580777242648	18163711.63287348	4330.577976249028	7970.6591575604	1.04439	23.171638	0.18438923	0.102655	-0.0033980944	-0.0133884144	-0.0265282757	0.0124756947	0.0046715209	-0.0820316233	0.0469263419	0.0286748583	0.0903868789	-0.0063787325	0.0318327984	-0.0027816522	0.0343644051	0.0259251583	0.0242768296	0.0372897729	-0.0065605713	0.0566480646	-0.0415514097	-0.0303932421	-0.0806041736	0.0347159394	-0.0572917684	-0.0798795786	0.0244893088	-0.0585771585	-0.0679188587	0.0466977388	-0.0118947557	0.0871487922	0.0783509761	-0.0454565842	-0.1528198963	0.0675671598	0.0302843031	0.0094376497	0.0541004802	-0.0160868482	0.1319471751	0.0751498232	0.0843879503	0.0827063205	-0.0646854601	0.0235549275	0.0497750697	0.0516774023	0.0095206257	-0.0397407061	0.0354495353	-0.0470744545	-0.0378003994	0.0273779654	0.1581614732	0.0413495725	-0.0640183766	-0.0584383432	-0.0289733889	0.0308666702	-0.0201374413	0.0956143605	0.0743221993	0.0284485594	0.0004819589	-0.0605799515	0.0638255739	-0.0191743068	-0.0719516419	-0.0576657046	0.1096494616	-0.0946777262	0.0270225936	0.1759535575	-0.0764824759	0.040978219	0.0438483566	-0.0009569594	0.0769452492	-0.0586369266	0.0222314896	-0.0598294455	-0.0461949638	0.0185460035	0.1162980734	0.0159256455	-0.0034335018	0.033504413	-0.0039894168	-0.038826252	-0.0091678841	0.0234253621	-0.0107959411	-0.0671986435	0.0891850586	-0.0812181218	0.0091557515	0.0171808173	-0.0974472299	-0.0252648078	-0.0344372795	0.0431557411	-0.0090537114	0.0222512251	0.029458293	-0.0415607908	0.0434301724	0.0722238119	0.0599167091	0.0541068745	0.0484998014	0.1065790469	-0.0049937758	0.0659874728	-0.0206760318	0.0348770905	-0.0860952571	-0.0737265789	0.0653845225	0.0342936521	-0.0652959934	0.0006558303	0.0874410892	0.0007712785	0.1176347381	-0.0288705893	0.040356856	0.1471443135	0.0585218921	0.0308353274	0.0413649768	-0.0517400049	-0.0293033223	0.0256351335	-0.065810948	-0.0299690145	-0.0033824131	-0.0070586418	-0.0451773012	-0.1073446661	0.0692355297	-0.0812161558	-0.1047999644	0.0027356936	-0.0419708686	0.0807896348	0.0084641783	-0.0358455456	0.0636203021	0.0720601656	0.0944309941	-0.111066609	0.0468892543	0.0730437462	-0.0225847753	0.046438424	-0.1202571876	-0.0304922791	-0.0485028375	0.0424225353	0.0902114017	-0.0218096098	0.0077647296	0.1109072473	-0.0560451262	-0.1313068568	0.0601027477	0.0007809054	-0.0419712467	0.0085037723	-0.0214899216	-0.0501395346	0.0693228493	-0.0749376483	-0.0771467778	-0.03651208	-0.0044658801	-0.0260309971	-0.0536375931	0.0239699184	0.0273249086	0.0364238145	0.0226707607	-0.0117322525	0.0510135615	0.0691190689	-0.0941199598	0.0529283359	0.0230977006	-0.0593945181	0.0028144719	-0.0364612483	0.059017194	-0.0598504915	-0.094198207	9.59355e-05	0.0078123078	0.0577310348	-0.0099259967	0.0259644675	0.0709241421	0.016516074	0.0601299347	-0.0449094721	0.0121840393	0.0985951807	0.0502914409	-0.0832609058	0.0736479869	-0.0584400044	0.0387923142	-0.0161975583	-0.0076277318	0.0	0.0187691	-0.0014541999999999	0.00035227911481	2.1146976399999976e-06	0.124998	0.0564943	0.00319160593249	0.015624500004	0.0428097	0.05273448	0.0027809253808704	0.00183267041409	0.00322443	-0.00113574	1.2899053476000002e-06	1.03969488249e-05	0.00222315	0.00031792	1.0107312640000013e-07	4.942395922500001e-06	-0.000653466	-2.0465e-05	4.27017813156e-07	4.18816225e-10	0.0	0.0	0.0	0.0	0.0	0.0	0.0	0.0	0.0	0.0	0.0	0.0	0.0	0.0	0.0	0.0	0.0
6264.917850363118	-4.128124847931758	17.041414760111603	39249195.67179844	6385.743268222211	28.48824560268622	40777717.08764528	811.5801375189708	4265.452975721708	3.5623585338998964	12.69039832404942	18194089.088093173	4333.8876281738285	7772.490712279531	1.197698	26.573038	0.1957454	0.107045	0.0495639915	-0.0015366796	0.1211722262	0.1169723724	0.0410353325	0.0007700715	-0.0076577717	-0.0167159009	-0.0646977375	-0.0748252749	0.0601544314	-0.0509788787	0.0393221685	0.0395241335	-0.0589593628	0.0040318264	0.0242427003	-0.0593345369	-0.0442273937	-0.0133529928	0.1090169913	-0.0065545	0.0370802304	-0.074660804	0.0431206134	0.0040375671	-0.0721148076	-0.0825399819	-0.0427009022	0.0809843274	-0.0225169249	0.0744148112	0.0573690552	0.0183834413	0.0349711446	-0.060848574	-0.084949457	-0.0313657983	-0.0278493131	0.0413966309	0.086686265	0.0852723697	-0.0299960946	-0.102779209	0.0646799255	0.0052493513	-0.0043671544	0.0289143212	0.1064660779	0.0281300322	-0.0139064967	0.010764384	0.0566558081	-0.0046817945	-0.0790860612	0.0326074883	0.0334371486	0.010839598	0.0083799586	-0.1263068958	-0.0398654868	-0.0235454767	-0.1879871551	0.080295373	-0.0026259958	-0.1290198358	0.0389070606	-0.0561788661	0.0235609373	-0.1000191972	-0.0580003411	0.0001986834	0.0141120072	-0.1846142049	-0.0087388621	-0.0494772507	0.1141470573	0.0933525082	-0.0843669779	-0.0930174043	0.0235414099	-0.0078488066	-0.0971773455	0.001582228	-0.0458804996	-0.0571273674	0.0373560953	-0.0134454624	0.1052919215	0.0838550193	0.0101664127	0.0551848143	-0.046433877	0.0401932206	-0.0363144865	-0.0130015473	-0.0844396948	-0.0368684212	0.0179341456	0.0683918615	0.018396454	0.0124167582	-0.020068668	0.1153538658	-0.0114300962	-0.0498300223	-0.0268559709	0.0486415686	-0.0726363435	0.1159303204	-0.0329720775	-0.0381792457	-0.0075066724	0.0232933784	0.0081415693	0.0112039467	-0.0841010276	-0.0264240636	7.80149e-05	-0.0663027371	0.0114574241	0.0765067364	0.1468539285	-0.0206751317	-0.0316796186	-0.0184768762	-0.0945530706	0.076340043	-0.0247542662	-0.073749153	-0.0151822476	-0.0697722025	0.0832103986	-0.1486628629	0.0293706398	0.0192331007	0.001289034	-0.0406366336	-0.0566499084	-0.0168423617	-0.0171731388	0.0306526421	-0.0304532689	0.0068418557	0.0421258692	0.0357776197	-0.131064898	-0.0121043667	-0.012764569	-0.0780998148	0.0129752911	0.0270617443	0.0056225315	0.0336247449	-0.0091658831	-0.0076978251	0.0711592522	0.0180607672	0.0920517804	-0.0110308882	-0.0320016856	-0.0613078085	0.0972710672	-0.0023516552	-0.0959392486	-0.1281079039	-0.0161623034	0.0009573694	0.0050998088	-0.1262783535	-0.0770607535	0.0570710656	-0.0378168458	0.0881049663	-0.0564504283	-0.0358195823	0.0430040638	-0.1138273438	-0.1427340098	-0.1023031394	-0.053952645	-0.0401563176	-0.0920206385	0.0203598839	0.0045353115	-0.027771149	0.0921492311	0.0700264132	0.0384274678	-0.0073468732	0.0274109812	-0.0457617048	-0.0454114035	-0.1310825378	0.1009416027	0.0068382452	0.000203102	0.0306751017	-0.0072736189	0.0815662012	0.0505903216	0.0043103368	-0.0363335642	-0.045453633	0.0204467416	-0.0835331432	0.0746972852	-0.0606565674	0.0423893383	-0.0211684467	-0.0015274489	0.0	0.0186503	-0.0001187999999999	0.00034783369009	1.4113439999999709e-08	0.0743609999999999	-0.0506370000000001	0.002564105769	0.0055295583209999	-0.0148702	-0.0576799	0.00332697086401	0.00022112284804	0.00447128	0.00124685	1.5546349225000007e-06	1.9992344838400003e-05	0.00177131	-0.00045184	2.041593856000002e-07	3.1375391160999995e-06	-0.000605962	4.750399999999997e-05	3.671899454440001e-07	2.256630015999997e-09	0.0	0.0	0.0	0.0	0.0	0.0	0.0	0.0	0.0	0.0	0.0	0.0	0.0	0.0	0.0	0.0	0.0
6261.974320602248	-2.9435297608706605	8.664367453131288	39212322.39188198	6335.416312801872	-50.32695542033889	40137499.85651606	2532.802441880778	4264.467198760332	-0.98577696137545	0.9717562175786152	18185680.489302795	4334.848807147869	7882.260936467897	1.353122	30.021416	0.08997775	0.044752	-0.0211037954	0.0670121721	-0.0447545025	-0.0573852165	0.0827745447	0.0125661511	-0.0050901748	0.0236775912	0.0540370023	-0.0007085388	0.0053682246	0.0489723245	0.016803211	-0.0069089694	-0.0461879503	-0.0051419097	-0.0439852484	0.097626315	0.0623110358	-0.0432396785	-0.003150553	-0.0172743767	-0.020835307	-0.019272942	0.0712449249	0.0085319674	-0.0748300789	0.0803444795	-0.0971961237	0.0111079774	0.0976696993	0.137560544	-0.0469272928	-0.0340290368	-0.1140619964	-0.1128893525	0.0015583405	0.117289669	0.0110731836	-0.1202570124	-0.0042253431	0.0321959401	0.0584736384	0.0816319991	0.0649717255	-0.1132238365	0.00936398	0.1088410337	0.050377607	-0.1112224075	0.0432707406	0.0140656999	-0.0322660614	-0.0798532198	-0.0603652113	0.0984709406	-0.0271487686	0.0097621094	-0.0554274185	0.0358678089	0.0249774358	-0.0561050512	0.038357789	0.0331716245	0.0044000417	0.0039345366	-0.0703145684	0.0181563541	-0.076108674	-0.0426224477	-0.0698129205	0.0612920525	-0.0071148669	0.0805244957	0.0370498875	0.0219822037	0.0693482885	0.1015470324	-0.1038691416	-0.0177423844	-0.040510861	0.0673210972	0.0004343205	0.1052540966	-0.0532773476	-0.0104629193	-0.0192281895	0.0428412728	0.0003651398	0.0424064592	-0.0228131228	-0.0440136206	-0.1402264804	0.0539646738	0.0748215892	-0.0870187181	0.0208969899	0.0557421932	-0.0447333048	-0.0354178903	-0.0200451663	-0.0505873605	0.0647677219	-0.0846132472	-0.0380582503	-0.0045504094	-0.0311138987	0.022297583	-0.0049436819	0.059585551	0.0512377784	0.0033593902	-0.0680329861	-0.1394463945	-0.0133254412	-0.1132922349	-0.081263169	-0.1277250053	0.0148530477	-0.0846012369	-0.0733739633	-0.0945556992	0.031431242	-0.0248346202	0.0675244573	0.0544296806	-0.0308180823	-0.1284921256	0.0153527581	0.0338575917	0.004884709	0.014730901	-0.0066085814	0.0842537777	0.0968055616	0.0564488151	0.1059826003	-0.0119151122	0.0065931479	-0.0704066084	-0.0733317689	0.024895679	-0.0038525791	0.0410725752	-0.0169918662	0.0377753665	0.0896305534	-0.1706681198	-0.0459755615	-0.0375821803	0.0134811796	0.0341593031	0.0191915408	-0.0155651875	-0.0185907004	-0.0865055101	-0.0507786734	-0.0538014075	-0.0626334808	-0.0071870639	-0.1201974442	0.0395121563	0.0219364218	-0.0184831041	-0.0512646715	-0.0227528281	0.1168025172	-0.0406300139	-0.0077785957	-0.0658876257	0.0152483778	-0.0178567019	-0.0772167739	0.0917492458	-0.0338034874	-0.0323353007	-0.06421987	-0.1097920663	-0.0064996492	-0.0519221572	-0.0260001267	0.0330048605	0.0803652599	-0.0319188429	-0.0436282451	-0.0257610355	0.0609270299	-0.0086241361	-0.0511956233	-0.0433225856	0.0553939968	0.0531293944	0.1148745659	-0.000852439	-0.0539432291	-0.0416842133	-0.0085066672	0.1159052475	-0.0801290128	0.0097781756	-0.0399481137	0.0991823205	0.0488122096	0.0970017826	0.1149355199	-0.0837938161	0.0757052197	-0.06279756	0.0458924821	-0.0260660896	0.0045804437	0.0	0.0333597	0.0147093999999999	0.00111286958409	0.0002163664483599	0.0590235	-0.0153374999999999	0.0002352389062499	0.00348377355225	0.0208939	0.0357641	0.00127907084881	0.00043655505721	0.00422674	-0.00024454	5.979981160000027e-08	1.7865331027599997e-05	0.00189862	0.00012731	1.6207836100000014e-08	3.6047579044e-06	-0.000494477	0.000111485	2.44507503529e-07	1.2428905225000008e-08	0.0	0.0	0.0	0.0	0.0	0.0	0.0	0.0	0.0	0.0	0.0	0.0	0.0	0.0	0.0	0.0	0.0
6269.936895955388	7.962575353139982	63.40260625443232	39312108.67926268	6364.452032801093	29.035719999221328	40506249.677825965	843.0730358731814	4264.570696297991	0.1034975376587681	0.0107117403014281	18186563.22372353	4329.447087645299	7747.556232944312	1.268221	28.137732	0.12520675	0.0689781	0.0641907256	0.0058982766	0.0395566245	-0.0081734891	-0.0690370208	-0.0925770959	0.0150965099	-0.0280244662	-0.0250586658	0.0638432047	-0.029663853	0.0025746579	-0.0112056048	0.0183426797	0.1051446756	0.0645196716	0.0379804555	0.0413531251	-0.0678095705	0.0247908012	0.0004191011	0.0558662739	-0.1080037412	-0.0746225072	-0.0182142896	-0.1095730955	0.008258732	0.0041868417	-0.044011051	0.0760090567	-0.0284348715	-0.0242470053	-0.0207097055	-0.0610869513	-0.1055345816	0.056336012	-0.0213082419	0.0556303077	0.0701548348	0.0274377878	-0.0576539232	0.0060222241	0.1504840092	-0.0419529867	-0.077488925	0.0509788252	-0.1076639817	0.0127526221	0.0084550357	0.0354824689	-0.0362320279	0.0091447101	-0.016082591	-0.0156790362	0.0403916924	0.029326892	-0.0782290255	-0.0779199447	0.1088656055	-0.0058620429	-0.0126765525	0.0931296144	-0.0216462945	-0.0264759356	-0.0054919313	0.0687838725	0.1167197433	-0.107385122	-0.013621601	-0.004340836	0.0218925061	0.0548727623	-0.0305298273	0.0559389932	0.0028142571	-0.0402988115	-0.0820262364	-0.0150665637	0.0159443533	-0.06912162	-0.0892512064	0.0647292049	0.0457148996	-0.020970887	-0.0046548593	0.1375797096	0.046984941	0.0156477147	-0.114488646	-0.0722874654	0.0539302204	-0.1464388497	-0.0758963935	-0.1341802614	0.0028106547	0.0025450819	-0.0739172606	-0.0235368826	0.058372827	-0.0446810843	0.0915002458	0.0741550432	-0.0215432501	-0.0174361455	0.0695297576	-0.0113711153	0.017088189	0.0416010319	0.0700955073	0.0417167434	-0.0144761643	0.0866728503	-0.0165973822	-0.0368059604	-0.0696468738	-0.0504259354	-0.0136007738	-0.0229942657	0.0854515993	0.1922537795	0.0098259655	-0.0451590958	0.0325243262	0.0446584369	-0.0326138137	0.1298500037	0.0504565412	0.0041414633	0.0588055618	0.1269075442	-0.0664944541	-0.0371073144	0.0863743031	0.0471390572	-0.0146197849	-0.0862078	-0.041535135	0.0808358819	0.0561218615	-0.0258599809	0.0360089535	-0.0138796531	-0.0144697833	-0.0023140197	-0.0525214557	0.0656469403	-0.0287287454	-0.0042268957	-0.0270739956	-0.0671297471	0.0815721061	-0.0695828046	0.0942515737	0.0105573389	-0.0228635985	0.0452019092	0.0398927418	0.0799431102	-0.0506512757	0.060798222	-0.0682314845	-0.0303804649	0.0403637418	-0.0460576518	-0.0249760255	0.0024425924	-0.1607720847	0.0048647307	0.0082524672	-0.0201463523	-0.0158190721	-0.108493347	-0.0042465337	-0.0050236066	0.1088921201	0.0881285468	0.0383088271	0.0002357766	0.0748796127	-0.0102586192	0.1720012432	-0.0574666778	-0.0270678892	0.0905218242	-0.0679604247	0.0153669085	0.0204294512	-0.0397642245	0.0148660259	-0.1147019097	0.0145724155	-0.0982547139	-0.0286703633	-0.0121213246	0.0590507886	0.0366580921	-0.0735547614	-0.0081830632	-0.0333684183	-0.0845908508	-0.0392042065	0.022924945	-0.0186997016	0.0289962299	-0.0178807809	-0.0840428882	0.076671232	-0.0648603145	0.0492939875	-0.0308735405	0.0106655167	0.0	0.0206652	-0.0126944999999999	0.00042705049104	0.0001611503302499	0.112271	0.0532474999999999	0.0028352962562499	0.012604777441	0.0309389	0.0100449999999999	0.0001009020249999	0.0009572155332099	0.00355072	-0.0006760199999999	4.570030403999998e-07	1.26076125184e-05	0.00212419	0.00022557	5.0881824900000117e-08	4.512183156100001e-06	-0.000577282	-8.280500000000003e-05	3.332545075240001e-07	6.856668025000005e-09	0.0	0.0	0.0	0.0	0.0	0.0	0.0	0.0	0.0	0.0	0.0	0.0	0.0	0.0	0.0	0.0	0.0
6269.665030051165	-0.2718659042229774	0.0739110698789771	39308699.58904647	6356.696451301249	-7.755581499844084	40407589.77398589	60.14904440072381	4267.328999619165	2.7583033211740258	7.60823721159966	18210096.790990707	4334.111232453874	7831.437953020824	1.073307	23.813213	0.18729125	0.0943303	0.0066770812	0.0337715516	0.0327090544	0.0111379476	0.0559376983	0.0305667824	-0.0205923224	-0.0703771583	-0.0671860411	-0.0261450938	0.0423218458	0.0345382274	-0.0479547502	0.0440474994	0.0327111654	-0.0224167604	0.002549131	0.0003612114	-0.02418894	-0.0810740278	0.0701871195	-0.0745007025	-0.0114250205	-0.05414898	0.0109100746	-0.0186242726	-0.0674149889	-0.0694250968	0.056569152	0.1134438599	0.0301962891	0.0712185016	-0.0818617196	0.0845197924	0.0027753197	0.047121179	-0.0581617397	0.0491002258	-0.0377324901	0.063199736	0.0454832202	-0.0819679728	0.0696354813	0.0356323962	-0.122946967	-0.0444761912	-0.0864354666	-0.0125017293	0.0196456242	0.0978629894	0.0408176284	-0.0580722869	-0.0726979496	0.0477435656	-0.0296792212	0.0440453156	-0.075460159	-0.1383329625	-0.0926730714	-0.0032575597	0.1601731352	0.0188201472	0.0154868092	0.0747025732	-0.0708396597	0.0332026408	-0.001363316	0.0767563499	0.0173692151	0.0016396082	0.0291766809	0.0171238318	-0.1344022718	-0.0203589021	0.0011891631	-0.02609311	-0.0602432157	0.0690895033	-0.0833464997	-0.0320380736	0.0108090791	-0.0546889075	-0.0170166575	-0.0509963409	0.0418043654	-0.0536016499	-0.0253056231	0.0164725913	0.0613433122	0.0221303541	0.0587705122	-0.1176320433	-0.069933181	0.0793215677	-0.0596531084	-0.12676661	-0.0036909426	0.1999526864	-0.0016991561	0.0609536468	-0.0123594335	-0.0175932522	-0.0138004717	0.0370981347	-0.012510598	-0.0012619474	-0.0980723024	-0.0135201011	-0.0457650123	0.0492975959	-0.017729569	0.0484241067	0.0324811595	0.0577781067	-0.1246617142	-0.0024981111	-0.0705480549	-0.0241284364	-0.0477453619	0.0081160305	0.1275141539	0.0113326983	0.0872847382	-0.0609701395	-0.0941465548	0.0876949293	-0.0204285264	-0.0656900083	0.036606991	0.0199488878	0.0550729673	0.028708689	0.1634408101	0.0640113749	0.0406654394	-0.0696763973	0.0218947234	-0.0280743893	-0.043874241	0.0559892028	0.0657406401	-0.0339260472	-0.1188392362	-0.1127873801	-0.0205628922	0.00550474	0.0271378957	-0.0061896043	-0.0562713014	0.0125693809	-0.0678232298	0.0485032411	-0.0141193253	0.024607146	0.0807568747	-0.0641430402	0.0447911058	0.0074464529	-0.0529667949	0.1565107913	-0.000600907	0.0334713253	0.027441522	-0.0110339203	0.028728811	0.1112009959	-0.032064984	-0.0094355763	0.0811975112	0.0474847451	-0.0634661278	-0.0210067696	0.0632101796	-0.0962019679	-0.0640291969	-0.0690045299	0.0275193553	-0.0758942461	-0.0388439673	0.019831592	0.0112947625	0.0036048686	-0.0225289378	-0.0291512029	-0.0181526741	-0.0311966576	0.1149297003	0.0756015382	0.0106832404	-0.0289226509	0.086242427	-0.0417449741	-0.0197829607	0.0347772423	-0.0344448943	0.0365372287	-0.0202500598	0.075343105	-0.0161036264	0.0153963778	0.0629600421	-0.010906974	-0.0145774961	-0.0070119163	0.0543471393	-0.0842803251	0.0775947873	-0.0668422612	0.0525863208	-0.035574165	0.0166974547	0.0	0.0290924	0.0084272	0.00084636773776	7.101769983999999e-05	0.055887	-0.056384	0.003179155456	0.003123356769	-0.0205908	-0.0515297	0.00265530998209	0.0004239810446399	0.00432864	0.00077792	6.051595264000002e-07	1.87371242496e-05	0.00153936	-0.00058483	3.420261289000002e-07	2.3696292096e-06	-0.000521025	5.625699999999999e-05	2.714670506250001e-07	3.164850048999998e-09	0.0	0.0	0.0	0.0	0.0	0.0	0.0	0.0	0.0	0.0	0.0	0.0	0.0	0.0	0.0	0.0	0.0
6274.568657881206	4.903627830040932	24.045565895551945	39370211.84246516	6346.907591990936	-9.788859310312546	40283235.98127219	95.8217665970926	4266.32197957562	-1.007020043544799	1.0140893681009682	18201503.23341004	4336.525371129304	7945.532001578895	1.041654	23.110945	0.19900215	0.101318	-0.0112431646	0.0145647116	-0.0368475013	-0.0600327164	0.0304984867	-0.0134514184	-0.0481804822	0.0082813965	0.0645295313	0.0411567208	0.0331397308	-0.1359314537	-0.0536439489	0.0792844172	0.0035419568	0.0262875932	0.0094643676	0.0716919431	0.0213658893	-0.0344011269	-0.0477496406	0.0119582061	-0.1083907075	-0.0700427292	-0.0224528902	-0.0646086472	-0.0448699619	-0.0382926869	-0.0203556484	-0.0771446628	-0.0606803771	0.1129973246	-0.0727823762	0.0991672155	-0.0399907445	0.0246740396	0.0301224987	-0.0247320899	0.0082945115	0.0183246754	-0.0295215065	0.022241926	0.0638422686	-0.017431393	0.0198604473	-0.1645804992	-0.0658503455	-0.0024234247	0.0336646523	-0.1282990024	0.0444918313	-0.0862025164	-0.0280654395	0.0761820966	-0.0668078954	-0.0142780328	-0.0647326399	0.0328348662	0.0676826767	-0.0702374167	0.0914474399	0.130587425	0.0627624613	-0.0321096889	-0.0607294691	0.0258816659	-0.0293235304	-0.0606697288	-0.0769198565	-0.0746829762	0.0434404006	-0.0725172041	0.0689524887	0.0610517514	0.0089936914	-0.1091368003	0.010793134	-0.0067303624	0.0106960754	0.0030414487	0.1086471362	-0.0021770277	0.0014470985	-0.110173968	-0.0774671942	0.0342721259	-0.0181927325	0.0400112898	0.0653889413	-0.0777826722	-0.0047211031	0.0253114936	0.0834549369	0.1672407765	0.0280704586	0.0033224382	0.043157187	0.0101045236	-0.0324447666	-0.0819422909	0.0835168685	-0.000235427	0.0394640079	-0.0811597728	-0.0204549412	0.044304848	0.0047266644	0.0362386023	0.0655321616	0.0958550183	-0.0970658948	-0.0479652872	-0.023421271	-0.0760892955	-0.0607695655	0.079387473	-0.0537064449	-0.0324592855	-0.1158253575	0.0127553721	0.0292821913	-0.1313302685	0.1057462477	0.0320189227	0.0526685233	-0.0404235601	-0.0034811048	-0.0178785637	0.098475344	0.0309405844	-0.0478508024	-0.0315305492	0.1859773915	0.0979925968	0.0393486001	-0.0538538983	0.0624699382	0.047176042	-0.0397660975	-0.0359009816	-0.0024053958	-0.0276416723	0.0815854154	0.0039179345	-0.0300560052	0.0112157573	0.0203548709	0.0192648645	0.0865868119	-0.000549895	0.0361851199	-0.0300171862	-0.0170556589	-0.0272625146	-0.0500778947	-0.0152626455	-0.0677796926	0.020909612	0.0550613731	0.0288903376	0.0284562314	0.0095686945	-0.062023094	-0.0011478997	-0.1027491834	0.0544601075	0.0589175696	0.0101454402	-0.003661168	-0.000543341	0.0366401512	0.0609955562	0.1942897718	-0.0436584486	-0.0088565556	-0.0111581641	-0.0289530759	-0.0582167707	-0.0147029512	0.0304696698	-0.1031984768	-0.0027555516	0.0746200223	0.0498880966	-0.0779395353	0.0183328169	0.0420630747	-0.0442052396	-0.0608049888	-0.0296830419	0.0872601595	-0.052393629	0.0151241441	-0.0574583627	0.0977723814	-0.0038493716	0.1000386464	-0.0365263967	-0.0975258931	0.0916389724	0.0158621538	0.0068427655	0.031777527	-0.0065024073	0.0094176648	-0.084506094	0.0784753741	-0.0687409308	0.0557621907	-0.0401516985	0.0226462068	0.0	0.0208512	-0.0082412	0.00043477254144	6.791737744000001e-05	0.10908	0.053193	0.002829495249	0.0118984463999999	0.0429678	0.0635585999999999	0.0040396956339599	0.00184623183684	0.00349098	-0.00083766	7.016742756000001e-07	1.21869413604e-05	0.00212419	0.00058483	3.420261289000002e-07	4.512183156100001e-06	-0.000578722	-5.7697e-05	3.349191532840001e-07	3.328943809e-09	0.0	0.0	0.0	0.0	0.0	0.0	0.0	0.0	0.0	0.0	0.0	0.0	0.0	0.0	0.0	0.0	0.0
6268.448457025094	-6.120200856111296	37.45685851914544	39293446.05838028	6385.814358529202	38.9067665382654	40778625.02159772	1513.7364824630884	4267.060611835495	0.7386322598749757	0.5455776153280136	18207806.26507791	4332.918771154904	7842.458741343515	1.19069	26.417561	0.11613985	0.0723151999999999	0.0517117977	-0.0292734104	0.0961305573	0.0610613726	-0.0359477913	-0.0721759202	0.053761369	-0.0286103452	-0.0331169214	-0.069208958	-0.0297890077	0.0124501669	-0.0231728066	0.0733295366	0.0693346928	0.0383277434	0.0539498664	-0.0605955795	-0.0705538604	0.0491518619	0.0151936587	0.034761931	-0.01673602	-0.0537904815	-0.0213548535	-0.1328365516	0.131864941	0.0394623412	-0.0063668713	-0.029496925	-0.0459182678	0.0348803031	0.058753349	-0.0405223177	0.0765776226	0.0359833676	0.0024785846	-0.004247719	0.1052697584	0.073817994	0.0905232158	-0.0600554142	0.0441810974	-0.0581146968	0.0774962012	-0.045429541	-0.0091193135	0.0054074972	0.0469091677	-0.0450048743	0.0290891295	0.0837248983	0.0038053875	-0.0986891974	-0.0391084036	-0.040755628	0.0319794245	-0.0256255857	-0.0630211778	-0.0065236437	0.0766754552	-0.0660568389	-0.0080717815	-0.0287403589	0.0494639932	0.0416410261	-0.113937101	0.0072713217	0.1943544873	0.1730758922	0.0120036731	-0.0111989419	-4.57128e-05	2.74681e-05	-0.0180452834	-0.0177224219	-0.0322435309	-0.1225413976	0.0796050276	-0.079755552	0.0682755948	-0.0037649738	-0.1143768402	-0.062406063	-0.0184082727	-0.0079365335	0.0098367741	-0.0526890682	0.028313871	-0.0971661286	-0.0635639922	-0.0141235612	-0.0882041339	-0.0286653186	-0.0358540304	0.0182094639	-0.0002799276	0.0049867051	0.0446639203	0.0560985715	0.0227157695	0.0671775888	-0.0450239335	0.0711865378	0.0362907009	-0.0087295893	0.0504052805	0.0017995492	0.0113116763	0.0281095322	-0.0112306564	0.0843091449	-0.0119477494	-0.1109108736	0.0399557122	0.0713761341	-0.0303284942	-0.0304225125	0.0038106641	0.1367901325	-0.0119008741	0.0382150621	0.0190596857	0.0912218871	-0.0422998864	-0.0054043146	0.0731273314	0.0353300585	0.0119878979	-0.1071585425	0.0378286998	-0.1046907825	0.0533362837	0.0416459161	0.0416129437	0.0908474467	-0.0547306424	-0.0478433076	0.0675747639	0.0106362203	0.0514945854	-0.0493313117	-0.0633555031	0.0722647112	-0.0439238918	-0.0542359675	0.0307392912	-0.007223381	0.0904919843	0.0277126509	-0.0234220292	-0.0052976275	-0.1107090782	-0.0035148975	-0.0280474345	0.1507729036	0.0509258523	-0.0307388168	-0.021528422	-0.0272331796	0.1222696198	-0.0173885306	0.0767490715	-0.0508484616	0.0425852305	-0.05122424	-0.0171005701	0.163509711	-0.0351703046	0.0536796581	0.0604647793	0.07626237	0.01114454	-0.0544519748	-0.1058687108	0.0149480476	0.068567895	0.065673109	0.0459477011	-0.0247165708	-0.0387663534	-0.0506341822	-0.0722285175	0.0461942922	-0.045558653	0.0048538246	0.0284243042	-0.0040511032	0.0830919969	-0.0885142901	0.0177288816	0.0031377427	-0.0357056776	-0.077274826	0.0671626554	0.0680794453	-0.0540259056	0.0704938411	0.0028685896	0.0201168951	-0.0630458705	0.1044551411	0.0033242801	0.038493637	-0.0500601427	-0.0847201635	0.0793125049	-0.0705539577	0.0588145635	-0.044590302	0.0284821367	0.0	0.0156684	-0.0051828	0.0002454987585599	2.6861415840000013e-05	0.108986	-9.399999999999686e-05	8.835999999999412e-09	0.011877948196	-0.0160667	-0.0590345	0.00348507219025	0.00025813884889	0.00416295	0.00067197	4.515436809000006e-07	1.7330152702500003e-05	0.00178676	-0.00033743	1.1385900490000009e-07	3.1925112976e-06	-0.000605893	-2.7170999999999988e-05	3.67106327449e-07	7.382632409999994e-10	0.0	0.0	0.0	0.0	0.0	0.0	0.0	0.0	0.0	0.0	0.0	0.0	0.0	0.0	0.0	0.0	0.0
6265.365481566279	-3.082975458814872	9.504737679654768	39254804.61760226	6336.479713026954	-49.33464550224744	40150975.15360215	2433.9072468324234	4264.108200515805	-2.952411319690327	8.716732600635579	18182618.745706137	4334.019470392616	7934.631217933339	1.278934	28.375423	0.09568775	0.05315	-0.0264466703	0.0429487717	-0.0134547489	-0.0512629034	0.0906002748	0.0182617816	-0.0350804351	-0.0360664312	0.0003392079	0.020349554	-0.0218532026	0.0978789335	-0.0050863426	0.0452218751	0.0830207736	-0.0028561008	-0.0534911699	0.0256008012	0.0165954841	-0.077787182	0.0051235618	-0.0584850655	0.0260688087	0.0041805331	-0.0125546805	0.0016716059	-0.006197748	-0.06585428	0.0379702408	0.0200130798	0.021417088	0.0136851482	0.0489692363	-0.0198332931	0.020576955	0.1237558264	0.0415972012	0.1135719509	-0.0070590631	0.0368418395	0.0208230244	-0.0333824063	-0.0951947802	-0.0641429463	-0.0916495913	0.0434068164	0.0593274714	0.1760171984	0.1382392325	-0.0591688214	0.0658082484	0.0081326431	0.0089855775	0.101738348	0.0248916636	-0.0420709193	0.0728133602	-0.004348359	-0.0610978263	0.1043133116	-0.0554921496	0.0723125235	-0.1059235892	0.0691960844	0.0664302401	-0.0339511423	-0.078413775	0.0506835578	0.1164726769	-0.1055122143	-0.029085042	0.0284740354	-0.0811314612	-0.0085862978	0.0602663473	0.000546033	-0.0203542047	0.0018222457	0.054368851	0.0036275756	0.0071707576	0.0141413224	-0.0453387661	-0.0937358568	0.0445742216	0.0603054083	-0.0692396439	-0.0290385428	0.0713041705	-0.0115499029	0.0286911213	0.0797169967	0.0049279805	0.0319594362	-0.0665253199	-0.0374948327	0.0790424292	-0.0399029734	0.0552482316	-0.0851802036	-0.0242404931	-0.0484591157	0.068122249	-0.0066990981	-0.027147399	0.0281983165	-0.0729414634	-0.0218394475	-0.0324184682	0.0096948132	-0.0346702849	-0.0043853345	0.0360453897	0.0481275883	0.0253914969	-0.0221799705	-0.0135775725	-0.0785302653	0.0514682469	0.0287993629	0.0375976727	-0.0431704847	-0.0271237402	0.1100168317	-0.0301658938	0.1486938367	0.1153445663	-0.0537128956	-0.0783529048	-0.0212638224	-0.0337975224	-0.005038725	0.0888797443	-0.135700071	0.0091123469	0.077723486	-0.0177937274	-0.1011527647	-0.1668749774	0.0378983809	-0.0351496652	0.0652249167	0.1019211627	-0.0151256349	-0.0523025535	-0.0896453254	-0.1047868677	0.0719538713	-0.1276092	-0.0689044673	0.0252406465	0.0219197485	-0.0092225722	0.0607447599	-0.0372688318	-0.0411616699	-0.0221695551	0.0448500143	0.0993262913	-0.0301309839	0.0517695442	-0.0091580369	-0.0217295007	-0.0154747444	0.0737611558	0.010815886	-0.0624417758	0.0570598941	0.0981461671	0.1133395742	-0.020913936	0.0449289799	0.0553728856	0.0026620824	-0.0065863854	-0.0579870541	-0.0284443506	-0.044560566	0.1272220498	-0.0460332003	-0.1124839814	0.0198022828	0.0722976514	0.0063734469	-0.0153521647	-0.0385781639	0.101345455	0.0624518795	-0.0409816883	-0.0089013961	0.0588789686	0.0116747737	0.0389837784	-0.0552459955	0.0186298059	0.0122144967	0.0865285298	0.0702421188	0.1131650939	0.0072943285	-0.0072232425	0.0294208977	-0.0335007184	-0.0159618677	0.0664932017	-0.0849225041	0.080105716	-0.0722790832	0.061736679	-0.0488746174	0.0341761699	0.0	0.0242314	0.008563	0.00058716074596	7.332496900000002e-05	0.0813201999999999	-0.0276658000000001	0.00076539648964	0.0066129749280399	0.0274182	0.0434849	0.00189093652801	0.00075175769124	0.00408512	-7.783000000000009e-05	6.057508900000013e-09	1.66882054144e-05	0.0019548	0.0001680399999999	2.8237441599999985e-08	3.82124304e-06	-0.000532282	7.361100000000001e-05	2.83324127524e-07	5.418579321000002e-09	0.0	0.0	0.0	0.0	0.0	0.0	0.0	0.0	0.0	0.0	0.0	0.0	0.0	0.0	0.0	0.0	0.0
6271.798165805275	6.432684238995535	41.37942651862156	39335452.23259841	6352.0002999591015	15.520586932147124	40347907.81068052	240.8886187183361	4261.963852332789	-2.144348183015609	4.598229130002343	18164335.87859135	4326.832086581629	7760.6388340414	1.359322	30.158957	0.11969384	0.0581695	0.0837006481	-0.022914028	0.046557185	-0.0531451871	-0.0373068033	-0.08116585	0.0172713089	0.0355755533	-0.0658817263	-0.0231939886	-0.1782748724	0.022265887	-0.0455340243	0.0152068396	0.1105349129	0.0770054304	0.0123840111	0.0343625664	0.0324305092	0.1209215065	-0.0175666054	0.0244652226	-0.0650800185	-0.0713497593	-0.074196806	-0.0703699764	0.0777616023	-0.0356302111	-0.0311140332	0.0774584013	0.0330177322	-0.1114031435	0.0041223863	0.0801676388	0.0697234277	-0.0083382052	0.078146857	0.1096519315	-0.0062511375	0.13982196	0.0185105668	0.067757592	-0.0168353037	-0.0340401887	-0.0460353032	-0.017148637	0.0170732821	-0.0300764999	-0.0325552103	-0.0386505877	0.1180580604	0.0353391679	0.0271698485	0.0732456015	-0.0319845366	0.0354586146	0.051287946	0.0506886745	0.1475813093	0.0571661473	-0.1347550199	-0.0331026514	0.0183409354	-0.0915459126	0.0898453235	-0.0412786498	0.075860521	0.0352405547	-0.0845337898	-0.0785370448	-0.0273353243	-0.0513820392	-0.0070420656	-0.0377981473	0.0327547681	0.0015180532	0.1119671295	0.0360678503	0.04022317	0.0672241395	-0.0270629938	0.0172214316	-0.0954261234	-0.0198143402	0.0034518671	-0.1300937846	-0.1025089702	0.0003974315	0.0415645897	0.0746885639	-0.0061057781	-0.0099040976	-0.0070571328	-0.0005826464	0.0462305056	0.0029631674	0.0308257511	-0.0479801513	0.0328587375	-0.0981688079	0.0091915594	0.0761478563	0.0045273119	-0.0722015137	0.0302588985	-0.0879424682	0.0670736311	-0.0077514931	0.0853671454	0.0117328484	-0.0463093194	0.1360786475	0.0198023132	-0.0109226059	0.0803693642	-0.0010503765	0.0288597333	0.0600185145	0.0040407741	0.0483481218	0.0968980669	-0.0281222974	0.0570789139	0.1261398429	0.091846283	0.0332534629	0.0547620001	0.0151473556	0.0059780379	-0.0342217526	0.0975806296	0.0533125014	0.0048011639	-0.0044252687	0.0112723793	-0.0760166905	-0.0265943378	-0.0190156386	-0.0461015425	0.0589845204	0.0088243478	0.0061377411	0.1044540557	0.0241501802	0.0356216861	-0.0090035838	-0.1872060376	0.0775227852	-0.0893125299	0.0273484658	-0.0099060926	0.0171525707	0.0718313516	-0.0624267101	-0.0861643758	-0.0222362482	-0.0434995301	-0.009920543	-0.045070449	-0.1782609859	-0.0443536385	-0.0451714071	0.0537557161	0.1087341921	-0.0147421642	0.0155176166	0.0268081786	0.0090117283	-0.0486746654	-0.1066570404	-0.0045068084	0.0507948174	-0.074686799	0.0478776891	-0.0464816981	-0.0179252115	-0.0522215519	-0.1514487992	0.0349137946	0.0095644524	0.0571915639	-0.0737801232	-0.0600304865	0.0463283759	-0.0810415772	-0.0089398949	-0.0391463362	-0.117760044	-0.0391778387	-0.0721554279	-0.0411602881	0.0068531749	-0.0214913675	-0.0116884431	0.1795637373	0.0863985755	-0.0443921891	0.0919856197	0.0446142418	0.0866501985	0.008248518	0.0015597677	0.0438414034	-0.0637396305	-0.0922871898	-0.0851130878	0.0808545682	-0.0739141579	0.0645220656	-0.0529898205	0.0396999392	0.0	0.010429	-0.0138024	0.000108764041	0.0001905062457599	0.121476	0.0401558000000001	0.00161248827364	0.014756418576	-0.00640424	-0.03382244	0.0011439574475536	4.10142899776e-05	0.00394837	-0.00013675	1.8700562500000163e-08	1.5589625656899996e-05	0.00160358	-0.0003512199999999	1.233554884e-07	2.5714688164e-06	-0.000682576	-0.0001502939999999	4.659099957759999e-07	2.2588286435999978e-08	0.0	0.0	0.0	0.0	0.0	0.0	0.0	0.0	0.0	0.0	0.0	0.0	0.0	0.0	0.0	0.0	0.0
6282.584990797036	10.786824991761025	116.3555934028802	39470874.1665882	6367.661798113092	15.661498153990578	40547116.77514886	245.28252442745028	4266.662447646768	4.6985953139783305	22.076797924539125	18204408.44215911	4331.962147714559	8051.530995329511	1.547383	34.331429	0.19855651	0.099852	-0.0398028654	0.034898547	0.0361306669	-0.0357975752	-0.0451802776	0.0218383529	0.0380103031	-0.0310805776	-0.0212600202	-0.0290194018	-0.0567513656	0.1730994046	0.0223007172	0.0395484083	0.0026113495	-0.0174692634	-0.0171600976	-0.0242287823	-0.1026207579	0.0506325574	0.003192253	-0.0489700396	0.0827494016	0.117468277	-0.0274105207	0.0394296968	0.1205701013	0.0774550352	0.0481264492	0.0416557951	0.0333139836	0.0060695969	-0.0091280775	-0.0388249484	0.0320814181	-0.1177081185	-0.0370026398	-0.1198805575	-0.1057836889	-0.0567307587	-0.0939081822	-0.0582231381	-0.029451263	-0.0295814666	-0.0978893027	-0.0407756041	-0.0246622803	-0.0312416103	-0.0193520907	-0.0349006805	-0.0450964038	0.1226415254	0.1526900772	-0.0116944926	-0.0124807452	-0.0423580549	0.0238753088	-0.0688641452	0.0145999851	0.0447419311	-0.1105671853	0.0243149372	0.034556273	0.0281329844	-0.0090138549	0.0264772145	-0.0124896125	-0.0458262773	-0.0304465459	-0.0647655519	-0.1010227555	0.0161630897	0.0239280865	0.0020647503	-0.0677960102	-0.0370767139	-0.0222672836	-0.0243818073	-0.0080383807	-0.0674453036	0.0327270281	-0.0365837231	0.118198442	0.0612416076	-0.0222454398	0.0041430728	-0.0301795604	0.0209446036	-0.065579493	-0.0810669818	-0.0002849064	0.0294052679	-0.0379860069	0.1328281062	-0.0585001627	0.0454903753	-0.0186606143	0.006642784	-0.007727455	-0.1026412705	-0.1109591187	-0.0053418698	-0.044483875	0.0135477364	0.0794604537	0.0012744723	-0.0036870925	-0.067105732	-0.0905361656	-0.1390373747	0.0842758614	0.0597039096	0.0186122461	-0.0279622504	-0.006687503	-0.0138066091	0.0193097556	0.0017942781	-0.0053517011	0.0413879833	-0.0688790861	0.1190463384	-0.0513450378	-0.0386307336	0.0164756402	-0.0975590245	-0.0843066352	0.1016288102	-0.0703176098	0.0957769928	0.0285733296	0.0462513375	0.0086908052	-0.0800951238	0.0903000341	-0.0353501753	0.0059438161	-0.1185716056	0.0712219967	-0.0273759341	-0.027355682	-0.032434906	0.0776046395	-0.0048320825	-0.0975468794	-0.0657856113	-0.0605761813	0.0508986244	-0.027284657	0.0237989995	0.093070858	-0.0582925515	-0.019464807	-0.1118815997	-0.1056981813	0.0342553409	-0.0068371001	0.0299843079	-0.0081205524	-0.0226139845	0.0955097531	0.1149247325	-0.01099684	-0.0539991532	-0.0856377905	0.0099270109	0.0169952741	-0.0178177666	0.0521950704	0.03352342	-0.0287443108	-0.0792689757	0.0477222353	-0.0009210767	0.004746823	-0.0040476394	0.0056531934	-0.0934140973	-0.0270541974	0.050819101	0.027246841	0.046549024	-0.0113174911	-0.051161845	0.079641927	-0.0338500603	-0.0741482239	0.0088777203	0.0791134192	-0.0185275298	-0.0188170077	-0.0213499915	-0.0365889504	0.0663742388	-0.1444285134	-0.0037653438	0.0857298267	0.1068401732	0.0348872609	0.0452152243	-0.0689066144	-0.0095468712	0.0307130857	0.0196507849	-0.0350661138	-0.0852918881	0.0815586469	-0.0754571448	0.0671645545	-0.056921672	0.0450259254	0.0	-0.0172728	-0.0277018	0.00029834961984	0.00076738972324	0.09122	-0.030256	0.000915425536	0.0083210884	-0.0859045999999999	-0.0795003599999999	0.0063203072401295	0.0073796003011599	0.00433867	0.0003903	1.5233409000000045e-07	1.8824057368900003e-05	0.000905621	-0.000697959	4.871467656810001e-07	8.20149395641e-07	-0.000548868	0.0001337079999999	3.01256081424e-07	1.7877829263999988e-08	0.0	0.0	0.0	0.0	0.0	0.0	0.0	0.0	0.0	0.0	0.0	0.0	0.0	0.0	0.0	1.0	0.0
6301.338825696698	18.75383489966225	351.70632344378987	39706870.99623264	6367.85953167429	0.1977335611982198	40549635.01513511	0.0390985612241301	4266.0119674701855	-0.6504801765822776	0.4231244601265111	18198858.106598843	4334.806482318767	8072.455968109651	1.302205	28.891733	0.2496011	0.136237	-0.0498493021	0.0014189709	-0.0117560028	-0.051616313	-0.0167167615	0.0523159703	-0.0488484058	0.0112065837	-0.0452130897	0.1783206367	-0.035380228	-0.0452958868	0.0223907895	0.0493741511	0.0141637508	0.0192037639	-0.0345042607	0.0158927113	0.0303643583	-0.0660983005	0.008639691	0.0806082489	0.0031505011	0.1489687381	-0.104896713	0.0372666738	-0.0073173954	-0.0074697215	0.0681343529	-0.1182874164	-0.0022892557	0.0511044899	0.0748310158	0.064434252	-0.0810787671	0.0062628055	-0.0264367104	-0.0123392931	-0.0233775987	0.007754936	-0.1842495248	0.0056426485	-0.0651349817	-0.0122893276	-0.0613116483	0.0848909276	-0.0326514023	0.0746620935	0.0039967319	-0.0873241548	-0.0162142299	0.0002085959	-0.0026786066	-0.0666109805	-0.0357172659	0.0532956945	-0.0360462089	0.0043575831	-0.0383890313	-0.1102700348	-0.0516343038	-0.0052640538	0.0101097909	0.0011572648	0.0178118845	0.0537916202	0.0371351987	-0.1012062724	0.0211645311	-0.1228742133	-0.0547876294	-0.0830331226	0.0781872083	-0.0050209578	-0.083642967	0.0656999254	0.0964416243	-0.0459501008	0.0455320514	0.0669306039	-0.003974545	-0.0213868707	0.0153424818	0.0460496825	0.0324947832	-0.0073778594	0.0993238186	-0.0337701329	-0.0096894072	0.0552318326	0.1745641228	-0.0158987932	-0.0171785718	0.0098556136	-0.091544467	-0.0551164332	-0.0750634394	0.0625544487	0.0108241304	0.0369264327	0.0282972285	-0.01484216	0.0496578434	-0.0278418963	-0.0048395555	0.035521621	-0.0758009969	0.0120762332	0.0665982434	-0.1566282917	-0.0546496416	-0.1123266236	0.0229618512	0.0707204483	-0.0649605998	0.0351847881	0.042695952	0.0014973058	-0.005239561	0.0428221811	-0.1366145797	-0.0700935174	-0.0047099202	0.0938858148	-0.070920007	-0.0640384511	0.0011603906	0.0107400826	-0.1310579205	0.1442778922	-0.1158493404	0.074296668	-0.055384191	-0.0216570937	-0.0229179788	0.0452711322	0.0904472309	-0.0166660679	-0.0414686413	0.0434322928	-0.0453052589	0.0106968783	0.0332365462	0.0711316255	0.0604057664	-0.0255266367	-0.0743855471	-0.0587188417	0.0406940537	-0.0644254088	0.0266513382	0.0118552265	0.0588379956	-0.1088681693	0.0955191631	0.0127958501	-0.0233758267	-0.0144302967	0.0158158749	0.041538123	0.1235969709	-0.0112877101	0.0378625849	0.080637029	-0.1423973739	-0.1164471946	0.0052064935	0.1083214757	-0.0474832775	0.0187329605	0.0132693865	-0.0262379842	-0.0023286212	-0.0904951864	0.1283073906	-0.0117281426	-0.0142852301	0.0574251269	-0.0419911037	-0.0887892374	0.0289108131	0.0218587096	0.0632343365	0.0779601234	0.0736003979	0.0117965895	-0.0459466084	0.0741084418	-0.0895769291	0.0499322845	-0.009583367	-0.1150414776	-0.0647582272	-0.009710079	0.0215442461	-0.0271647036	0.0594357562	0.0643384815	0.0563679949	-0.0934664521	-0.0210865737	-0.0946846968	0.0374820466	-0.140574186	-0.0421873171	-0.0854588803	0.0822175621	-0.0769061215	0.0696582933	-0.0606565674	0.0501275948	0.0	-0.00212705	0.01514575	4.524341702500001e-06	0.0002293937430625	0.123548	0.032328	0.001045099584	0.015264108304	0.0210305	0.1069350999999999	0.0114351156120099	0.00044228193025	0.00314013	-0.00119854	1.4364981316000005e-06	9.8604164169e-06	0.00151431	0.000608689	3.705022987210001e-07	2.2931347761000003e-06	-0.000645484	-9.6616e-05	4.16649594256e-07	9.334651456e-09	0.0	0.0	0.0	0.0	0.0	0.0	0.0	0.0	0.0	0.0	0.0	0.0	0.0	0.0	0.0	0.0	0.0
6312.156465902772	10.81764020607352	117.02133962805834	39843319.25003817	6378.474722576956	10.615190902665743	40684939.78655317	112.6822779000376	4275.152807247744	9.14083977755854	83.55495183899646	18276931.525318265	4336.542170537559	8000.971566202576	1.46456	32.493862	0.21234056	0.126175	0.0376089885	-0.0758857299	0.0754440823	-0.0781637303	-0.1459153928	0.0279588195	-0.0558083219	0.0488392248	-0.1061741826	-0.0447206939	-0.068333855	-0.0163686295	0.0013997476	0.0858800303	0.0616207839	0.0081076847	0.0803209099	0.0140567212	0.0988267544	0.1552744442	0.0667827106	0.0262163594	0.0110117894	0.0298114957	-0.1579773689	-0.0027815603	-0.0477213087	0.0546767334	-0.0964915424	-0.0504343899	0.024040862	-0.0230861831	0.167063447	0.0817349159	0.0018520883	0.0110857175	-0.1066738569	-0.0123707912	-0.0340734952	-0.085542909	-0.0469585271	0.0387008067	-0.077291823	-0.0041131814	0.022318777	0.1097150086	0.0593022394	0.0261472313	0.1315808291	-0.0515132618	0.1093163535	0.0257251084	0.0202323446	0.0415455239	0.0076902716	-0.0094860527	0.0996033216	0.0426444789	0.0035074056	0.0068304278	0.0216518977	0.1496158016	0.1175790235	-0.0524427885	-0.0242975701	-0.0079416083	-0.0358116653	-0.0243493443	-0.0121586948	-0.00160078	-0.0204774574	0.0271139802	0.0256107221	0.0638944944	-0.030454037	-0.1059500226	-0.0171122788	-0.0062033323	-0.0103256146	0.0291194575	-0.0368000224	0.0172777518	-0.0564655675	0.1170905841	-0.0847936323	0.0807893895	-0.0228595541	0.084705575	0.0615196383	0.0556721651	0.037105715	0.0410015817	-0.0789517353	0.0111162283	0.111413222	0.0411547732	-0.1373427821	-0.0442756856	-0.0813699204	-0.0329843846	-0.0588578975	0.0532324437	-0.0751912179	-0.075409485	-0.0476669535	-0.1381262306	0.0314730738	-0.0469105569	0.0422011748	-0.0943483784	-0.1307722899	-0.0256797869	-0.0612027507	-0.0009217037	0.0647077244	0.003669854	0.0084016669	0.0297798886	-0.0313948011	-0.0596028778	-0.1071990277	0.0661389873	0.0756513804	0.0770947099	-0.0399528507	-0.0382201008	0.0765890226	-0.0800721027	-0.0754838432	0.0907972912	-0.0278681549	8.20935e-05	0.024483063	0.0088286498	-0.0472705089	0.0063977001	-0.062142164	0.0321311746	-0.1306424555	0.0092963164	-0.1169509993	-0.0913194301	0.056870425	0.0481910138	-0.0709861259	0.0630835842	-0.058891744	0.0261778743	0.0921946251	-0.0408075122	-0.0618899361	-0.0416548749	-0.0599534861	-0.0761770537	-0.0269940441	-0.0252194556	0.0952143129	0.111605179	-0.0721026038	-0.0998143548	-0.0892791521	0.0575965522	-0.1133075455	-0.0040204061	-0.0949534299	-0.0211883521	0.0471175512	0.0616324971	0.017315054	0.0811755103	-0.020075889	-0.0858739135	-0.0195061834	0.1679931657	-0.0290647215	-0.0665217037	-0.0179927653	-0.0300092459	-0.0030827725	0.0923985448	0.0443418707	-0.0443319339	-0.1183870685	-0.0293736002	0.0224308939	0.0300846374	-0.0288359305	-0.0653125368	-0.092640845	0.0708045976	-0.0559845479	-0.0256315893	0.01567901	-0.032826366	0.1315334092	0.0090384195	-0.0001007554	0.1173706952	0.014522646	-0.0545979566	0.0483733564	-0.0108153904	0.0940861965	-0.0388915079	-0.1355685639	-0.0856140413	0.0828309489	-0.0782592828	0.0719977591	-0.0641815835	0.0549795309	0.0	-0.00483496	-0.00270791	2.33768382016e-05	7.3327765681e-06	0.0876133999999999	-0.0359346000000001	0.00129129547716	0.0076761078595599	-0.0741383999999999	-0.0951688999999998	0.0090571195272099	0.0054965023545599	0.00439955	0.00125942	1.5861387364000006e-06	1.93560402025e-05	0.0012148	-0.00029951	8.97062401e-08	1.47573904e-06	-0.000633831	1.1653000000000032e-05	4.017417365609999e-07	1.3579240900000074e-10	0.0	0.0	0.0	0.0	0.0	0.0	0.0	0.0	0.0	0.0	0.0	0.0	0.0	0.0	0.0	0.0	0.0
6327.201536231767	15.04507032899528	226.35414120441413	40033479.28009363	6362.55811068543	-15.916611891526372	40482145.711848944	253.33853410547871	4278.711438173003	3.558630925259422	12.66385406221273	18307371.57115249	4343.071961812139	8409.06894585454	1.544909	34.276535	0.027099267	0.0152094	-0.0972098781	-0.0795161822	-0.0689862385	-0.107140825	-0.1244750608	0.0614606631	-0.0062914497	-0.0618135058	0.0448716429	0.0494694399	0.0027224884	0.0740976545	0.0503981294	-0.0474915897	-0.0691085392	-0.0646811261	0.0527917451	0.041188431	-6.87749e-05	0.0408724687	-0.1061854268	-0.0299267503	0.0240876093	0.1607431558	-0.0128251827	0.0941392057	0.0170688445	0.0174046368	0.0036160459	-0.0758890552	0.0449126468	0.0306477334	0.0348210488	-0.0489615203	0.061433401	0.078795865	-0.150669427	0.0629862234	-0.0438147542	-0.1019498901	-0.0377292227	-0.0439161868	-0.0495348847	0.0192186524	0.15382931	-0.0140154455	-0.0041267926	-0.0706327074	0.0234589261	-0.0491614334	-0.0335109637	-0.0297136365	-0.0115252107	-0.0143555329	0.0712994998	-0.0813852528	-0.0873598433	-0.041082722	-0.0631703321	0.0362065029	-0.003755054	0.0257680766	-0.0122346909	0.0341901667	-0.0217849862	0.0310199945	-0.0145423725	0.0198559472	0.039977364	0.046911658	0.0087146195	0.0917614657	-0.0028417914	0.0066082652	0.0506284903	0.0586120084	0.1114234655	0.0653364005	0.0142275075	-0.0531702094	0.0116825074	-0.0879078069	0.0481387259	-0.0434375154	0.0296227007	0.000501492	0.0358178076	0.068553639	0.0019910073	0.0373936052	-0.0003973954	-0.1005976886	-0.0035432136	-0.0356091227	0.0150853973	0.0140306991	0.0657262238	0.0254314047	-0.0395590314	0.0850822488	0.1615780008	-0.01738695	-0.0749807957	-0.1018290295	0.000920153	0.0984084743	0.0350089325	-0.0546215684	-0.0323409092	-0.1625220531	0.0328314001	-0.0483871667	0.0493710781	0.0093115843	0.0335271993	0.0489750558	0.0301372748	-0.0629789005	-0.028354307	-0.06897585	-0.0045108901	0.1078510794	-0.0417684568	0.0273541628	0.0313625452	-0.0225785662	-0.0301006527	-0.1786658399	-0.0144062003	0.0676028348	0.0227433702	-0.0541417645	0.0226165683	-0.0233911381	-0.0770096474	0.0047381331	-0.0376455237	-0.010843005	0.0669396639	-0.0797520418	-0.0501013444	0.0097682856	-0.0422066226	-0.0098430535	-0.071270647	0.0084564187	0.105516765	-0.0559924953	-0.0190144554	0.0107159715	-0.0104929141	-0.0021090704	-0.1183657746	0.0502852003	0.0158285923	0.0337393224	0.0128046854	-0.0008458953	0.0627122341	0.0245200293	-0.079788532	0.0107945675	-0.0480496152	-0.0371703296	0.0063039603	0.0359450111	0.0753915723	0.0830122932	-0.0313351138	0.0638836187	-0.0199126435	0.0777774537	-0.018479044	-0.1072479101	0.0409683486	0.0544306314	0.0136354656	0.0106421692	-0.0546812923	0.014121521	0.0846470632	0.0619569554	0.0591067203	-0.0633378524	0.0600017174	0.0819593655	-0.1156647702	-0.0322780022	0.0474089601	0.0751221804	-0.0781356755	-0.014985437	0.0663033192	-0.0150287669	-0.0788023545	-0.0445818752	0.0930920833	0.1123611577	0.0355440921	-0.0731520165	0.0789216532	-0.0584586548	-0.0812744226	0.0634724767	0.0820757507	-0.0857573496	0.0833984678	-0.0795149427	0.0741777708	-0.0674845231	0.0595575618	0.0	-0.000321343	0.004513617	1.0326132364900001e-07	2.0372738422689e-05	0.0879076	0.0002942000000001	8.655364000006207e-08	0.00772774613776	-0.0624081	0.0117302999999998	0.0001375999380899	0.00389477094561	0.0043389	-6.065000000000064e-05	3.678422500000077e-09	1.882605321e-05	0.00106525	-0.00014955	2.2365202500000012e-08	1.1347575625e-06	-0.000632808	1.0229999999999528e-06	4.00445964864e-07	1.0465289999999033e-12	0.0	0.0	0.0	0.0	0.0	0.0	0.0	0.0	0.0	0.0	0.0	0.0	0.0	0.0	0.0	0.0	1.0
6306.996131525299	-20.20540470646847	408.2583793521782	39778200.20307508	6417.735135678892	55.17702499346251	41187324.27172737	3044.5040871291867	4280.580006237439	1.868568064435749	3.491546611429161	18323365.189799715	4344.49807294827	8185.442208840029	1.472142	32.662071	0.155772623	0.0800668999999999	0.0125341633	-0.1392162001	0.0054724348	0.117491218	-0.0424155387	0.0172617164	-0.0312680287	-0.1141637751	0.0125015752	0.0727947611	-0.0634577005	-0.0477683205	0.0157790471	0.0045420373	8.9557e-06	-0.0204114012	0.1056621627	-0.1651737596	0.02517655	-0.0519252171	-0.0676121207	0.0489439326	-0.0227766299	0.0880568921	-0.0426301082	-0.1042624402	0.0842248874	0.0020780864	0.0191781175	0.009938817	-0.0440403473	-0.0143338168	-0.0652680829	-0.009844163	0.0550381673	0.041618365	0.0470008602	0.0996427552	0.0359113316	-0.0287238454	-0.0348393476	-0.0603875839	-0.010743803	0.0934332406	0.0835184918	0.1289097075	0.0595985959	-0.0629191381	0.0460786875	0.0957638938	-0.0582080881	-0.0452114107	-0.096402157	0.0302437865	-0.0564669474	0.0807502724	0.027533628	0.0216154808	0.0185626875	-0.0776607066	0.0476440294	-0.0761258275	0.0249822528	0.0050557199	-0.0900709384	0.0983611924	0.0600893646	-0.1457988405	-0.0163066677	-0.0725024107	0.050613047	-0.0135215287	-0.0583057246	0.072533321	0.0445258635	0.014882583	-2.4405e-05	0.0613529384	0.0541497971	0.089826214	-0.0174394902	0.1275620271	0.1295432073	-0.0352910995	-0.0199778641	0.103176187	0.0173937768	-0.0161023591	0.0134852999	-0.0068470552	-0.0432817842	0.0178879946	0.1155537258	-0.0670948053	0.0107004427	-0.0793150598	-0.0117445487	0.03458173	-0.0745353652	-0.0887184661	0.0295839193	0.0622877506	-0.0738846973	0.1141163943	-0.0877656178	0.0891644696	0.0486302893	-0.0311471716	0.089121508	-0.1160934079	0.0072007116	0.0439610526	-0.0451406093	-0.0198388277	0.006461882	0.1121397727	0.0096423704	0.0154072792	0.0542770547	0.0608755719	0.0670075115	0.0264063368	0.0043572281	-0.0523551911	0.0162620944	0.0543784891	0.0483044089	-0.0211477983	-0.0835580465	0.0511662876	0.0564452747	-0.1049882572	-0.0772571944	0.0962705116	-0.0750354363	0.0133368422	0.0106049192	-0.0089539288	-0.0491064863	0.0203915231	0.01825518	0.0648926992	-0.1002090421	-0.0414582459	0.0869327958	0.0601253322	0.1097863401	-0.017832176	0.0439999388	-0.0796675554	-0.009410189	-0.0072548038	0.1373768315	-0.0463063086	0.0649126497	-0.0011510052	-0.0958608132	0.0665585787	-0.0219245263	0.0556951931	0.0265314893	-0.053254138	-0.1178630483	0.0165020922	0.0270107821	0.0009802309	0.063708283	-0.0430127274	-0.0109131271	-0.0242330175	0.1236829539	-0.0968176119	0.0916475778	0.1123078429	0.0342198821	-0.0449041042	-0.0102898417	0.0068141338	0.1177651178	0.0139594822	-0.033213554	-0.0490941915	-0.0274772259	0.0538018407	-0.0217972139	0.099751584	-0.0912892306	0.1051566341	0.041718741	0.0224858616	-0.1044896818	0.0730251443	-0.0967620264	-0.0347318724	0.1084230924	0.0090149607	-0.0957627804	0.106541516	-0.0341610481	-0.0749134857	0.1153047259	-0.0659695597	0.0609010984	-0.0041437227	-0.0421982028	-0.0858887854	0.0839198044	-0.0806715369	0.0761935001	-0.0705539577	0.0638388799	0.0	0.00129578	0.001617123	1.6790458084000002e-06	2.615086797129e-06	0.134304	0.0463964	0.00215262593296	0.018037564416	-0.00655725	0.05585085	0.0031193174457225	4.29975275625e-05	0.00399303	-0.0003458699999999	1.196260568999999e-07	1.59442885809e-05	0.00150824	0.00044299	1.962401401000001e-07	2.2747878976000003e-06	-0.000882113	-0.000249305	7.78123344769e-07	6.215298302500001e-08	0.0	0.0	0.0	0.0	0.0	0.0	0.0	0.0	0.0	0.0	0.0	0.0	0.0	0.0	0.0	0.0	0.0
6276.303547392802	-30.69258413249645	942.0347207303728	39391986.21901547	6360.865364531167	-56.86977114772526	40460608.18569221	3234.170870394644	4277.403986042114	-3.176020195324781	10.087104281110864	18296184.85980897	4346.781660431797	8013.1458868319105	1.365021	30.2854	0.19721365	0.100004	0.0023838885	-0.0053970619	-0.0084171531	0.0166022354	0.0337787564	0.032134221	-0.0310815908	0.0230349061	0.0795004667	-0.1146738533	-0.0386464143	-0.044200979	0.0547537856	-0.0138383444	-0.084473565	-0.070152606	0.0156329563	-0.1526536676	0.1248721609	0.0366280759	-0.0834511077	-0.0282480025	0.0443021026	-0.0006352289	0.0778642839	0.0979105007	-0.1040274372	0.0218349799	0.0740792059	-0.0619032364	0.110225775	0.0011025176	-0.0242100394	-0.0471764401	-0.0061088262	0.0376537703	-0.0244691365	0.0184194048	0.0160809629	0.0206504899	0.0431501795	0.0192985244	0.0869824967	-0.0044598704	-0.0551019718	-0.0906494381	0.1194649093	0.0951992739	0.0307037749	0.1231497012	0.0376943913	-0.0461597084	-0.0193972605	0.0010440982	-0.0638474643	0.1012581988	0.0042227015	-0.0012638	0.043252607	0.0207192733	-0.1112730584	0.0007350567	0.0145514834	-0.0200037274	0.0390804647	0.0389565155	-0.0228298037	0.0887558118	0.0542296566	0.0343908552	-0.0165301729	-0.1117301995	-0.0237885593	-0.0746741595	-0.0332879073	0.002448431	-0.0324742251	-0.1376333255	-0.0442836342	-0.0400676467	0.0114194673	0.0170399502	0.0905030524	0.1120650565	-0.0023967066	0.0010613689	0.0465997433	0.1094108294	-0.035385509	-0.0630964149	-0.0580547183	-0.0643412369	0.0098605536	-0.0120265631	-0.0167567853	0.0868084264	-0.1079360344	-0.0922356927	-0.0336693119	0.0009056884	-0.0699251551	-0.061314369	0.0220075449	0.0610621691	-0.157506003	0.0028093299	0.1522040861	-0.0521519927	-0.0341123382	-0.0195798106	0.0542358973	-0.0451710358	0.0293380423	-0.0456593994	-0.1005390809	-0.0724301741	-0.0098777595	-0.0107812803	0.01828878	-0.1599781302	-0.0497811384	-0.017559263	-0.0429926537	-0.009931645	0.0013203312	0.0734831996	-0.002387573	-0.0280795955	0.0246341849	-0.0503381242	0.00305103	-0.0490330713	0.0130775023	-0.0251555026	0.1672350333	0.0787780762	-0.0747378584	0.0984683299	0.0324797884	0.1526390312	0.0179655717	0.0992775257	-0.0426642959	-0.0472758065	0.0373179743	-0.0619007433	-0.0317148334	0.046577816	-0.0264306763	-0.0199300167	0.0442790525	0.0353590257	0.062358952	-0.0851145967	0.034522408	-0.0174731315	0.0429378015	-0.0882922732	-0.0509316605	-0.0009680544	0.078832228	0.1416300232	-0.0241704493	0.0229807507	0.0154663185	0.0127852979	-0.0287154521	-0.088724724	-0.0011276039	0.0497353543	-0.0146751478	-0.0354565397	-0.1408055127	0.0808571781	-0.0419677774	0.0889615221	0.0314573006	0.0549565665	-0.0453920879	0.1289919089	0.0760973509	0.0092046854	-0.0052629028	-0.0734180986	0.0496012773	-0.0098090886	-0.0073160288	0.0061133822	-0.0390730371	0.1085806996	-0.011004006	0.0854965926	-0.1216126587	-0.0156506224	-0.0925327818	-0.1277316777	-0.0365929178	0.0504996654	-0.0641550082	-0.0317807883	-0.0007787315	-0.0953581613	0.0798068451	0.1500672512	0.0712095441	-0.0860083304	0.08439467	-0.0817276244	0.0780404828	-0.0733792667	0.067802156	0.0	0.00357398	0.0022782	1.27733330404e-05	5.190195240000001e-06	0.0695538	-0.0647502	0.00419258840004	0.00483773109444	-0.0488413	-0.04228405	0.0017879408844024	0.0023854725856899	0.00496197	0.0009689399999999	9.388447235999994e-07	2.4621146280899994e-05	0.000995399	-0.000512841	2.630058912810002e-07	9.908191692009995e-07	-0.00060587	0.000276243	3.670784569e-07	7.631019504900001e-08	0.0	0.0	0.0	0.0	0.0	0.0	0.0	0.0	0.0	0.0	0.0	0.0	0.0	0.0	0.0	0.0	0.0
6261.871298093009	-14.432249299793511	208.2898198513903	39211032.15388102	6362.991678004251	2.1263134730843376	40487663.09435136	4.521208985819978	4264.382813962381	-13.021172079733333	169.55092233002688	18184960.78401772	4337.043581560746	7939.388974748968	1.196923	26.555849	0.20313538	0.107081	0.0012202839	0.0444335402	-0.0533830198	0.0413397869	0.0116522867	-0.0956696648	0.0577405871	0.0160505239	0.1139511415	0.0199027703	-0.0032138867	0.0206808232	0.0496398914	-0.0515898582	-0.0779873569	0.0337384096	-0.0548333663	-0.068778657	-0.0183022307	-0.0086336256	-0.151355555	0.0474206456	0.0055972344	-0.023849499	0.1302088701	0.0021848637	-0.1243299426	0.0106139342	0.0736926685	0.0901753747	-0.0118121263	0.0274698497	0.0073716206	-0.0698018065	0.0620353848	0.0650262292	0.0053940978	-0.0404359715	0.0652784519	0.066466891	0.0119056252	-0.0559767879	0.063487189	0.0408263172	0.0297541895	-0.0411434913	0.0022531665	-0.0552188306	-0.0275331247	0.101434309	0.091327715	-0.01189092	-0.0227747971	0.0660071264	-0.0046181161	-0.0439438751	0.0003347624	-0.0425987667	0.0570664508	0.0726297844	0.0380531459	-0.0028590737	0.091802804	0.0332681378	0.0260530325	-0.0003912387	-0.0584037666	-0.0984991391	0.0043616015	-0.0362951088	-0.13499593	-0.0444716842	-0.0907806382	-0.0519885097	-0.0475622726	0.0576265945	0.008795491	0.0117107964	0.011617648	-0.0227774879	-0.0076715941	-0.0362956853	0.0211837311	0.1080103886	0.0471395026	-0.0572563195	-0.0219961297	-0.0095194282	-0.0832225743	-0.0369911468	0.134124633	0.1264823658	0.1131581633	-0.1056902855	-0.029326243	-0.0227072875	0.0731244993	0.0612114735	0.1263949196	0.1721812975	0.0910945727	-0.0006993038	0.0749972526	0.0626971386	0.0087596552	0.1060473228	0.1404274045	0.0222191226	0.0035521373	0.0573863619	0.0736603605	-0.0893707957	-0.0031320085	0.0978526936	-0.0817579219	-0.0831529147	0.0431191071	-0.0446551889	-0.0274797819	0.0207209003	0.1023057234	0.0353779506	0.020930551	0.0027695003	0.0259451338	0.0433117777	0.0367773492	0.0192022568	-0.0158366771	-0.0467083458	0.0578604836	-0.0582256912	-0.0183900304	-0.0220270859	0.073018058	-0.0179474609	-0.0936292178	0.1280758032	0.0411189421	-0.0045844017	-0.0195133312	-0.0682597861	-0.0049403414	-0.0376238713	-0.0223320498	-0.0238742811	0.0127165489	0.0457001575	-0.0573921841	-0.0003423431	-0.0285485676	0.152798965	-0.0619435868	-0.0377233072	0.0504585087	-0.0628036329	-0.1526336135	0.0686495443	-0.0309338372	0.1124077167	0.0650734274	0.0278134007	0.0391692772	-0.0271914603	0.0099379147	-0.0946552575	0.0194125072	-0.0132326731	0.0130151749	0.0166928043	0.0442584502	0.0001517262	0.0077169269	0.0213211853	0.1487023992	0.0326231888	0.0894643191	0.0640640475	-0.1417165664	0.0180350873	-0.0515797394	0.0039180266	0.0854745828	0.0434667677	-0.0099472904	-0.0064477424	-0.0489030598	-0.0249297753	0.0453876306	0.0143431728	0.0683954686	-0.0529507819	-0.072179031	-0.0395630068	-0.0152318415	-0.1175240682	0.0229000081	-0.0535998756	0.019309928	-0.0965323903	-0.0387967821	-0.0552391243	0.0843585783	0.0621149723	0.0189642142	-0.0861159682	0.0848228017	-0.0826818895	0.0797146284	-0.0759506742	0.0714276451	0.0	0.00557201	0.0019980299999999	3.104729544009999e-05	3.9921238808999984e-06	0.11649	0.0469362	0.0022030068704399	0.0135699200999999	0.0194966	0.0683379	0.0046700685764099	0.0003801174115599	0.00394086	-0.0010211099999999	1.042665632099999e-06	1.55303775396e-05	0.00164259	0.000647191	4.1885619048100013e-07	2.6981019081e-06	-0.000654834	-4.896399999999997e-05	4.2880756755600005e-07	2.3974732959999976e-09	0.0	0.0	0.0	0.0	0.0	0.0	0.0	0.0	0.0	0.0	0.0	0.0	0.0	0.0	0.0	0.0	0.0
6254.870716563301	-7.000581529707233	49.00814175407807	39123407.68092111	6376.737453493298	13.745775489046537	40662780.550784186	188.94634379527253	4267.529019176584	3.146205214203292	9.89860724987998	18211803.92951426	4337.860082607825	7712.161764155629	1.301738	28.881365	0.21586236	0.106683	0.0660046648	0.0517193328	0.0489429707	0.081407808	0.1001368584	0.0150463456	-0.0301366218	0.0162110713	-0.0270252215	-0.0787897368	0.0262448886	-0.0087195141	0.0248006255	-0.089127493	-0.0558204247	-0.0037438761	-0.0157594566	-0.0856121675	0.0280506098	-0.0360966376	0.0652697582	-0.0062086893	0.0684629992	-0.0086162163	0.0951290651	0.0380020791	0.0080095228	-0.1230751046	0.0009512801	0.1540447838	-0.0325388935	-0.1008341215	0.0262226661	0.0195708446	-0.0245851387	-0.0202351912	0.0185167063	0.0079598053	0.0683866837	-0.0426369439	0.0636506043	0.066590092	-0.0047566492	-0.0029704798	-0.0242583968	0.0145513193	-0.004583762	-0.0756126507	-0.084520528	-0.0062304311	0.0514186754	0.1665499786	-0.1138132097	0.0451986867	-0.0112239887	0.0203208547	0.1076152178	-0.034258837	-0.0271609183	-0.0144703411	0.026790786	0.0071799953	0.0477647556	0.1209771077	0.0596583196	-0.0594174256	0.0098126633	-0.0240125159	-0.0919178683	-0.0773898288	-0.0246949523	-0.0113887761	0.0011795375	-0.1447039306	-0.0425534125	0.019572486	0.0530183031	-0.0604270386	0.0068796172	0.0723344895	0.0269222898	-0.0802584711	0.0990471148	-0.0921379986	-0.040012834	-0.0535618986	0.0144808473	0.0361759462	0.0089887428	-0.0098918717	-0.0039956627	0.1298717553	-0.0411088667	-0.0207179234	0.1212631536	0.0795940566	-0.0208132895	-0.0569082977	-0.0002047732	0.0993914606	-0.006101113	-0.0157068323	0.0354332177	0.1317590647	-0.0678926396	-0.0461719686	-0.0057813224	0.0217323296	-0.0557270138	0.0532123289	0.0643514807	-0.0409833235	0.0687261467	0.1564736309	0.0745853896	-0.0629916152	-0.0279234629	0.0486076432	0.0307500974	-0.0402666635	0.0775068959	0.04933254	0.0678673274	-0.0229525651	0.0141672649	0.0190589064	-0.056251687	0.0888013541	0.0241617479	-0.1030725874	0.0382142319	0.0828770015	-0.069700034	-0.0074377157	-0.0776180793	0.0052494374	0.0678400039	0.0935685851	-0.0640729892	0.0105356993	0.040679429	-0.0731334652	0.007583492	0.1970570186	-0.0343474954	0.0963930492	-0.057281075	0.0020804665	-0.135317389	0.0160037396	-0.1125800765	0.0617292338	0.010682251	-0.1190957376	-0.0535699737	0.015609392	-0.0255008315	0.0529818881	0.2025882329	0.022337618	0.03596685	-0.0122722094	0.0521087841	0.0432661204	-0.0011281183	-0.0564587197	0.1038466472	-0.0279237847	0.0034275459	-0.0446894473	0.0069751901	-0.0348063207	0.1197986279	0.0015479365	0.021169602	0.0298122899	0.0358687584	-0.0225557112	-9.53712e-05	0.035914221	0.0439559628	-0.0280555161	-0.0609257407	-0.0185367316	0.0806181937	-0.0926156765	-0.0251765301	0.0715584882	0.00457485	0.0278588832	-0.0259889723	0.0209796505	-0.0330320624	-0.0491366483	0.0395756997	-0.0325155862	0.0163824688	-0.0635310426	0.0638135637	-0.0075095609	0.0200068767	-0.0159424138	0.0112121418	-0.0965708677	-0.1072961985	-0.0862116837	0.0852039625	-0.0835331432	0.0812122292	-0.0782592828	0.0746972852	0.0	-0.0173749	-0.0229469099999999	0.0003018871500099	0.000526560678548	0.0929306	-0.0235593999999999	0.0005550453283599	0.00863609641636	-0.0470013	-0.0664979	0.00442197070441	0.00220912220169	0.00490709	0.00096623	9.336004129000004e-07	2.40795322681e-05	0.000598742	-0.001043848	1.089618647104e-06	3.58491982564e-07	-0.000607749	4.708499999999999e-05	3.69358847001e-07	2.2169972249999992e-09	0.0	0.0	0.0	0.0	0.0	0.0	0.0	0.0	0.0	0.0	0.0	0.0	0.0	0.0	0.0	0.0	0.0
6258.981786518501	4.111069955200037	16.900896176548432	39174853.00397033	6329.674996052712	-47.0624574405856	40064785.555654906	2214.874900346931	4258.540282510418	-8.988736666166005	80.79738685367715	18135165.337763917	4330.899270022494	7896.815921328653	1.423903	31.591799	0.05792395	0.0354672	-0.0274122115	0.1005121263	-0.0947484713	-0.0877244999	0.0808602153	-0.0105565787	0.0088688742	0.0571825733	0.0813322439	0.0168101787	0.0069980111	0.0167075942	0.008483642	-0.1333179435	-0.1182672885	0.0239864485	-0.1305397975	0.1186595633	0.0553651736	-0.0182367893	-0.0052661264	-0.0087291824	0.0606056382	0.046280159	0.1358443517	0.1392921213	0.0465559674	0.001663189	-0.124556202	-0.0567257745	-0.0387635153	-0.0351061891	-0.0163787231	0.0041116512	-0.0189569848	-0.0901710884	0.0965145111	-0.0946970602	-0.0542709364	-0.0499821452	0.0472566437	0.0380022309	0.0155108309	0.0347663886	0.0360351296	-0.0159225894	-0.0105682649	-0.054995787	-0.0651709073	0.0576042299	-0.0284301451	-0.1702740077	0.0849834784	0.036966153	0.0378208109	0.0495511624	0.0998707592	-0.0133136899	-0.0111484767	0.001705979	-0.0005538078	-0.0672498191	0.0752341775	0.0418891937	0.1191559089	0.0587685032	-0.0283700154	-0.0008225541	-0.010621978	0.0015199738	0.0192136221	-0.0121713628	4.93638e-05	0.0480405104	-0.0443328451	0.0428494507	0.0191541243	0.0493695014	-0.0699740795	0.0042660856	-0.0693668856	-0.0136761303	-0.0907274933	0.0003191087	0.0587233544	-0.046835429	-0.0107667771	-0.0567529096	-0.0239201378	-0.0616480877	-0.1048549546	0.0024674689	-0.0777211515	-0.1314838174	0.1234550493	0.0145730751	-0.0175894185	0.0299210711	-0.0287901393	-0.087710773	-0.0315722885	-0.0682149965	0.1267885756	-0.0866974723	0.0306223824	-0.0178009295	-0.0146816204	0.0237575698	-0.0372360591	-0.0102384591	0.1385960284	-0.0862498376	0.018736733	-0.1045378933	0.1095444565	-0.0713770793	-0.020042755	0.054771328	-0.0231390678	-0.087593691	0.0223072327	-0.0254040256	-0.0635882151	-0.0924522146	0.0128979291	-0.1362977271	-0.0124938788	0.0266675504	0.0251586557	-0.0758641014	-0.0266176776	0.0208208398	-0.0896028768	-0.0965464175	-0.0510882936	-0.1067655617	0.0378621749	0.0583924849	0.0806125424	-0.0161581031	0.0060155969	0.0413573529	0.0307733359	-0.0923816077	0.0316904143	-0.0071294723	-0.0177383301	0.0007659224	-0.0086692251	-0.1217513677	-0.0544437986	0.1094566653	0.0224363653	0.0050100772	0.074974623	0.0147322502	-0.0523545144	-0.0455792359	-0.0319038471	-0.0180741786	-0.0516506551	-0.0236838732	0.0898932023	-0.1112253224	-0.0038228661	-0.0218513212	-0.0094372621	0.0328366018	0.0117064305	0.0376645483	-0.0627402381	-0.0379623485	0.0023914484	-0.056565773	-0.0119501181	-0.0112261652	-0.11675245	0.0617586472	0.0306427382	0.0238476978	0.1201660314	0.0489426179	0.1041014163	-0.0404849303	0.1095020712	-0.0731579002	-0.0715080303	-0.0550555187	-0.0218903802	0.0195173414	-0.0535675753	0.0771794435	0.094384369	-0.0055709827	-0.1002224743	-0.0820484948	0.0096847493	-0.0786240652	-0.1086176412	0.0182561403	-0.0583590493	-0.043515922	-0.0740846926	-0.0222446839	0.1012467123	-0.0862954639	0.0855379411	-0.0842803251	0.0825299684	-0.0802971043	0.0775947873	0.0	-0.0046433	0.0127316	2.1560234890000005e-05	0.0001620936385599	0.0921131	-0.0008174999999999	6.68306249999998e-07	0.00848482319161	-0.0153904	0.0316109	0.00099924899881	0.00023686441216	0.00479309	-0.000114	1.2996000000000089e-08	2.29737117481e-05	0.000655534	5.679200000000006e-05	3.225331264000007e-09	4.297248251560001e-07	-0.000523262	8.448699999999995e-05	2.73803120644e-07	7.1380531689999924e-09	0.0	0.0	0.0	0.0	0.0	0.0	0.0	0.0	0.0	0.0	0.0	0.0	0.0	0.0	0.0	0.0	0.0
6264.022399354753	5.040612836251967	25.407777764988097	39237976.61961808	6379.054593338926	49.37959728621354	40692337.50479845	2438.344628148628	4258.698916575948	0.1586340655294407	0.0251647667463988	18136516.46204515	4327.206907861209	7728.664811401181	1.370711	30.411655	0.0886660899999999	0.0456287	0.0793722941	0.0271868041	-0.0025080318	0.0391468226	-0.0074230674	-0.0923010484	0.0610314189	0.0290653657	-0.0141512357	0.0234821055	-0.0267524791	0.0511335581	0.0264954255	-0.113992651	-0.0021933791	0.0850761442	-0.0316892712	0.0315839613	-0.115184966	0.0395131139	0.0700606914	0.03659192	0.0042411982	0.0104102869	0.035081055	-0.0949005346	0.0251737549	0.0541380756	-0.0245132401	0.0380938968	-0.048233881	-0.003547375	0.0631019092	-0.0149205852	0.0468860285	-0.0464545315	0.0404875439	0.0188563651	-0.0160297331	0.0126022272	-0.0514091945	-0.0698582095	0.0287561024	0.093271432	0.0794903749	0.132812832	-0.0003018068	-0.0707878883	0.0889390848	0.0620210647	-0.0451024021	-0.0049570146	0.009747864	0.0331901571	0.0180028099	-0.0905433337	-0.1045806723	0.123036039	-0.0870838142	0.052323436	-0.0656573978	0.0176568309	0.088180479	-0.0557865485	-0.0943250451	-0.0709275098	-0.0152678464	0.035635352	0.0257803666	0.1169252604	-0.0546503287	-0.1342577265	0.0675133643	0.0093178172	0.0140576771	-0.0946086501	0.0557324015	-0.0660800243	-0.0465350149	-0.018689791	-0.0090150905	-0.0106774853	0.0489757405	0.0182398514	0.0783170313	0.0338166559	0.0615686695	-0.0179448158	-0.0423177942	0.0054787911	-0.0288724223	0.0492717639	-0.0016170547	0.0369181926	-0.0055212176	0.0162922175	0.0912338782	-0.0161399616	-0.0543406595	-0.0728380055	-0.0514549313	0.0705069924	0.0174575462	0.032197314	0.1248423446	-0.0383267148	-0.0307699846	0.0477419752	0.0052774193	0.0188929516	0.0791845683	0.0417780773	-0.1066633558	-0.0129132267	0.048005226	-0.0390340348	-0.0216520975	-0.0303324237	0.0898517389	0.0885347086	0.0352150588	0.0442811786	0.0015726753	-0.0080228084	-0.0177578753	-0.0740868338	0.0605060962	-0.0363768596	-0.0328299958	0.0213700845	0.0228222123	-0.0168693151	-0.0625028328	0.0942151907	-0.0658125947	-0.0436043564	-0.1349762205	-0.0533002668	-0.0767924556	-0.0764043894	-0.0308963284	0.0030178585	-0.0364287777	0.036231571	0.049439159	-0.1132689988	-0.00764633	0.0466052769	0.0402437083	0.0885916486	0.0645642159	-0.1056144284	-0.1067348209	-0.0440433392	0.1254002035	-0.0108824843	-0.0660348543	-0.0979244433	-0.0273532431	-0.0105816843	0.0225920214	0.001978331	-0.1313891438	0.0309055769	0.0047715118	0.0167661688	0.0443988146	-0.0329524818	-0.081656895	0.0123143028	-0.0895448832	-0.04588879	0.0160449407	0.0135687783	-0.0377911918	-0.0241089687	0.0341414633	0.0427689543	-0.058956561	-0.1297256559	0.0048553989	-0.0582371621	-0.0261101715	0.0360347769	0.0216951671	-0.0586036384	-0.0912329261	-0.0126544081	0.0750128623	-0.0479716426	-0.0452644204	0.0115783814	-0.0644431659	0.0782928369	0.0044098532	-0.007522327	-0.0951758154	-0.0339759042	-0.0131023562	-0.0893690916	-0.0731174064	0.0314671185	0.0786794455	-0.0337308116	-0.1008156705	-0.0863672969	0.0858245528	-0.0849225041	0.0836649275	-0.0820570877	0.080105716	0.0	0.0075115399999999	0.0121548399999999	5.6423233171598496e-05	0.0001477401354255	0.130705	0.0385918999999999	0.0014893347456099	0.0170837970249999	-0.010364	0.0050264	2.5264696960000005e-05	0.000107412496	0.00467996	-0.0001131299999999	1.2798396899999885e-08	2.1902025601600004e-05	0.000934027	0.000278493	7.7558351049e-08	8.72406436729e-07	-0.000789498	-0.000266236	6.23307092004e-07	7.0881607696e-08	0.0	0.0	0.0	0.0	0.0	0.0	0.0	0.0	0.0	0.0	0.0	0.0	0.0	0.0	0.0	0.0	0.0
6255.550811185232	-8.471588169521056	71.76780611396912	39131915.951320216	6349.656549263544	-29.39804407538213	40318138.29360541	864.2449954581105	4257.407370414589	-1.291546161358383	1.6680914869195742	18125517.51766047	4327.65966416146	7856.546872313005	1.239503	27.500557	0.17205271	0.0882251	0.0058155703	0.0841368522	-0.0881741313	-0.0078678715	0.112250341	0.0217010389	-0.0048415304	0.0094998214	-0.0397579027	0.0148848033	0.0282880589	0.0369228133	-0.0406669558	-0.1069133113	-0.0732612524	0.0343521325	-0.1181522099	0.0324528979	-0.0076947452	-0.0734162213	0.0901653793	-0.0716557016	0.0804617125	0.0264593911	0.0496792358	0.0943748726	0.0129641016	-0.0153360067	0.0108573156	-0.073913002	-0.0354700118	-0.1278669844	0.0078186052	-0.0471494246	-0.0509967186	0.0198819391	0.0784457958	-0.0224646088	-0.0010938446	-0.0827007267	-0.0262056171	0.0268039095	0.038852354	-0.048163513	0.0423220559	-0.0167623817	-0.0671508701	0.1053682891	-0.0673030642	-0.0017915229	-0.0663957489	0.0092600272	-0.1084078843	-0.0579090485	0.1065826987	-0.1478696674	0.0600100079	0.0422103929	0.0106912892	-0.1188724637	-0.0315279565	0.0087447658	0.0802058667	-0.1016269813	0.0246896654	0.001087893	0.03734737	0.1786679926	-0.1057796794	0.1070041341	0.0186501767	0.0905754154	0.0076095128	0.0227849752	0.0196262075	0.0001179733	0.0307986517	0.0372830196	0.030162125	-0.075339292	-0.0110663213	-0.0906213426	-0.0332010746	0.0018002242	-0.0485171867	0.0017946787	-0.0847419961	-0.1085480414	-0.0681547404	-0.0477308028	-0.0352901919	0.0457659119	0.0194385916	-0.0998885245	-0.0231217006	0.0316079245	0.0470155617	-0.0284166107	0.0130496947	0.0678801744	-0.0086164493	-0.0448148228	0.1148005399	0.017980095	0.0408639833	-0.0321378098	-0.1195767255	-0.0229352742	-0.0967078341	0.0079180009	0.0825675993	-0.0316828395	0.0624794693	0.063213077	0.0306141553	-0.0328324694	0.0263885089	0.0781004413	0.1100567792	-0.0522360008	0.0033417631	-0.0418319148	-0.1266585877	0.0130251693	-0.0246808216	-0.03090812	0.0212467395	0.0255371798	0.05127881	-0.0635156675	-0.0554811003	-0.0133827323	-0.0350289409	0.0303436402	-0.1130752206	0.0128620047	0.0474441102	0.095937957	0.0876547164	-0.0610702755	0.059937755	-0.0858554843	0.1013239291	0.0254469298	0.0260903635	0.0463586507	0.0593318208	-0.0873090578	-0.0552870601	0.1053948953	-0.0693396157	-0.1862112297	-0.0450594921	0.084156507	0.0799350151	0.0552006483	-0.0257180185	-0.0268572415	-0.0367923471	-0.1189888904	-0.0594150937	-0.0139684157	0.1170689432	-0.1189530824	0.0610018745	0.0055288658	0.1054825904	0.0454827926	0.0752851422	0.0363205003	-0.055427087	0.0234407495	-0.0626385879	-0.0215479013	0.0317444497	0.0194508273	0.0115592485	0.0326260442	0.0339222581	-0.0279924771	-0.0131164183	0.0234302103	0.0555305728	-0.0922107195	0.0995083543	-0.1049381126	-0.0050297883	0.052952327	0.0350970306	0.0406533495	-0.0613740938	0.066882691	0.0291520741	0.1131099563	-0.1196963236	-0.0190774714	0.0436059392	-0.1178194356	-0.0034154032	-0.0595939671	0.0107767811	-0.0861501105	-0.1239858012	0.0292020487	0.0652863127	-0.086427173	0.0860636387	-0.0854588803	0.084614593	-0.0835331432	0.0822175621	0.0	0.0221849	0.0146733600000001	0.00049216978801	0.0002153074936896	0.0655336	-0.0651713999999999	0.0042473113779599	0.0042946527289599	-0.0370189	-0.0266549	0.00071048369401	0.00137039895721	0.00548552	0.0008055599999999	6.489269135999991e-07	3.00909296704e-05	0.000557889	-0.000376138	1.4147979504400004e-07	3.11240136321e-07	-0.000660135	0.000129363	4.3577821822500006e-07	1.6734785769000022e-08	0.0	0.0	0.0	0.0	0.0	0.0	0.0	0.0	0.0	0.0	0.0	0.0	0.0	0.0	0.0	0.0	0.0
6259.949716194912	4.3989050096797655	19.350365284185735	39186970.44928876	6352.709305026932	3.052755763388632	40356915.514175765	9.319317750902508	4260.92970651095	3.52233609636096	12.406851575727362	18155521.96382749	4327.763138646987	7778.188375821079	1.080702	23.977291	0.18289002	0.0887479999999999	0.0484533674	0.0564556895	-0.091357171	-0.0604821728	0.0149555452	-0.0581868087	-0.0451106031	0.0713804291	-0.0238965273	0.030467079	0.0798121193	-0.1084787374	-0.0465152159	-0.0503217032	0.0289155553	0.077002375	-0.0528796183	0.0818240415	0.0381803245	0.0117370168	-0.0031527414	0.0041203326	-0.0120232559	0.0215970558	0.0368959268	0.0184928862	-0.0269241953	-0.0304625245	-0.0142561192	-0.063958671	0.0216045393	-0.1327770474	0.0215824573	0.1006225539	0.0203188659	-0.0541448322	0.0415404602	0.0190411905	-0.1009955971	0.046425312	0.0703784124	-0.04304645	-0.0566251262	0.0087714393	0.1251454844	0.0952663019	-0.0652084099	0.0175997056	-0.0466853189	-0.0033447479	-0.0508001285	-0.0138151159	0.0213532078	0.0058637791	-0.0345141878	0.0113814605	0.005477958	-0.0004105375	-0.0266247625	-0.0469583047	0.0172208795	-0.0347486282	-0.0075557133	-0.093212105	-0.0327427058	-0.007713266	-0.0060237097	0.0282344493	0.0386504354	0.0472224607	0.0879208895	0.0475030799	0.0032760942	-0.0060594868	0.1186578424	-0.0218765363	-0.1775595133	-0.0362812871	0.1009847532	0.1462345159	0.051656912	0.0540462126	0.0489282328	0.0198183303	-0.0476633193	0.0140020513	-0.0246301416	0.0130281818	-0.0191653333	0.1570596376	0.0916595294	0.0083906988	-0.0405792199	0.0690384509	0.0067562258	-0.0953125267	0.1111940406	0.0121925979	0.0125955163	0.0464682698	-0.0328028445	0.0299692966	0.072315955	-0.086207954	0.0446682866	-0.0528070499	-0.0311541467	0.0033479464	0.0497370169	0.0012598682	0.0097483444	-0.0240941938	-0.0199637819	0.0218501547	-0.0161325431	0.0182404168	0.004668449	0.1076246133	0.052676116	-0.1157725912	0.0673499482	-0.0150761924	-0.0094129583	0.028476825	-0.0356921667	-0.0871254531	0.0075516574	-0.0429185929	-0.0195901891	-0.0929548287	-0.0317164115	-0.0072769442	-0.0491541797	0.0681567037	-0.0777353016	-0.0852869095	0.0382077461	-0.0711913801	0.0499842302	0.0454051616	-0.0091205916	0.0611997935	-0.0143180888	0.0224958563	0.0339661825	-0.0106005117	0.0082044186	-9.61605e-05	0.1292206708	-0.0307281948	-0.0056410795	0.0089900418	-0.0115537512	0.0795439491	-0.0732265425	-0.0329686167	0.0828133526	0.09540119	-0.0212056294	-0.0705637472	-0.019557349	-0.0003353479	-0.0477981243	0.1442017565	0.0540498778	0.1740011122	-0.0686534103	-0.041828888	0.0154602662	0.04998913	-0.0422686894	0.0066364095	0.0603765054	0.0699126215	-0.0202710349	-0.0941305862	0.0505889023	0.0164183177	0.0574992858	-0.0918160273	-0.0896421328	-0.0310646872	0.0507684403	-0.0031155566	0.0034159134	-0.0557288907	-0.0665588301	-0.0639399302	-0.0504571279	0.0418661032	0.0032072182	-0.0285814278	-0.049680587	0.1236562141	0.0160700776	-0.0242825939	-0.0271230518	-0.1196020301	-0.0760552265	0.0775915174	0.0072815746	0.0027544004	0.0445882338	-0.0782566248	-0.0650450159	-0.0864750839	0.0862550665	-0.0858887854	0.0853768617	-0.0847201635	0.0839198044	0.0	0.0137615	-0.0084234	0.0001893788822499	7.095366756000002e-05	0.110542	0.0450084	0.00202575607056	0.012219533764	0.00626867	0.04328757	0.0018738137165048	3.92962235689e-05	0.00449866	-0.00098686	9.738926596e-07	2.02379417956e-05	0.00107264	0.0005147509999999	2.649685920009999e-07	1.1505565695999998e-06	-0.0008819369999999	-0.0002218019999999	7.778128719688236e-07	4.9196127203955664e-08	0.0	0.0	0.0	0.0	0.0	0.0	0.0	0.0	0.0	0.0	0.0	0.0	0.0	0.0	0.0	0.0	0.0
6271.238222047425	11.288505852512571	127.43036438221058	39328428.83766855	6365.675625966825	12.966320939892285	40521826.17502812	168.12547871628914	4265.718100318091	4.788393807140892	22.92871525226525	18196350.911381382	4331.605036748497	7907.488212808205	1.132765	25.132389	0.21007427	0.110382	0.0136707709	0.0469217747	-0.0199096062	-0.0379163777	-0.0697956405	-0.0234802089	0.0340666269	-0.0007715217	-0.0466379437	-0.0777602237	0.1464538624	0.0058369603	0.0219095397	-0.0051380137	-0.0423674211	0.0147873597	-0.0147600121	-0.0243275471	-0.0858869557	0.1061620215	0.0080305404	-0.0762081073	0.1158507906	-0.017872036	0.0762645343	0.0620343111	0.0333724185	0.0330860196	-0.0358438596	-0.1129325781	0.0202558793	-0.0933458507	-0.0298840514	0.0350015571	0.0058867943	0.0196030612	-0.0869352723	-0.1067684812	-0.0190018351	0.1121570377	-0.0423466894	-0.0838201574	0.0119136162	-0.023874221	0.0096725021	-0.0098841089	0.096469918	-0.0276976878	-0.0428444047	-0.0167890203	-0.0724928514	0.0089296733	0.0872054403	-0.0787358379	0.0417879198	-0.0306487243	0.0073394457	-0.0042077392	0.0673656235	-0.0901311854	0.0357505608	0.052815036	-0.0648709792	0.0525027533	0.0036294657	0.0001578505	0.1998553267	0.0724037216	-0.014488967	0.0153203643	0.0521900636	0.0105896919	-0.0650608743	0.0461910134	-0.0017710985	0.0824066134	0.0181919453	-0.0564206283	-0.061235994	0.0512198003	0.0998238966	-0.0387974931	0.0416606003	-0.0782229473	0.0350787062	0.0017396123	0.0428766291	0.0476156984	0.0783814277	0.0937199806	-0.0476870431	-0.0789752342	0.0120533573	0.105735514	-0.0584279764	-0.1191442838	-0.0335000454	0.0112031022	0.0681710332	-0.0513545202	0.0261168673	0.0180295594	-0.0287342064	-0.0006997853	0.1009176183	-0.0505316349	0.0527688465	-0.050733711	-0.149351429	-0.0215592289	-0.0016613997	-0.0918480458	0.0519813463	-0.0782874607	-0.0877925821	0.012094583	0.0419101391	0.1102938256	-0.0526816459	0.0269821237	0.0012183757	0.0295368874	-0.1078580465	0.0656193531	-0.0588680096	-0.0986612322	-0.0756900316	0.0350294594	0.0607342408	0.0288181886	-0.0372786812	-0.0383286847	-0.1397131602	-0.0153258612	-0.0016632176	0.1310377831	0.0736544896	-0.0592793748	0.0175334221	-0.0560072997	0.0335997008	0.0134055984	0.0006740052	-0.0273634926	0.0656958469	0.1752573231	-0.0319429323	0.0435131909	-0.0160933894	0.0212489224	0.0028298519	-0.0150741047	-0.0480330979	0.1185083998	-0.0286518085	0.083537512	0.0411807191	-0.0936763317	0.0163924567	0.0532419425	0.0083416852	-0.0070265885	-0.0534979867	0.0908823463	-0.0040372753	0.1460118984	-0.0450141616	-0.0432532407	0.009177266	-0.0648462839	0.0472267696	-0.1236091014	-0.0173978585	-0.060724435	0.0516085173	-0.0033712856	0.0028239813	0.0074347777	0.0852873648	-0.0126556085	0.0074694038	0.0002914259	-0.0148453669	-0.0863648792	0.0885190117	-0.0711835907	-0.0288953206	-0.0704547375	0.1147587896	0.0474364046	-0.0130739262	-0.0373117299	0.0115062721	0.0878935474	-0.0845965928	-0.0579147199	0.0511185792	-0.1239528983	-0.0248940233	-0.005968086	-0.0273663566	0.0494786074	-0.1159938245	0.0178825947	-0.0221979588	-0.0865110228	0.0863987302	-0.0862116837	0.0859500453	-0.0856140413	0.0852039625	0.0	0.0164531	0.0026915999999999	0.0002707044996099	7.244710559999994e-06	0.0671612	-0.0433808	0.0018818938086399	0.00451062678544	-0.0754042999999999	-0.0816729699999999	0.0066704740286208	0.0056858084584899	0.00536788	0.00086922	7.555434084000008e-07	2.8814135694400004e-05	0.000473753	-0.000598887	3.58665638769e-07	2.24441905009e-07	-0.000703466	0.0001784709999998	4.948644131560001e-07	3.185189784096429e-08	0.0	0.0	0.0	0.0	0.0	0.0	0.0	0.0	0.0	0.0	0.0	0.0	0.0	0.0	0.0	0.0	0.0
6278.481119331638	7.242897284213541	52.459561069667885	39419325.16580386	6365.907876126107	0.2322501592825574	40524783.0873244	0.0539401364867733	4266.657454078165	0.9393537600735726	0.882385486564359	18204365.830440767	4335.74466422368	7947.016263996597	1.172531	26.014664	0.12515645	0.0728318	-0.0036764951	0.0320551778	-0.1120540301	-0.0003617813	0.0222277267	0.0291276912	-0.0294177296	-0.0882074129	-0.022213109	0.0889411928	0.0660768146	0.0087615214	-0.0193328008	-0.022137388	-0.0426102116	0.0130967037	-0.0414772589	-0.0322788927	-0.0067265747	-0.0761618723	-0.0230271821	-0.0633532718	0.0196921266	0.0757229302	0.0046212355	0.0456831702	0.0292781009	-0.0150143128	-0.0155984907	-0.0203533448	-0.0799309335	-0.0188274635	-0.0513120154	0.0101630116	0.0334810661	0.0596796878	0.0262714031	-0.0240984281	0.058522688	-0.1098936313	-0.0827037232	0.0089040117	-0.0611399877	-0.1089803561	-0.0779887998	0.0949101093	0.024648356	-0.0203943195	-0.059714715	0.0230345588	-0.0989372072	-0.0528732613	-0.0419209639	-0.0033856873	-0.0037796359	-0.0379556802	0.0486620458	-0.0383149969	0.0633034125	-0.0339842991	0.0094641223	0.0149519613	-0.0419444062	0.0894048926	0.0600197948	-0.0109246097	-0.0295187294	0.0138501446	-0.0478307333	0.0140064313	0.0682123431	-0.0391172523	0.0557540864	0.0384725317	-0.0168428795	0.0575745249	-0.05714517	0.0183186863	-0.0036408203	-0.0530727495	-0.0216814288	0.0859856303	-0.1079752325	0.0275399817	-0.0161677022	-0.0694111644	0.0477511059	-0.0362849211	-0.0343332762	-0.0523247646	-0.0509998483	0.0228654721	0.0782931462	0.0654172247	-0.0648614376	-0.0263933117	-0.0290092946	-0.0041066764	0.0184014	-0.0797896699	-0.0373669496	-0.0046369939	0.0396534274	0.0216291803	0.0047456693	0.0784076539	-0.0567217804	-0.0648760944	-0.0298143013	-0.0488598591	0.0028251026	-0.0679208484	0.0416200455	0.006250811	0.0731282688	0.0395626786	0.0476212259	0.0545351261	0.002779974	-0.028543965	-3.24356e-05	-0.0129632583	-0.0479964476	-0.0794816005	0.007421764	0.0023114361	0.0664657634	0.0594509924	-0.0102989658	0.0849813661	0.0202748549	0.0070446799	0.0056317452	-0.0529631104	-0.1545582305	0.0740882719	0.0857500759	0.0810109637	-0.0067131601	-0.0211059423	0.0356820789	-0.0564953122	0.049059995	-0.0689141668	0.0265475196	0.0604982984	0.0156203972	0.035490278	-0.0158202455	-0.0420340927	0.0188048686	-0.0717729468	0.0818934927	0.0081286018	-0.0232071865	-0.008847699	0.0648444572	-0.0704544885	-0.0402516258	0.0259727166	0.0678272079	-0.0236706787	0.0147051264	-0.0467006696	0.0529104103	-0.0314718803	-0.0688960623	-0.0670886177	-0.024721413	-0.0500923116	0.0507654107	0.047182423	-0.0087045504	-0.0086674652	-0.012366372	0.0570034417	-0.0893463681	0.0423261104	0.029329473	0.0383671209	-0.1419260324	0.0103820769	0.0846181344	-0.0532060512	0.0437510988	-0.0454534294	-0.0572143907	0.0735512659	0.0320129078	0.0452280969	-0.053240404	0.0045664475	0.0245566513	0.083273701	0.0142919357	-0.057972479	0.0945752547	-0.1392438988	-0.0063026009	0.0606032756	-0.0077728982	0.0228497617	-0.1786548844	-0.0270593338	-0.0179988672	-0.0865349849	0.0864945502	-0.086427173	0.0863328744	-0.0862116837	0.0860636387	0.0	0.0157259	-0.0007271999999999	0.00024730393081	5.288198399999961e-07	0.102124	0.0349628	0.00122239738384	0.010429311376	-0.0127589	0.0626453999999998	0.0039244461411599	0.00016278952921	0.0055272	0.00015932	2.5382862400000042e-08	3.054993984e-05	0.0008099239999999	0.0003361709999999	1.1301094124093277e-07	6.55976885775838e-07	-0.000744396	-4.093e-05	5.54125404816e-07	1.6752649e-09	0.0	0.0	0.0	0.0	0.0	0.0	0.0	0.0	0.0	0.0	0.0	0.0	0.0	0.0	0.0	0.0	0.0
6277.535548887389	-0.945570444248915	0.8941034650370905	39407452.56754489	6351.981988803614	-13.925887322493509	40347675.18608551	193.93033771878544	4276.229344256138	9.571890177972818	91.62108157917253	18286137.40467728	4343.0876193148415	7921.369227388479	1.204453	26.722919	0.12131165	0.0635963	0.0439262492	-0.0018592876	-0.0269224196	-0.0281632426	0.0447715313	0.0057530293	-0.0349981066	0.0188313901	-0.0046204929	-0.0747883959	-0.0352764765	0.006422137	-0.1119543007	-0.0718519129	-0.0403392319	-0.0169893244	0.0176588763	-0.0851169028	0.1278533183	0.0312371622	-0.0094377253	-0.0003480692	0.0565804282	0.0695219798	-0.0214109476	0.0271007541	0.0046943282	0.0847940595	-0.0005522792	-0.0048814991	-0.0918594078	-0.019980892	-0.0034950605	-0.0580452183	0.0155698322	-0.0511205095	-0.0309932369	0.0890088978	0.0343594206	-0.0331471696	0.1302569234	0.0671523985	-0.0043467661	0.1179630116	-0.0269947678	-0.0862978998	-0.0125852874	0.0984802383	0.0153306345	0.0158436625	-0.0553888153	-0.1102847599	-0.0887488616	-0.004078872	-0.0455431009	0.0332565773	-0.0748263728	-0.0585133748	-0.0985407829	0.120971687	0.0283882478	0.0038320946	-0.1172216225	-0.027071913	0.0156596591	-0.1311340699	-0.1622315318	-0.0383759727	-0.1032228623	0.1416668412	0.0377663746	0.0372540248	-0.0170423001	0.0318091821	0.0205329967	-0.1256093542	-0.0641040811	0.0096959791	-0.0142055788	0.0726889947	-0.0134199243	0.0174290998	0.0557416494	-0.0780663719	0.0579527938	-0.0136722797	0.0319509754	0.0520805531	-0.0549413636	0.0136267235	-0.0294848729	0.0020981425	0.0431943362	0.0713862996	-0.0148798632	0.1197409954	0.0060290198	0.0133400128	-0.0701096846	-0.0160457445	-0.0675078043	-0.0085390768	0.0085501955	0.0156729093	-0.1092774877	-0.0680277247	0.0524668268	-0.0420966366	0.0033451855	-0.0742068918	-0.0105713147	-0.0652154667	0.0141862833	-0.0211146285	0.1081273218	0.0180313324	0.0181479075	-0.0266299299	0.1174892668	-0.0417275707	0.0023836371	0.0186129783	0.0583496438	-0.1131507032	0.0555083226	0.0816855723	0.0775029067	-0.0844007832	0.0244584487	-0.0654705413	-0.0975443639	0.104094742	-0.0085285905	0.0314627666	0.0963849379	-0.0417635983	-0.040192647	-0.0432798908	-0.0438058527	0.0799772327	0.0573448024	0.0384289479	-0.0227655998	-0.0904525612	-0.0195002435	-0.034686007	0.1236588184	-0.0527062388	0.0787275546	0.0406834516	0.0516792633	-0.0795726436	-0.0547864085	0.1193306971	-0.1618579068	-0.080673296	0.0389866204	0.0031177012	0.045314765	0.0424995543	0.0201294517	-0.0521659454	-0.0530536212	-0.0006340612	0.1090795549	-0.0565770071	0.0785777071	-0.0955225198	-0.0305025183	-0.0258701875	-0.0862204126	0.0132962029	0.0017477697	-0.110544737	-0.1227152749	0.0320682703	0.0364046934	0.0866128223	-0.0866121089	0.0362313873	-0.0123327663	-0.0249889252	-0.0257243071	-0.0615811193	0.0490242443	-0.0456964847	-0.0650256682	-0.0242766032	-0.0504504474	0.0329396187	-0.074978672	0.155005078	0.0814412437	0.0224140521	0.0435227474	-0.0333049651	0.028658399	-0.1682887848	-0.0441794621	-0.0334734069	-0.0039475331	0.181894267	-0.1073927492	0.0156030698	-0.1319850598	-0.0865469667	0.0865424735	-0.0865349849	0.0865245012	-0.0865110228	0.0864945502	0.0	0.0289084	0.0131825	0.00083569559056	0.00017377830625	0.0965209	-0.0056031	3.139472961e-05	0.00931628413681	-0.0515836	-0.0388247	0.00150735733009	0.00266086778896	0.0052489	-0.0002783	7.745089000000023e-08	2.755095121e-05	-0.000167727	-0.0009776509999999	9.558014778008044e-07	2.8132346529e-08	-0.000762472	-1.8076000000000008e-05	5.81363550784e-07	3.2674177600000025e-10	0.0	0.0	0.0	0.0	0.0	0.0	0.0	0.0	0.0	0.0	0.0	0.0	0.0	0.0	0.0	0.0	0.0
