global_signal	global_signal_derivative1	global_signal_power2	global_signal_derivative1_power2	csf	csf_derivative1	csf_power2	csf_derivative1_power2	white_matter	white_matter_derivative1	white_matter_derivative1_power2	white_matter_power2	csf_wm	tcompcor	std_dvars	dvars	framewise_displacement	rmsd	t_comp_cor_00	t_comp_cor_01	t_comp_cor_02	t_comp_cor_03	t_comp_cor_04	t_comp_cor_05	t_comp_cor_06	a_comp_cor_00	a_comp_cor_01	a_comp_cor_02	a_comp_cor_03	a_comp_cor_04	a_comp_cor_05	a_comp_cor_06	a_comp_cor_07	a_comp_cor_08	a_comp_cor_09	a_comp_cor_10	a_comp_cor_11	a_comp_cor_12	a_comp_cor_13	a_comp_cor_14	a_comp_cor_15	a_comp_cor_16	a_comp_cor_17	a_comp_cor_18	a_comp_cor_19	a_comp_cor_20	a_comp_cor_21	a_comp_cor_22	a_comp_cor_23	a_comp_cor_24	a_comp_cor_25	a_comp_cor_26	a_comp_cor_27	a_comp_cor_28	a_comp_cor_29	a_comp_cor_30	a_comp_cor_31	a_comp_cor_32	a_comp_cor_33	a_comp_cor_34	a_comp_cor_35	a_comp_cor_36	a_comp_cor_37	a_comp_cor_38	a_comp_cor_39	a_comp_cor_40	a_comp_cor_41	a_comp_cor_42	a_comp_cor_43	a_comp_cor_44	a_comp_cor_45	a_comp_cor_46	a_comp_cor_47	a_comp_cor_48	a_comp_cor_49	a_comp_cor_50	a_comp_cor_51	a_comp_cor_52	a_comp_cor_53	a_comp_cor_54	a_comp_cor_55	a_comp_cor_56	a_comp_cor_57	a_comp_cor_58	a_comp_cor_59	a_comp_cor_60	a_comp_cor_61	a_comp_cor_62	a_comp_cor_63	a_comp_cor_64	a_comp_cor_65	a_comp_cor_66	a_comp_cor_67	a_comp_cor_68	a_comp_cor_69	a_comp_cor_70	a_comp_cor_71	a_comp_cor_72	a_comp_cor_73	a_comp_cor_74	a_comp_cor_75	a_comp_cor_76	a_comp_cor_77	a_comp_cor_78	a_comp_cor_79	a_comp_cor_80	a_comp_cor_81	a_comp_cor_82	a_comp_cor_83	a_comp_cor_84	a_comp_cor_85	a_comp_cor_86	a_comp_cor_87	a_comp_cor_88	a_comp_cor_89	a_comp_cor_90	a_comp_cor_91	a_comp_cor_92	a_comp_cor_93	a_comp_cor_94	a_comp_cor_95	a_comp_cor_96	a_comp_cor_97	a_comp_cor_98	a_comp_cor_99	a_comp_cor_100	a_comp_cor_101	a_comp_cor_102	a_comp_cor_103	a_comp_cor_104	a_comp_cor_105	a_comp_cor_106	a_comp_cor_107	a_comp_cor_108	a_comp_cor_109	a_comp_cor_110	a_comp_cor_111	a_comp_cor_112	a_comp_cor_113	a_comp_cor_114	a_comp_cor_115	a_comp_cor_116	a_comp_cor_117	a_comp_cor_118	a_comp_cor_119	a_comp_cor_120	a_comp_cor_121	a_comp_cor_122	a_comp_cor_123	a_comp_cor_124	a_comp_cor_125	a_comp_cor_126	a_comp_cor_127	a_comp_cor_128	a_comp_cor_129	a_comp_cor_130	a_comp_cor_131	a_comp_cor_132	a_comp_cor_133	a_comp_cor_134	a_comp_cor_135	a_comp_cor_136	a_comp_cor_137	a_comp_cor_138	a_comp_cor_139	a_comp_cor_140	a_comp_cor_141	a_comp_cor_142	a_comp_cor_143	a_comp_cor_144	a_comp_cor_145	a_comp_cor_146	a_comp_cor_147	a_comp_cor_148	a_comp_cor_149	a_comp_cor_150	a_comp_cor_151	a_comp_cor_152	a_comp_cor_153	a_comp_cor_154	a_comp_cor_155	a_comp_cor_156	a_comp_cor_157	a_comp_cor_158	a_comp_cor_159	a_comp_cor_160	a_comp_cor_161	a_comp_cor_162	a_comp_cor_163	a_comp_cor_164	a_comp_cor_165	a_comp_cor_166	a_comp_cor_167	a_comp_cor_168	a_comp_cor_169	a_comp_cor_170	a_comp_cor_171	a_comp_cor_172	a_comp_cor_173	a_comp_cor_174	a_comp_cor_175	cosine00	cosine01	cosine02	cosine03	cosine04	trans_x	trans_x_derivative1	trans_x_power2	trans_x_derivative1_power2	trans_y	trans_y_derivative1	trans_y_power2	trans_y_derivative1_power2	trans_z	trans_z_derivative1	trans_z_power2	trans_z_derivative1_power2	rot_x	rot_x_derivative1	rot_x_derivative1_power2	rot_x_power2	rot_y	rot_y_derivative1	rot_y_derivative1_power2	rot_y_power2	rot_z	rot_z_derivative1	rot_z_power2	rot_z_derivative1_power2	motion_outlier00	motion_outlier01
5472.813012400917	n/a	29951682.2687048	n/a	5679.467183341079	n/a	32256347.48664825	n/a	4502.81690891113	n/a	n/a	20275360.11517598	4482.6680768904025	5499.712980333187	n/a	n/a	n/a	n/a	0.0181465905	-0.1284197806	0.028197217200000006	-0.0425574159	0.1186619455	0.2842404504	-0.0348470091	0.2288817208	-0.14481609480000002	0.0610318612	-0.230315391	-0.5629537682	0.1255014401	-0.09186115439999999	0.3124174622	-0.06660920669999999	0.1122156472	-0.0720930665	0.0628520399	0.1264961103	-0.0626322889	0.0570451304	0.0009927878999999998	-0.057374688	0.0035267691	-0.09196423390000001	0.15065050289999998	0.0015363571	-0.0836411078	0.08700865869999999	-0.1178757701	0.0360204475	-0.13896228689999998	0.0010370412	-0.0372947921	0.009248178000000001	-0.053220742599999996	-0.0246270917	-0.0086766121	0.1000982062	-0.08358928809999999	0.11440635060000001	-0.0055867233	0.008389940799999999	-0.0115861808	0.0761768538	-0.019112186200000002	0.053883945700000005	-0.0596452808	0.09494509150000001	-0.022430184199999998	0.014046628700000001	-0.0402756685	0.035163588100000004	-0.0232230254	0.05296087	-0.0054432798999999995	-0.0076245292000000015	0.0449141194	0.0555833921	-0.0086889945	-0.0723594661	0.1303215814	0.0600796159	-0.12665471109999998	0.1193246394	0.023225551299999998	-0.0634603539	0.007918284	0.0358123968	0.020635018300000002	-0.0808274054	-0.0040905529	-6.47661e-05	-0.1308108451	0.0561122791	-0.0349426633	-0.1279272776	0.12039424230000001	0.0175371136	-0.0653798489	-0.1170743625	0.0294029006	0.095858526	-0.1601608779	-0.0027713382	0.0335821006	0.014054631000000001	0.020548785700000002	0.0684588646	-0.0448620728	-0.0790287842	-0.0796924099	0.0975015143	-0.0947049606	-0.0565196485	-0.0076903430000000005	0.0077366486	0.0865476134	0.1117163477	-0.051273433300000004	0.128333915	-0.0623519809	0.0614869382	-0.0112171104	0.05724124360000001	-0.0036663138	0.0204178166	-0.1715162498	0.0385779912	-0.11226113800000001	0.0851519952	-0.12020960039999999	0.0062275221	-0.11207952130000001	0.0330790231	-0.0250724056	0.051795087999999996	-0.024385310299999997	0.0220976272	0.0608833603	-0.1108275284	0.056012304000000006	-0.0470174414	0.0666442941	-0.015060548100000001	0.0490016079	-0.0928011282	0.0449645003	-0.0513045268	0.0398770913	-0.029477971699999998	0.10077767789999999	-0.0847201783	0.008593462900000001	-0.0628745196	0.0195328172	-0.038018695400000004	0.080374364	0.0124937953	0.0784545873	-0.0913874641	0.0091888083	0.033160025499999995	-0.1728069137	-0.0454464464	0.0789401314	-0.07378145259999999	-0.111129201	0.0260871975	0.0187257341	0.012455363200000001	-0.0339928602	0.0176474585	0.0291691664	0.0632779594	-0.0371360893	-0.012730476299999998	0.1197447079	-0.0873165529	-0.0703324498	-0.0663042629	0.0882691916	0.1167871946	-0.061051505199999995	0.05442339	0.0103695917	0.1867668384	-0.0011353892	-0.0129300522	-0.0082037091	-0.0658425478	-0.12973434009999998	0.1093090211	-0.0436782247	-0.0224514268	-0.0167968895	0.048619820999999994	0.0145149875	-0.030938044799999998	-0.0710173653	-0.0104214497	0.032192817900000004	0.0916678532	0.09166186359999999	0.0916518812	0.0916379066	0.0916199402	0.038220300000000006	n/a	0.0014607913320900006	n/a	0.00747804	n/a	5.59210822416e-05	n/a	0.00834835	n/a	6.969494772249999e-05	n/a	-0.00292227	n/a	n/a	8.5396619529e-06	0.000139362	n/a	n/a	1.9421767044e-08	0.000910924	n/a	8.297825337759999e-07	n/a	0.0	0.0
5437.481372761955	-35.33163963896186	29566203.679133236	1248.324759577461	5564.099220890246	-115.36796245083315	30959200.13991145	13309.766760056847	4489.356252368172	-13.460656542957622	181.18927456746783	20154319.5606772	4469.263181856201	5121.737085419542	1.5819219999999998	35.830563	0.06245116	0.036625300000000006	0.08339475	0.0438767398	0.0151530617	-0.047940449100000004	0.0872251789	0.0961335661	-0.1750735246	0.11989791300000001	-0.027807962599999996	0.1243081116	0.11552947640000001	-0.22149645850000002	0.0920423992	-0.0725717365	0.0486438649	0.1380069944	0.0040898337	0.142721455	-0.1043568088	-0.0288954876	-0.024527649900000004	0.052079804400000006	0.0282221702	-0.05758886	-0.051603337699999995	-0.1253583447	0.05861772990000001	-0.0107984553	-0.0666456084	-0.014926506499999999	-0.0063664863	0.0604340689	-0.0763483876	0.0533619879	-0.0257287155	-0.012340001399999998	0.0067309542	0.062410593499999986	-0.0804422615	0.0411955254	-0.0313161767	0.0435392356	0.1069029756	0.1424022856	0.0596229536	0.09963797349999999	0.0814634971	-0.1423805827	-0.0135104766	0.0351644135	-0.0893379392	-0.031437601600000004	0.1859209857	-0.043776311500000005	-0.0780176155	0.0244238951	-0.0635345274	-0.0310727989	0.0003861793	0.071490786	-0.0415682796	0.046927230599999994	0.041480388	0.1102705024	0.0131088749	0.062333668200000004	0.061617432199999995	0.0137725829	0.0584538842	-0.0329375059	0.06107858820000001	-0.1391995321	-0.023475512900000002	-0.0478122807	0.0188141139	-0.0890326332	0.0053142269999999995	-0.0155074073	-0.0331509402	0.1645788945	0.043956175300000004	-0.020936022	-0.0616359321	-0.0466481301	-0.0563435541	0.0100043097	0.0180033475	0.0619012274	-0.0706314586	0.12991312230000002	-0.073820206	-0.0571201716	-0.08521852369999999	-0.09373468300000001	0.041518957999999995	0.0472517665	0.1530041866	-0.06499211120000001	-0.0139841442	0.0195556847	-0.039134929	-0.0297092604	-0.021692709700000003	0.047143921500000005	-0.0364330567	0.0503595138	0.0649553878	0.0935848433	-0.0968724007	0.0117393584	-0.0553408288	-0.0078497246	-0.0108741947	-0.045989057300000004	-0.0865223753	0.0586726172	-0.040609924	0.0167688156	0.0520177838	0.0273660267	-0.0684781129	-0.0777790526	-0.0022744317	0.1011842324	0.054488213	-0.1254155428	0.0579270396	-0.1142530684	-0.07183938599999999	0.11382331970000001	-0.0013761379999999998	0.0018282898000000001	0.0715819414	0.0730530194	0.2222846274	-0.0988267456	-0.09250503550000001	-0.0090063265	0.0670064778	-0.0107297699	0.0699238775	-0.0307906319	-0.0777583593	0.00678342	0.0091691342	-0.0747040172	0.1092540238	-0.0449226194	0.0016834895000000002	0.09581485	0.024416387999999997	-0.0098921054	-0.11844068949999999	0.0172493422	0.022990306600000003	-0.0684009801	0.013179731	0.0324117988	0.006833949200000001	0.014441499299999999	-0.0548860037	0.050855328600000006	-0.0619618553	0.0981414216	0.0453416353	-0.0238113304	-0.1122854433	-0.0085739384	-0.0262508291	0.029877233700000002	0.0797309167	-0.0707058544	-0.0429551689	0.1107170398	-0.0664553479	0.0647067088	0.11162591279999999	-0.0809636446	-0.12937055279999998	0.0369344813	0.057323732	0.01567952	0.0566264657	0.0916518812	0.09159798289999999	0.0915081759	0.09138249529999999	0.0912209905	0.0358805	-0.002339800000000003	0.0012874102802500002	5.474664040000014e-06	-0.0241707	-0.03164874	0.00058422273849	0.0010016427435876002	0.0103448	0.0019964500000000003	0.00010701488704000001	3.985812602500002e-06	-0.00300296	-8.069000000000003e-05	6.510876100000002e-09	9.0177687616e-06	-9.85054e-05	-0.0002378674	5.658089998276e-08	9.703313829160001e-09	0.000700158	-0.00021076599999999995	4.902212249639999e-07	4.442230675599997e-08	1.0	0.0
5449.884763734627	12.403390972672241	29701243.93798683	153.84410762096726	5538.546203248233	-25.553017642013398	30675494.04551541	652.9567106130481	4486.670770283017	-2.685482085154945	7.211814029688151	20130214.600912	4466.275168280351	5164.116890450662	1.174035	26.591911	0.06548751	0.033438699999999995	0.05305471900000002	0.0336899223	0.0314100885	0.025142132299999998	0.1200859978	0.0408245027	-0.23536938649999997	-0.0301589806	0.042260703399999995	-0.031854814	-0.0611298775	-0.0377157073	0.0173058461	-0.0835726311	0.1329151339	0.0408413069	-0.1608061025	0.0352869065	0.0698525393	-0.10846701630000001	-0.0137708629	-0.049603885599999994	0.0807181303	-0.130663432	-0.0835769765	-0.0093398491	0.20005933239999998	-0.0086396484	0.0204912254	-0.0437543041	0.014289820600000001	0.1151111366	-0.2395800871	0.0013194720000000001	-0.1370526151	-0.0086154751	0.0332439511	0.11527737060000001	0.0026910477	-0.06741117519999999	0.0274068278	0.1061609549	0.0504452554	-0.0030446507	-0.0087012059	-0.12532592550000002	0.1176224074	0.0790245165	-0.0314620932	-0.0463300712	0.0223238987	-0.06859018480000001	0.0239683632	-0.0150105525	0.0144695549	-0.021827217000000003	0.0068995681000000005	-0.0172109664	-0.0170730052	0.0010576625	0.0305686611	0.0510809172	0.0374052846	0.0821352318	0.0799733914	-0.0101134849	0.0640782308	0.013780160900000001	-0.1106930963	0.06500400690000001	0.0209883995	-0.0249811756	0.045356142599999996	0.125346137	0.0390668115	-0.0265465809	-0.0609758496	-0.0858477475	-0.09523442789999999	0.0330169531	0.0577316664	-0.0033928838	-0.0385041635	0.0134608193	-0.06863700889999999	-0.0825471664	0.061176144400000014	0.0017341612	-0.057074697	-0.1735917809	-0.0038826773	0.1310677066	0.050671734	0.0423991814	0.0555867168	-0.0100971166	0.0544601179	-0.053329423099999995	-0.05704729820000001	-0.0350331167	-0.0202029491	-0.10609373	-0.015884559	-0.04993681690000002	-0.0664880946	0.1312951002	0.07986077429999999	-0.11541859	-0.17915295579999999	0.0313039828	0.020980121	-0.0183411748	-0.012396992800000001	0.0375233164	-0.2423993512	0.047806978099999994	-0.1446448953	0.10513957539999999	0.057963475800000004	0.0409762838	-0.0706495178	0.0828177153	0.0180847169	-0.0368257007	0.1159846626	-0.0381166301	0.006954177	0.09577401810000001	-0.12517701380000001	-0.0643501426	-0.0313551942	-0.0242239194	-0.0140049474	0.0446949755	-0.0062465254	-0.0021855882	-0.0701800991	-0.039427062799999996	0.0117238224	-0.0127628861	0.0471732914	-0.0169555725	0.020744821200000003	-0.06903230240000001	-0.0168010193	-0.11802190050000001	0.0563707491	-0.042423666799999996	0.1022187817	-0.005937889	-0.0202469556	0.09296999980000001	0.0347428825	0.0041147204	0.0085995211	-0.0925610598	-0.0688511597	-0.0335471783	-0.027633464500000003	-0.0842015982	0.09247403380000001	0.0230789582	-0.049458778099999996	0.0568476138	0.0698381934	0.0641884657	-0.059671365	0.0553508213	-0.0984274676	-0.0560728807	-0.0611525384	0.1644462927	0.09808523890000001	-0.0920843827	0.09833713599999999	-0.0654857537	0.0024453037	-0.012077954699999999	-0.0346740473	0.0040531315	-0.0557585182	-0.0325695156	-0.0081921127	0.0916199402	0.0914702662	0.0912209905	0.09087238460000001	0.0904248282	0.033054400000000005	-0.002826099999999998	0.0010925933593600003	7.98684120999999e-06	-0.00120672	0.02296398	1.4561731584000005e-06	0.0005273443774403999	0.032015499999999995	0.021670699999999998	0.0010249922402499998	0.0004696192384899997	-0.00289927	0.00010369000000000003	1.0751616100000006e-08	8.405766532899996e-06	-6.39748e-05	3.453060000000001e-05	1.192362336360001e-09	4.09277503504e-09	0.000477844	-0.000222314	2.28334888336e-07	4.942351459599999e-08	0.0	0.0
5468.547300125465	18.662536390837886	29905009.573709514	348.29026453934836	5503.350582108192	-35.195621140041105	30286867.62959057	1238.7317474333088	4491.849515014737	5.178744731720143	26.819396996319146	20176712.06553813	4471.550270226592	5214.740020201074	1.240108	28.08847	0.08133044	0.0413837	0.0362722012	-0.025482737400000004	-0.1068146898	0.0245712513	0.10788485029999999	-0.0203808132	-0.1234929139	-0.1327557378	0.0332327478	-0.0405207504	0.046069068399999996	-0.0154110183	0.15312433949999998	-0.17806304920000002	0.0165198968	-0.0540788182	0.0235926491	0.014402043500000001	0.0102268139	-0.0838854723	-0.0058746736	-0.0243049032	-0.0643381019	-0.0597002875	-0.1895350201	0.0255438583	0.0578718492	0.1145996869	-0.030777766	0.013291872	0.0106153816	0.0008732457000000001	0.0043862025	0.0914114311	-0.029262927	0.0506970116	-0.0214735863	-0.0066422895	-0.08858111869999999	0.1434923709	0.0812213704	-0.0187853779	0.0801305741	-0.0735845554	-0.12083254439999999	-0.0397737417	-0.041289794	-0.0621478955	-0.1669589388	-0.0177667731	0.0830828899	0.0715209057	-0.012506293	-0.0081843523	-0.0773089936	0.0044032711	0.0777182669	-0.0100143336	-0.0876106672	0.0195502246	-0.044815281900000004	-0.0440580615	-0.07358210820000001	-0.0003584213	0.0433626642	-0.029603370499999997	-0.0582986958	-0.0200143196	0.054379335300000005	0.010610444699999999	0.0170274567	-0.0169420726	-0.0423093756	-0.0356010455	-0.1652630108	0.0230513104	0.0314846947	0.0461210244	0.0013192820000000002	0.0352268388	-0.0221476591	-0.0891913826	0.0330175557	-0.0445324596	-0.1352606579	-0.0280033129	0.1146851533	0.0023731957999999997	0.0282468693	-0.0726934473	-0.0553936966	0.0332742695	-0.0137090216	-0.0448589967	-0.0467199139	-0.0013122408	-0.0870217446	0.047610054900000004	-0.027194276099999998	-0.05390200690000002	-0.124204897	-0.0875647972	-0.005364066	-0.0136993427	0.0726660275	0.040324099700000005	0.1878712703	-0.04928559019999999	-0.027357506400000002	0.1251006552	-0.0229221216	0.025191464	-0.0036924461	-0.0428172705	0.027480937799999997	0.0409627762	-0.0837696508	-0.049024404199999996	-0.026800147000000003	-0.0247622018	-0.025217873199999997	-0.1248302967	-0.11635892960000001	0.0004043855	0.0819700748	0.067261255	-0.1475687993	0.0559986733	0.0100026278	0.0251426735	0.1573343716	0.05777025230000001	-0.0327559904	-0.0496090941	0.0228135155	-0.0602609142	0.034056473500000004	0.013534686399999999	-0.0270200583	-0.1221044342	0.0649496828	0.0179287531	-0.0531683014	0.0274723861	0.015710525700000002	-0.0320449004	-0.0415234613	0.019943215900000002	-0.075980061	-0.030392842200000002	0.09464549109999999	0.0914001891	-0.0985343492	0.013212645	-0.0195956928	0.1330189947	-0.079554591	0.074715255	-0.0137906566	0.06372667679999999	-0.0085454779	-0.0051886151	0.0420554963	0.0955322482	-0.0437804913	0.0255813504	-0.049312067300000005	0.0506134341	-0.052011530599999994	-0.08605672310000001	-0.0781247655	0.0329293702	-0.0224032989	-0.042426284	-0.0327712426	0.0809985454	-0.024800312400000003	0.024711274300000002	0.0866183197	0.0272966363	0.056739050599999986	-0.0200931898	0.046758746	0.0915720357	0.0912788023	0.09079077529999999	0.09010899630000001	0.0892349201	0.033347800000000004	0.00029339999999999916	0.0011120757648400005	8.608355999999952e-08	-0.0172976	-0.01609088	0.00029920696575999996	0.00025891641917439993	0.0122339	-0.0197816	0.00014966830921000002	0.0003913116985599999	-0.00233791	0.0005613599999999999	3.151250495999999e-07	5.4658231681e-06	-0.00027875	-0.0002147752	4.6128386535040006e-08	7.770156250000002e-08	0.00035068800000000004	-0.00012715599999999996	1.2298207334400002e-07	1.6168648335999985e-08	0.0	0.0
5468.059469677106	-0.487830448359091	29899674.36392547	0.2379785463462317	5465.117529029049	-38.233053079142344	29867509.60610058	1461.7663477525152	4499.915278028704	8.065763013966714	65.05653299747344	20249237.50943615	4479.676996227642	5348.398339150789	1.194992	27.06658	0.09522025	0.0497112	0.0012646598	-0.0666246727	-0.021591675699999997	0.1112284424	0.12435469619999999	0.0233160635	-0.0689557635	0.0147521856	0.0341061627	-0.0386458834	-0.20353070199999998	0.2249463132	-0.05162379190000002	-0.0175161135	0.08928685	-0.0162401609	0.0145714822	-0.0239041166	0.0488288632	0.021340676	-0.0708820912	-0.042652348	-0.0042821756	-0.0921950917	-0.15044054710000002	0.09769904869999999	0.0309777114	0.0720191645	-0.0016227783	-0.0164619454	-0.1320499809	0.0535977972	-0.08952056720000001	0.0476296758	-0.025637835600000002	0.0234167715	-0.1420174133	-0.023965717400000003	-0.0335039151	-0.0146918494	0.0420009758	-0.0126997948	-0.12205004189999999	0.09418394640000001	0.0006217903	0.0649206852	-0.118336684	-0.05838768690000001	-0.0298953408	0.0043760762	0.07463298980000001	-0.006259699200000001	0.0903838869	-0.0634445667	0.0729075532	-0.0086812937	0.0314819955	-0.025093245	0.0654095172	-0.0160940803	-0.062270341500000014	-0.0033842538	0.0850222127	-0.0188109628	0.0287134964	-0.0131201319	0.0415562132	0.0458887074	0.0807085288	-0.0999861202	0.0130199754	-0.12063451210000001	0.0101581905	0.0346809979	-0.1062333305	-0.0408032208	-0.035759874500000004	-0.011684069299999999	-0.06523793280000001	-0.0343829264	0.1024936781	0.1826860696	-0.035736136099999996	-0.0930579411	0.1695947207	0.033364336099999996	-0.00381928	-0.0457061266	-0.10077598310000001	0.0747604149	0.0602634183	-0.0057081313	0.0611474678	0.0030661640999999997	0.016568448899999998	0.0428054492	-0.029683542	0.025244634900000004	-0.038565978199999996	0.0076496579000000006	0.0992675869	0.0202857083	-0.0740606874	-0.0353137203	0.0302396757	0.0856858459	0.149169934	-0.11321844589999999	0.013470731000000001	0.062005347599999996	0.0169266138	-0.015661871799999998	-0.1464753235	-0.031283790299999996	-0.0512374524	0.0720032173	-0.019051581499999998	0.0191847506	-0.11692531630000001	0.0154703155	-0.014762485300000001	-0.0507815717	-0.0345205859	-0.10507979	-0.1002186739	-0.10212547	0.0352378141	-0.0691373683	0.0693835336	0.036745414500000004	0.0802343262	-0.0236155505	-0.0830868466	-0.0067186923	0.0480758549	0.1045937785	-0.0536810899	-0.0063384705	-0.0298861663	-0.0057136233	-0.0581784215	-0.0407877929	-0.0550476832	0.0873847734	-0.0083092063	-0.0494073594	-0.052970814299999995	-0.025466272999999998	0.0709971021	0.0801089792	0.025831831099999997	-0.0691578478	-0.14837082880000002	0.0564231249	0.011404315200000001	-0.0084633616	-0.0799047129	-0.0543696808	0.0414350415	-0.0727581717	0.0178308351	-0.0121210795	-0.1372243409	-0.1706497478	0.0169490333	-0.0802327593	-0.059251105	-0.1970929572	0.021594850099999997	-0.0207368326	0.09293070980000001	-0.0161375875	0.07942375389999999	0.0679515317	-0.004278587899999999	-0.024734657200000003	-0.026993325800000002	0.017621964599999998	0.027862563700000002	0.0137961302	0.0821308433	0.0078724604	-0.0445833569	0.0915081759	0.0910237247	0.090218205	0.08909445810000001	0.0876564477	0.028730400000000007	-0.004617400000000001	0.0008254358841600003	2.1320382760000004e-05	0.0123912	0.029688799999999998	0.00015354183744	0.00088142484544	0.0469422	0.034708300000000004	0.00220357014084	0.0012046660888899998	-0.00256797	-0.00023006000000000025	5.2927603600000114e-08	6.594469920900002e-06	-0.000478633	-0.000199883	3.9953213688999984e-08	2.29089548689e-07	0.000256516	-9.417200000000006e-05	6.5800458256e-08	8.868365584000012e-09	0.0	0.0
5442.405793015982	-25.653676661123427	29619780.815853924	658.1111262334688	5527.310309263055	62.19278023400602	30551159.25488565	3867.9419132353705	4498.365263627219	-1.5500144014849866	2.4025446448108614	20235290.04500798	4478.161567754579	5279.037988099983	1.220521	27.644825	0.08215490000000003	0.0514526	0.025575813	-0.0014978457	0.0838792441	0.0389599062	0.1054468657	0.0691813344	-0.0090283914	0.11051903539999999	-0.0029110325	-0.04760143730000002	-0.1343628154	0.0601020195	0.0708109852	0.1568144497	0.0576620967	0.2195859127	-0.0301371585	0.0214293588	-0.0275837938	0.056108833899999995	-0.0577321226	-0.041139360800000004	0.050932625599999996	-0.0748895432	-0.0402359725	-0.0325010317	-0.0127881271	-0.1152197904	-0.0567638506	-0.0379780929	-0.0655571912	0.0455794754	-0.12183585050000001	0.09122166949999999	0.034286426	-0.0692264653	0.0034210307	-0.0294553576	0.0423831613	-0.07778502429999999	0.0245002549	-0.0089029944	0.0286531957	-0.1374154326	0.08403011980000001	-0.0630581333	-0.0863848698	-0.0796096634	0.0145633536	-0.025515365099999996	0.0193240363	0.0162113486	-0.0726610414	0.0726580619	-0.033076029300000004	0.0021095369	-0.1458620938	-0.0498770517	0.05097811	-0.07130084910000001	0.0397105313	0.0463332084	-0.14174605980000002	0.006611407099999999	-0.0784467408	0.07394616650000001	-0.138596953	0.0020100779	0.1142887965	-0.0510347252	-0.0849473015	-0.0346115469	0.0296380094	0.007144143	0.0321639685	-0.0829592311	-0.0270172602	-0.0261765262	0.061495065999999994	-0.0629373946	-0.0165142722	0.0783058489	-0.0829692516	-0.0790167416	0.0763883443	-0.0501554537	-0.0149378942	-0.0976948602	0.0282506423	0.054376501699999996	-0.058758217599999996	-0.0770265532	0.058677937	0.0912373604	0.022118131200000002	-0.0166333704	0.0757865595	0.0701880936	0.0503928566	0.021852371800000003	-0.0160330397	0.0586230353	-0.060975440599999986	-0.0536750011	-0.0358045222	0.07520673559999999	0.0475059525	0.0214696906	-0.0342840118	-0.1182169282	-0.0330515258	-0.0403040076	-0.08827488160000001	-0.0434923688	-0.1055488073	0.1336532591	0.0452359758	0.06043443730000001	0.0324564574	-0.054750586500000004	0.0168703586	0.07813401269999999	-0.0254438217	0.0002820332	0.0177295807	0.0844177265	0.064135264	0.1079942398	0.0751144025	0.0698764528	0.0031852716999999997	0.043810009500000004	-0.0612557751	0.0082037515	-0.031543009	-0.035087105800000004	0.1132864033	-0.045032819800000005	0.0330546743	0.17723891690000002	-0.0127691359	0.0020548313	0.0220340994	-0.0045898868	0.1339398497	0.0655951136	-0.0092409128	0.1086233585	-0.1603167694	0.025868307099999998	0.0198815345	-0.09261346699999999	-0.0075599449	0.085072729	0.036315795299999995	-0.0816815736	-0.0094688779	0.0258003388	0.0137484658	-0.0428681553	-0.0140959295	0.0132562172	0.046400822599999995	-0.1163914933	0.06312224940000001	-0.04730324440000002	-0.0648666478	-0.0903418388	0.06443916150000001	-0.017378458899999998	-0.0452578917	0.029189267999999997	-0.0601082767	0.0675515882	-0.033713033999999996	-0.1557863034	0.045645413499999996	0.028064939100000002	-0.0199798117	0.053903935800000004	-0.0867724364	-0.0397668877	-0.0074577515	0.091428372	0.0907052112	0.0895041772	0.08783159759999999	0.0856962841	0.027506	-0.001224400000000004	0.0007565800359999999	1.4991553600000098e-06	-0.0229293	-0.0353205	0.00052575279849	0.0012475377202499998	0.0402952	-0.006646999999999993	0.0016237031430400002	4.418260899999991e-05	-0.00184999	0.0007179800000000003	5.154952804000003e-07	3.4224630001e-06	-0.00046829	1.0343000000000006e-05	1.0697764900000011e-10	2.192955241e-07	0.000205579	-5.0936999999999983e-05	4.2262725241000006e-08	2.5945779689999976e-09	0.0	0.0
5432.437511258654	-9.96828175732844	29511377.31373012	99.366641193487	5477.099168190232	-50.21114107282301	29998615.298190136	2521.158687834934	4490.62843122398	-7.736832403239533	59.8585756358172	20165743.70731714	4470.101263354429	5194.205569546734	1.094983	24.80139	0.06509512	0.0384178	0.025218642799999996	0.0265352582	0.058708383600000004	-0.0710126294	0.11463438289999996	0.0818332401	0.0290307902	0.0450257885	-0.1021684139	0.0424591689	0.022516765	0.083773866	-0.1018865816	-0.0064212934999999995	-0.07523353349999999	0.0190488789	-0.0111224986	0.09037603279999999	-0.0760384675	-0.011701411399999999	-0.0158355907	0.0760299689	0.058012520199999994	-0.12092556789999999	0.030739166000000002	-0.0817640231	0.064171119	0.0396255431	-0.13085253789999998	-0.0375546998	0.0163956502	0.09423467460000001	-0.0311527545	-0.0418480845	-0.0503945811	-0.0113959886	0.026511912400000004	-0.0241611922	0.015330476	0.046197693399999996	-0.0359051086	-0.1266581497	0.053912477	-0.065744636	0.0919743468	-0.0017909972	-0.0696598522	-0.0026807797999999997	0.0081011715	0.0055375732	0.008196108399999999	-0.09565153289999999	-0.0537087911	-0.0516879647	0.10258042	0.0636373623	0.0393816475	0.004071310900000001	0.060607843499999994	-0.0154310778	-0.0500747459	-0.0359409418	0.09575021980000001	0.121518355	0.0599459338	-0.1751481196	0.1113066892	-0.054649288399999996	0.0892215132	-0.0465850834	0.0205087617	0.052859603399999996	-0.0887935429	-0.0043314149	0.0459501551	-0.1163851584	-0.0834889427	0.1096032998	-0.003958483499999999	-0.025105098500000003	-0.0459835812	-0.013700906799999999	0.1247725792	-0.0586144059	-0.025047776	0.0718498605	-0.21295120969999998	-0.015529492800000001	0.1138323033	0.0140141425	0.0219469936	-0.10872478449999999	0.0646792229	0.0880656415	0.043310181399999995	-0.027277036600000002	0.0230917881	-0.0452044842	0.12096088099999999	-0.0227287145	-0.0232793822	-0.0098964892	-0.0167930444	0.056330299	-0.0645196441	0.1209281562	-0.012288903799999999	0.048283735300000005	-0.08955480269999999	0.0533478624	-0.1137644723	-0.0571130629	0.020513331699999998	-0.049643541799999996	-0.0828037299	-0.058205462699999995	-0.043071248099999994	0.0379885738	0.0228847839	0.0070172559	0.0252679907	-0.0450280285	-0.0214730768	0.1098950116	-0.0701398196	0.1052205341	0.0717281829	0.0143353657	0.0617518119	0.0289286663	0.0390005394	-0.0384419999	-0.0132354372	0.0363894943	-0.1026903144	0.0504454857	-0.05788995070000001	0.0670321577	0.036866977	0.0034572824	-0.055082440700000006	-0.0529411875	0.004557668	0.0708748934	-0.0497333075	-0.120787594	0.0743245022	0.0299249779	0.1659276817	-0.0836491726	0.09294665199999999	-0.1462177361	-0.060027155199999994	-0.0548248592	0.0334715428	-0.0724125039	7.77324e-05	0.08791662130000001	-0.0367496583	0.14968156	0.0872648449	0.0094928092	0.0037882574	-0.039793156	-0.1354397964	-0.1055783515	0.0488256528	0.045925682999999995	0.17196727879999998	0.0667047117	-0.0525817232	-0.06664290839999999	-0.0099779515	-0.055221907199999996	-0.0261246416	-0.1159563693	-0.0201187776	-0.0083878942	-0.0235744167	-0.0467690291	0.0021674061	0.0950729096	0.0682261466	0.09133263800000001	0.0903234838	0.0886498116	0.08632393470000001	0.0833629647	0.0275973	9.130000000000248e-05	0.0007616109672900001	8.335690000000455e-09	0.00954692	0.03247622	9.11436814864e-05	0.0010547048654884	0.0540669	0.013771699999999998	0.00292322967561	0.00018965972088999994	-0.00205199	-0.0002020000000000001	4.0804000000000065e-08	4.2106629601e-06	-0.0004694430000000001	-1.1530000000000479e-06	1.3294090000001108e-12	2.2037673024900001e-07	0.000377544	0.000171965	1.4253947193599999e-07	2.9571961225e-08	0.0	0.0
5439.793218804583	7.355707545929363	29591350.26335233	54.10643350124217	5494.219346730857	17.120178540624693	30186446.229991645	293.10051326286623	4489.56122105524	-1.0672101687396207	1.1389375442612495	20156159.95760301	4469.620689174178	5061.458847992871	1.238298	28.047474	0.1226207715	0.06336020000000002	0.0331513375	0.0841236917	0.015588149099999999	0.0474493546	0.0376706075	-0.061225172	-0.06640681799999999	-0.0684569715	0.06784659650000001	-0.045538421600000004	0.0905894694	-0.0050060135	0.0861519805	-0.0649834132	-0.00026934560000000003	0.11442660630000001	0.0287443409	-0.0364923576	0.15985784849999998	-0.0642623137	-0.007974235999999999	-0.0097792763	0.072327215	0.0018819605	-0.0780288051	0.06656851849999999	-0.0162319763	8.97758e-05	-0.0929507274	-0.0582555225	0.1513395513	0.0066920497	0.0485174027	-0.024751702	0.0031130719	-0.1282373316	0.0152702017	-0.0317383642	0.021608629900000002	-0.09022532970000001	-0.0713338951	0.08804053199999999	-0.0282001744	-0.019023598	0.0664634192	0.039064040099999996	0.0906147332	-0.0615441517	0.0893132647	-0.0763737921	0.10159410140000001	-0.0299426927	-0.1341590836	0.0071687942	-0.170415156	-0.009553247800000001	0.0041174146	0.012202743799999999	0.0049561401	0.0149806626	0.012924033400000002	0.1311327982	-0.0195721702	-0.024564497999999997	0.0793882199	-0.032442543	-0.0563530566	-0.015531753799999999	0.0353288629	0.0105739528	-0.0158092306	0.0186319221	-0.0209798828	-0.0390297722	-0.1383127059	-0.042816517199999994	0.0363443852	0.1239167225	-0.007609846	0.0025798953	-0.0020468708	0.0683008953	0.12171279480000001	0.1652254242	-0.076841733	0.0153667699	-0.0355282086	-0.08265652849999999	0.0436861239	0.0587793025	-0.0850611674	-0.0060289257	-0.061947247300000015	-0.023658312	-0.0014549026	-0.0336682891	0.0391713173	-0.0665258074	0.0132252775	-0.035171377999999996	0.0375169436	-0.0646461222	-0.0060893465	-0.0169133084	-0.0689127678	-0.0136518553	0.0843481312	-0.044557055899999996	0.048952465099999995	-0.01408753	-0.0858445029	-0.0712669314	0.1617114558	-0.0149357748	0.014136088500000001	0.0094223906	0.048638473	0.0690761975	0.0007054245	-0.0878874942	-0.0102148368	0.0673137768	0.0898462769	-0.0174524981	0.0595576164	0.007685303599999999	0.10913902369999999	-0.0722275274	-0.09075941929999999	0.0613773036	-0.055769194800000005	0.0412199274	-0.13428314759999999	0.033633544700000004	-0.1067978112	-0.16908479780000002	0.0197501216	-0.049522496799999996	-0.05830570440000001	-0.0254526331	-0.0396868631	-0.075798993	-0.0698503843	-0.08910696039999999	0.0626984984	0.024308789	-0.0412475718	0.0258095021	-0.017499220700000002	-0.033122707700000004	0.0007948517	0.0397254806	-0.0304146607	-0.028082954700000003	0.0027863253	0.0561187313	-0.0800087904	0.0280726153	-0.0409486005	0.1270789874	-0.0647257953	0.0185751432	-0.0903795293	-0.0888175063	-0.0581251237	0.0697264655	0.1308771878	0.0973857741	0.0457611453	-0.0010933033	-0.0923773933	-0.0034264553000000002	-0.0564201204	0.0882528943	-0.046105982999999996	0.0680690149	0.029287517000000002	-0.013127095600000001	-0.0880594997	-0.0376851648	0.0085334885	0.049181812400000004	-0.0083338397	0.0912209905	0.08987880849999999	0.0876564477	0.0845756715	0.0806666498	0.0181902	-0.009407100000000002	0.00033088337604	8.849353041000003e-05	-0.0404287	-0.04997562	0.0016344797836900001	0.0024975625943844	0.0387408	-0.015326100000000004	0.00150084958464	0.0002348893412100001	-0.00156252	0.0004894700000000001	2.395808809000001e-07	2.4414687504e-06	-0.000553271	-8.382799999999997e-05	7.027133583999997e-09	3.0610879944100004e-07	-7.39703e-06	-0.00038494102999999996	5.47160528209e-11	1.481795965774609e-07	0.0	0.0
5469.843809564767	30.05059076018369	29919191.301034003	903.0380050360376	5499.333027937765	5.1136812069080415	30242663.75216715	26.149735485884477	4493.871741965615	4.310520910375089	18.58059051878089	20194883.233237077	4473.458860902964	5300.021746092808	1.230602	27.873159	0.1003394715	0.05777280000000001	-0.0139648196	-0.0356585357	0.048238938499999995	0.0414319488	0.12483142400000001	-0.1021219058	0.048208683200000005	-0.0392698187	0.017964452199999998	-0.1308332426	-0.009147742	0.1130116141	0.0691489892	-0.1583906929	0.099677856	-0.028723143399999998	0.0878462296	-0.09358419039999999	0.06274412879999999	-0.0184347927	-0.028569719500000007	-0.013266072299999999	0.061433898	-0.09076079150000001	-0.0256391471	0.1259195944	-0.03113185	-0.082526253	0.0100840384	-0.044896873	0.0021591795	-0.0378868749	-0.044206376299999996	-0.0928146306	0.024178147	0.0248426233	0.0863452155	-0.0975309689	-0.0074407113	-0.0777362751	0.0736942565	0.0517500586	0.047088345499999996	-0.0211446433	0.0066082306999999995	0.027955561099999998	0.0713803647	-0.0618508237	-0.0333790978	0.0466620105	0.0527199215	-0.0692644324	0.0625172935	0.0429489576	-0.0554616958	-0.0401952212	0.1750768627	0.20167432219999998	-0.08061276120000001	-0.1093169834	0.054073965099999996	-0.1215600835	-0.0117346653	-0.06841618769999999	0.0726683325	0.10224816099999999	-0.0017473707999999999	-0.0238954971	0.0635946049	-0.0444885814	0.0239221395	0.065597652	-0.1311239174	-0.0972507084	0.0175051726	-0.0642615899	-0.0288480714	0.0553410522	0.0017701767	-0.0470326323	0.0561744239	7.035e-05	0.0141315578	0.09246738089999999	0.0535415596	0.0094029701	-0.1426907629	0.0828771828	0.0143115575	-0.0752230992	0.0774678925	0.093252399	-0.0239199648	-0.1441266551	-0.1134314357	0.0306489371	-0.07112442299999999	-0.0511397179	-0.039051192799999995	0.029558608599999998	0.018506565	-0.018523306899999998	-0.030294421000000002	-0.0181403674	-0.0397558431	0.0963151783	0.0318656114	-0.11147233710000001	0.0686447267	-0.0775884007	0.0058655682999999995	-0.034300740499999996	-0.0397514846	0.0643144692	-0.0272241108	-0.0731513451	-0.0082617257	-0.0354647482	0.0632584149	-0.12700436980000002	0.0313682845	0.093320532	-0.0397885078	0.0233126568	0.0818232166	-0.0125871601	0.0097440641	-0.011111061799999999	-0.0845871719	0.030712346600000006	0.041658861299999995	-0.08683133650000001	-0.0543776946	0.0365526255	0.049202757	-0.0272431301	0.0923222893	-0.0027473264	-0.09705638050000001	-0.1988104979	-0.1240772419	0.1053195752	0.11860852710000001	0.0197334063	-0.0748674327	0.0025454526	-0.0908686052	-0.08062120889999999	-0.07507857009999999	0.0657646399	0.042504594699999995	-0.0837889005	-0.0035107234000000005	-0.040253963399999995	0.049387327	0.0283444738	0.084763499	0.139699539	0.0085347404	0.0789537641	0.0457389625	-0.038319379199999996	-0.077520517	-0.0182816846	0.0015162013000000001	0.0501740204	0.053069396799999995	0.0131308447	0.0790050135	0.1052681015	0.037562517000000004	-0.0125768124	0.0494490771	-0.1146889051	0.0223834542	0.1739944483	-0.0552766864	-0.1079872006	-0.0057140805000000005	-0.0290668909	0.020861087099999998	-0.0036341840999999995	0.0182065398	0.09109344890000001	0.0893714952	0.08652564300000001	0.0825916807	0.0776190801	0.00814533	-0.01004487	6.634640080889999e-05	0.00010089941331690003	0.011431	0.0518597	0.000130667761	0.00268942848409	0.0525281	0.013787299999999995	0.00275920128961	0.00019008964128999987	-0.00156252	0.0	0.0	2.4414687504e-06	-0.000337173	0.000216098	4.669834560400001e-08	1.13685631929e-07	0.000269457	0.00027685403000000003	7.260707484900001e-08	7.664815392724093e-08	0.0	0.0
5456.171508423627	-13.672301141140453	29769807.52933375	186.9318184940305	5472.966792937151	-26.366235000614324	29953365.516592763	695.17834810762	4498.075561473344	4.2038195077293485	17.67209845356583	20232683.756723747	4478.060066347141	5327.893011892853	1.067738	24.184275	0.08111180926	0.0417973	0.0048769459000000005	-0.0555664252	0.0386311009	-0.0421702636	0.0706702496	-0.042851267400000004	0.1463473693	-0.0019082303	-0.0837537538	-0.022395774500000003	0.0340520164	0.0461578895	-0.016411816	0.13864302679999999	-0.1391617417	0.0888850817	0.1131750235	-0.08915104410000001	-0.13647537029999998	0.0655954714	-0.033229503199999996	0.035152689300000005	0.0514030875	-0.0013590823	0.0250294639	0.0012371357000000001	-0.06771291730000001	0.0226544869	-0.0752081342	0.0014152568	0.0380985505	-0.0187270705	0.021126768900000002	-0.18960584	0.12158308050000001	0.004305972700000001	0.082820002	-0.0909753893	0.0383323672	0.0268264675	-0.0040037625	0.068018364	0.0187109733	-0.0382513191	-0.0253212602	-0.08790506	0.10956871619999999	0.0653586541	0.0361399246	-0.0289667594	-0.1155926724	0.0467359743	-0.1088003475	0.0391284148	-0.0770735908	-0.0582948941	0.024403067	0.0648606596	0.1092483422	-0.057805151799999996	-0.2095054962	-0.0362002949	0.0585315325	-0.0032756461999999997	0.1020866557	0.021478467999999997	-0.0449250023	0.0878080225	-0.0126053391	0.0700535391	-0.014608755800000001	-0.0131401848	0.0312318964	-0.0641203518	0.0577974704	0.12419406	-0.1291960693	-0.11083359359999999	-0.1222789604	-0.014691065	0.2173156812	-0.0429415254	0.018658586799999998	-0.0238241523	0.100003914	-0.0586338227	0.0572347687	0.009211181899999999	-0.0693271371	0.0508592505	-0.0777430982	-0.0850137127	-0.0442401019	-0.0197155217	0.0678489167	0.0953272845	-0.0701951853	-0.0866608733	0.0407847631	-0.0569002214	-0.0063464161	0.0678998838	-0.0302756773	0.024968591499999998	-0.0564127336	-0.0029559029999999997	0.0006074947	0.043380036100000005	0.0803981207	0.0062419717000000005	-0.091981536	-0.0345208803	0.0369020971	0.056155396399999995	-0.0275518094	-0.1536210381	0.118048165	-0.0482532491	0.0392732504	-0.0789484731	0.10429962279999999	0.0140815507	0.0698205991	-0.0003499086	0.0827064424	0.009535131899999999	-0.0325623209	0.07484179269999999	-0.0733914449	-0.0718265807	-0.0902573958	0.0872993379	0.1332201919	-0.0175363434	-0.0642609918	-0.0705175349	0.0579949455	-0.0900864915	-0.052439496399999994	-0.0526814505	-0.125153662	-0.0988299235	-0.059087993899999997	0.0813896295	0.0249481491	-0.11388476460000001	-0.09604235039999999	0.0615902236	0.0331744115	0.0804384362	0.030121869500000002	0.047411545	0.1079205939	0.0184548349	-0.0173902897	0.0319271665	0.14404083210000002	-0.12075622009999999	0.1032540236	-0.049308969400000006	0.1190917809	-0.0856611554	-0.1528765191	0.121441345	0.0305163875	-0.0288349828	-0.0287698204	-0.133502392	-0.0538218783	0.0513668684	0.0060306061	0.071817916	-0.0281670815	0.08904396140000001	-0.0541076911	-0.0182412214	0.0788031633	-0.0510862154	0.0637686565	-0.10334951390000001	0.05325740599999999	0.046000269	0.0147332848	0.0909500356	0.0888018974	0.0852591707	0.0803774921	0.074233526	-9.00426e-06	-0.00815433426	8.10766981476e-11	6.649316722380975e-05	-0.0188475	-0.030278500000000003	0.00035522825625	0.00091678756225	0.0315304	-0.020997699999999998	0.00099416612416	0.0004409034052899998	-0.00140991	0.00015261000000000007	2.3289812100000023e-08	1.9878462081e-06	-0.000308249	2.8924e-05	8.365977759999998e-10	9.5017446001e-08	1.73655e-05	-0.00025209150000000003	3.015605902499999e-10	6.355012437225001e-08	0.0	0.0
5451.063579691298	-5.107928732328219	29714094.149836916	26.090935934544163	5504.051345829138	31.08455289198719	30294581.217523545	966.2494284947487	4496.501421570893	-1.574139902450952	2.4779164324882923	20218525.034189064	4476.262753417733	5262.197647293031	1.055092	23.897844	0.06172398074	0.0309972	0.0008012901	-0.0180412521	-0.0553312175	-0.047914254100000005	0.06231864490000001	-0.0627657662	0.0211858369	-0.0767428094	-0.0296897383	0.0552276091	-0.0737541092	0.0570359594	0.005521907800000001	-0.026313751	-0.1145893269	0.0124867418	0.0044877984000000004	-0.038581757700000004	0.0493804281	0.0293282559	-0.0236046717	0.0901899103	-0.0396237776	-0.11862411689999999	0.0291195036	0.0446354739	-0.0182150565	-0.051818885999999995	0.0575391588	0.0005113790000000001	-0.006824668199999999	-0.0040145746	0.0320677491	-0.0373292889	0.0339872967	0.056457777599999995	0.10507670779999999	-0.0535385718	-0.0633784879	0.039573901099999996	-0.0113531417	0.0243955252	-0.0661833308	0.0495152039	0.0016118673	-0.008724920300000001	-0.0936059277	0.0562846546	0.0013226768	-0.0706669475	-0.0769682247	0.017149628899999998	0.0097251163	0.0021940782	-0.0256489545	0.080165935	0.012488376899999999	0.1200698142	-0.023608965899999997	-0.08844754279999999	-0.0734242801	-0.0420737077	-0.0455228918	-0.0142323228	-0.066769712	-0.1397862124	0.007424433199999999	0.06975885679999999	-0.06073077950000001	0.001199033	-0.17856222370000002	0.1150034395	0.0668602762	0.1465548945	-0.091550561	-0.024821953100000002	0.06053368570000001	-0.07331185009999999	0.0458237683	0.0151956996	-0.0650934595	-0.0126177103	-0.028555441600000002	-0.033775760499999995	0.075129517	-0.0791816814	0.04994863769999999	0.010913289199999999	0.0545798162	0.014059303799999999	-0.013135267800000001	-0.024194402599999998	-0.14998855349999998	-0.0390537515	-0.0925294831	-0.009574984699999999	-0.0532814077	0.0985248683	-0.0016759142000000002	-0.043243220199999995	0.043851441100000006	0.0262512177	-0.0208416887	0.0965431378	0.0372413495	0.1174522124	-0.0201827923	-0.0332751248	0.0356649966	-0.047764035700000006	0.06607585719999999	0.0196682163	0.0078436253	-0.0006466469	0.0124319556	-0.08975190300000001	-0.0365148771	-0.1089373297	0.0779713806	-0.0526992622	0.0092602433	-0.0593127812	0.039704176699999996	-0.0413402168	-0.025184798900000003	-0.057589671900000014	-0.0021320538	0.0147404023	0.1056079696	-0.052854797099999996	-0.034429711	0.0343845449	0.0216153689	0.0803639902	-0.0087426406	0.0112915525	0.031185546600000006	0.06604736230000001	0.0528976403	-0.0504227083	-0.1385873244	0.0393410896	-0.0167780929	0.0316039718	-0.0040365357	0.04534606769999999	-0.0230801278	0.0993946644	0.035562021400000005	-0.1188661857	0.0022645618	-0.0155405125	0.115074286	0.1067704924	-0.0010628827	0.0508424637	-0.1437820681	-0.0630736078	-0.037487991	-0.1152838983	-0.013283746499999999	-0.0503083842	0.0439463541	0.0375873621	-0.0101686184	0.05992286190000001	-0.0427640478	-0.0498188348	-0.021025896800000003	0.043945114	-0.0172495079	-0.0687264593	-0.1993670321	0.0244954573	0.1109387254	0.0965685945	-0.030641516299999998	0.0277259174	0.0662515174	0.0454489805	-0.1014172161	-0.0250630414	-0.1514954346	0.09079077529999999	0.08817041210000001	0.0838590164	0.077939277	0.07052472950000001	-0.009768110000000005	-0.009759105740000005	9.54159729721001e-05	9.524014484450103e-05	0.00453475	0.02338225	2.05639575625e-05	0.0005467296150625	0.0420391	0.010508699999999996	0.0017672859288099996	0.0001104327756899999	-0.00140424	5.669999999999937e-06	3.214889999999929e-11	1.9718899776e-06	-0.000389517	-8.126799999999995e-05	6.604487823999993e-09	1.5172349328900002e-07	-0.000257175	-0.0002745405	6.6138980625e-08	7.537248614024999e-08	0.0	0.0
5436.2773229856875	-14.786256705610867	29553111.132408436	218.6333873642224	5495.75345109293	-8.297894736208036	30203305.99519985	68.85505705318903	4489.295252117762	-7.206169453131224	51.92887818724157	20153771.86068708	4469.459954650787	5189.020727776223	1.065833	24.141132	0.06609184	0.0328222	0.0203731722	0.0286422975	-0.11078570859999999	-0.0194515257	0.042749179000000005	-0.0279281573	0.0416110704	-0.0365916618	0.0151522051	0.100812708	-0.0021524015	0.0332180019	0.0082468229	0.0673704938	-0.052727440800000004	0.0733484249	-0.0392619834	0.033049923599999996	0.0040037521	-0.0457678528	-0.0017524612	0.0155025016	-0.1253244056	-0.0426656625	0.018145716699999998	-0.0243225099	-0.1554197183	-0.0823086876	-0.056310265	-0.0010777145	0.0548227645	0.050296879	0.0380898883	-0.1592102983	0.1015959468	0.0436434521	0.1317000159	0.0040846013	0.0444073704	0.0674028898	-0.012166931399999999	-0.0436913223	-0.129786029	-0.09758455810000001	-0.052102329800000007	0.0026664692	0.1136930103	-0.0083423696	-0.0190688031	-0.0688704617	-0.042000400199999996	0.029972388500000002	0.0506891432	0.0836211749	-0.0068425301	0.0815828785	-0.059508372000000004	-0.0333097046	0.0164353193	-0.0631742337	0.06891989679999999	0.1030730693	0.0827925542	-0.0326873398	-0.0795604843	0.0941591331	-0.0875291994	-0.10832013480000001	-0.0375878951	0.0217920362	-0.1874818008	-0.08109916639999999	-0.0424103584	0.1284737419	0.0484968102	0.0425912619	-0.0365486825	0.020493812900000002	0.0318063514	0.0297870602	-0.038614259500000005	-0.0676471541	-0.06666569209999999	-0.0853801686	0.01015566	0.0012727211	-0.1019967658	0.053547794800000006	0.0632085447	0.0036077952	0.030850236800000007	-0.0110669349	0.0023343751	-0.018722106699999998	-0.0210235526	0.0877202043	0.00766346	0.0562291947	-0.0333384958	0.07112090830000001	0.0539509082	-0.0486431671	0.0017043508	0.0254702179	0.1150105015	0.025709807799999998	0.0025245399	0.10764146220000001	0.1015425441	-0.122214881	-0.0517999965	-0.008671011800000001	0.0466234985	-0.0064161462	-0.052464564500000005	-0.1660780251	0.0646697025	-0.0657828202	0.09576318730000001	0.0198432209	0.056438708399999996	0.0016244173	0.0360190032	-0.0925330044	-0.0638635484	0.1405766687	-0.0768685182	-0.0144502104	-0.10790618560000001	0.0039170036	-0.0199170526	0.0299506525	0.0253974699	0.0794313509	0.0640058069	0.0253816446	0.0385904483	0.0230141072	0.0264231262	0.1343602742	-0.0314581572	-0.0770919221	-0.0023815978	-0.1290396761	-0.045946763099999996	-0.009635826	-0.0389682283	-0.0321554232	-0.15141873150000001	-0.0822424495	-0.068582991	-0.027786801099999998	0.0569829214	0.1164439461	0.17969101329999998	-0.0059272008	-0.0020072471	-0.0980396523	-0.0038833792	0.022044776000000002	-0.0202347017	-0.0090843635	0.12777568849999998	0.0372675559	0.0352692589	-0.0086231949	-0.0584094574	-0.0252419784	0.0724913133	0.0798977493	-0.0033701192	-0.053470836699999996	0.014104209199999999	-0.0541233432	0.019361871399999998	-0.0158715774	-0.036153708199999995	-0.0729747737	0.0192130034	0.07105488480000001	0.09015272349999999	-0.0219800532	-0.0716892554	0.09061569609999999	0.0874774795	0.0823273756	0.0752838312	0.0665088402	-0.0190028	-0.009234689999999995	0.00036110640784	8.527949939609992e-05	-0.0132325	-0.01776725	0.00017509905624999998	0.00031567517256249995	0.0258279	-0.0162112	0.00066708041841	0.00026280300543999983	-0.00103647	0.00036776999999999985	1.3525477289999993e-07	1.0742700609e-06	-0.000443213	-5.369600000000005e-05	2.883260416000005e-09	1.96437763369e-07	-0.000293283	-3.610799999999997e-05	8.601491808899999e-08	1.303787663999998e-09	0.0	0.0
5442.070011246363	5.792688260675278	29616126.00730699	33.55523728536517	5494.11754659572	-1.6359044972095944	30185327.61581097	2.6761835239905762	4487.063250993852	-2.232001123909868	4.981829017134912	20133736.61841952	4466.867499439893	5135.812633431803	1.0675629999999998	24.180326	0.051021	0.0263228	0.0195149713	0.0661701403	-0.0832059488	0.0695756399	0.0015891917999999998	0.022998759599999998	0.07965504129999999	-0.0689545375	0.0734188833	0.0307632662	0.0318187402	0.043203924299999995	-0.0382784192	-0.05651106700000001	-0.0573061346	-0.0045871914	0.1125136016	0.12973011380000002	0.0382532789	-0.10504835650000001	-0.0135904531	-0.0544983975	-0.0734279756	-0.0604097441	-0.0294043913	0.1260689225	0.025655179500000003	0.006955550699999999	-0.054113326600000004	-0.059055352400000004	0.0423869629	0.033303987599999994	-0.0146220869	-0.030078732	0.1137433909	0.0076872614	0.022398943799999998	0.0774431003	-0.1065248342	-0.0455867356	0.1321394898	-0.0807340475	0.020588546699999998	-0.0095216835	0.0257619824	-0.0358322461	-0.048800204900000005	-0.0054760532999999995	0.0211856962	0.0184762167	-0.0707420973	0.027746046400000002	-0.1254804367	0.0273560371	0.1093865585	0.057353200599999994	-0.019292033899999998	-0.1998331029	-0.025399119700000004	0.026805000699999998	0.0017478784	-0.1202057015	-0.025040845099999997	-0.0633471528	-0.0295043117	-0.043549154699999995	0.0333639079	0.1001037939	-0.09768229310000001	-0.0846691434	-0.0508911225	-0.0035755953999999997	0.0772048355	-0.016295204	0.055535233499999996	0.0916820867	0.07591103240000001	0.058556058700000004	-0.0575511226	-0.0464815332	0.014045908300000002	0.0102969742	-0.0806511185	-0.0708045964	0.0520134271	-0.0548305695	0.0397086483	0.026396259300000002	0.014185178100000001	-0.0006243725	-0.05077831	0.0423466171	-0.0384696384	0.0217895804	0.05658250240000001	0.0964864888	-0.0437368193	0.0982836424	-0.044278142199999995	-0.11090388550000001	-0.0043895385999999995	-0.10683613230000001	-0.0112873111	-0.0518309574	0.0740064394	0.057366682	0.0355589614	-0.1014128906	0.0541548025	0.0163341936	-0.06783371839999999	-0.0688467534	0.0252416123	-0.0069438127	-0.0553103292	-0.049089567199999996	0.0827761778	-0.09121002730000001	0.038060508	-0.0190550173	-0.1528361679	0.0222512988	-0.148434218	0.0229772877	-0.045992816900000004	-0.022819670499999996	-0.02053303	0.05420106809999999	0.0552822605	0.0256196959	0.0056121622	0.0204504648	0.0737521964	-0.0364509098	-0.11836992980000001	0.0645859399	0.0440566036	0.0834709384	-0.007670947900000002	0.1614623379	0.1371604314	0.0629164933	-0.0027110457000000003	0.1112191768	-0.0002501564	0.0502475508	-0.047692285300000005	0.0315745052	0.1043659432	0.000189953	-0.1060971499	0.0319968305	0.0064619536	0.0879566765	-0.10782432199999999	0.031817746	0.0383466886	-0.0817844657	-0.060410790599999986	0.0135538018	-0.0024185219	0.0166182788	0.0353845148	-0.0025484120000000003	0.059547881399999995	0.0566188923	-0.0653353541	-0.0970469987	-0.0443983605	0.0240046969	-0.0373888816	0.0305059054	0.0306351452	0.014885361699999999	0.07557512150000001	-0.014207658799999997	0.0595672454	-0.0184393094	0.14371675050000002	0.0681058184	0.0558642839	0.05407167400000002	0.0669410318	0.0904248282	0.0867235824	0.0806666498	0.0724185559	0.062203345	-0.0165934	0.002409399999999999	0.00027534092356	5.805208359999996e-06	0.0057118	0.018944299999999997	3.2624659239999997e-05	0.00035888650248999996	0.0336233	0.007795400000000002	0.0011305263028900002	6.076826116000002e-05	-0.00127433	-0.0002378599999999999	5.657737959999994e-08	1.6239169489e-06	-0.000638924	-0.000195711	3.8302795521e-08	4.0822387777600004e-07	-0.000289416	3.867000000000008e-06	8.376162105599998e-08	1.4953689000000072e-11	0.0	0.0
5449.612206896857	7.54219565049425	29698273.20555923	56.884715230334386	5474.679639396964	-19.43790719875597	29972117.154027674	377.83223626744905	4488.43036271525	1.3671117213980324	1.8689944587838916	20146007.120944154	4468.080436466435	5163.6879344012295	0.942111	21.338833	0.06318685	0.0345741	0.0284395083	0.0311571094	-0.050877500199999995	0.09417732949999999	0.0541346799	0.0117689703	0.019044260900000002	-0.041289840099999996	0.0786737822	-0.0383245286	0.0377343583	0.10300602269999999	0.0143490766	0.0270800088	0.0190113859	0.0217948488	0.046311625	0.0345230295	0.0335794127	-0.0742464948	-0.013453018999999998	-0.0752080366	-0.0285530523	-0.0338851079	-0.0492130372	0.0617582966	-0.0042422226	-0.1063731899	-0.012543093100000001	0.0774092502	-0.0373486257	-0.12255880279999999	-0.0718817896	0.0886618427	-0.0488373429	0.0354685026	0.036559758399999996	-0.0070380505	0.0039378239	-0.011227335	0.0441784627	-0.1100170632	0.026215376000000002	0.0973562248	-0.0063450111	-0.0196178582	0.029988255800000002	0.012815708899999998	-0.0599775461	0.0314232434	-0.1622627223	0.0946787779	-0.0810778677	-0.0238843629	0.15947683699999998	-0.0087170049	0.0644534418	-0.1296579035	-0.050223693099999994	0.0493507583	0.015431639399999999	0.1615931724	0.014036938999999998	-0.0651959977	-0.0151973042	0.0980524708	-0.020879374	-0.004130555300000001	-0.0799557801	-0.0634005936	0.0818365348	0.0987693773	-0.0144715504	-0.0516830215	0.11013323900000001	-0.042893923099999995	-0.07673905589999999	-0.07192920679999999	0.0530486402	0.024379765299999998	-0.1265424514	0.0112304942	-0.0175803179	0.0515995458	0.014977209299999999	0.1060279608	-0.025332192599999998	-0.0166080961	0.0903279353	0.0854538035	-0.0614738503	0.0653682301	-0.08464493029999999	0.0229525573	-0.0132980722	0.0467677015	-0.06323686440000001	0.1226404356	0.0102233945	0.0303975312	0.0405645901	-0.0751637924	-0.0145188598	-0.069542172	0.047469522300000004	0.029203561200000002	0.0539763946	-0.051417656	0.0139688739	-0.09212936320000001	-0.027693775099999998	0.0831491009	-0.06727357490000001	0.0721479401	0.0379186479	0.10669975570000001	-0.0561039773	-0.0185690651	0.053326016500000004	0.0043304560999999995	0.0037110959999999997	0.0228974798	-0.0495376015	0.09934910890000001	-0.1074731699	-0.0891206457	-0.054333611399999995	0.032310933	-0.013651835900000001	-0.0324226158	0.0516011889	0.0328590119	0.19550931789999998	-0.0593050463	-0.046442509400000005	0.116095394	-0.0082542059	0.1138881013	-0.10602712880000001	0.08400283800000001	0.054981237599999996	0.0006977297	-0.0548494703	-0.0827045181	0.0481248494	0.0033006185999999997	0.0060376977000000005	-0.040302089900000004	-0.0337583079	0.0183917073	-0.1864140142	-0.0442053293	0.052741748	-0.0804936646	-0.022936955499999998	-0.082315122	0.0497547447	0.10757343050000001	0.0442749687	-0.0120711091	0.0104457532	0.09325511730000001	0.1010064521	-0.0100332067	0.0051583428	-0.0200938793	0.0297998519	0.0941961834	-0.0094561128	0.071043636	-0.0647591044	-0.1032082591	0.008613107	0.13046762	0.0628886698	0.0199575986	0.0371381539	0.019975918	0.08533733519999999	0.047802360700000004	-0.014041449899999999	-0.0304676647	-0.071651301	0.090218205	0.0859092462	0.0788794428	0.069351437	0.0576269915	-0.0115919	0.005001500000000001	0.00013437214561	2.5015002250000008e-05	-0.0245573	-0.0302691	0.0006030609832899999	0.0009162184148099998	0.0225109	-0.0111124	0.00050674061881	0.00012348543376000006	-0.0014511	-0.00017676999999999992	3.124763289999997e-08	2.10569121e-06	-0.000499054	0.00013987000000000006	1.956361690000001e-08	2.49054894916e-07	-0.000308853	-1.9437000000000024e-05	9.539017560900001e-08	3.777969690000009e-10	0.0	0.0
5465.998993188673	16.386786291815948	29877144.99353959	268.5267649736472	5491.190200849266	16.510561452301776	30153169.821903005	272.5986394702332	4496.305475428902	7.8751127136520145	62.01740025272361	20216762.92837193	4476.011156444626	5264.377691411745	1.115299	25.261549	0.08594104999999999	0.0450922	0.0052477483	-0.0335902775	0.0121359969	0.0958520549	0.0362111751	-0.0260649319	-0.1062802681	-0.034770304	0.0936344582	-0.0837076055	-0.042382135700000004	0.0456266712	-0.058094079000000014	-0.0211574829	-0.0500606912	0.0538468497	0.028017784700000003	0.014627099099999999	0.0404797003	0.0094237791	-0.048887380700000004	-0.056140519800000004	0.0204807614	-0.021365243	-0.0611494814	0.0826922854	0.0309739522	0.0209268734	0.014655613100000001	-0.0560748245	0.0173290884	-0.048389384800000004	0.07867878910000001	0.1006592627	-0.0019659564999999998	0.043871939699999994	0.0354142733	-0.0524217244	0.1217944587	-0.0062541654	0.0157847183	-0.0278189847	0.1267103284	-0.08132307650000001	-0.0101927052	-0.09414525730000001	-0.0531011702	-0.0078867608	0.0713049144	-0.0776899395	-0.0036302243	0.0724194729	-0.0989512431	-0.1437936052	-0.0294904309	-0.00010997309999999999	0.1294365552	0.0563964074	-0.038041469	0.058812368899999995	0.0675337937	0.058523624800000014	-0.0239720573	-0.0803881006	0.0404498908	0.0179437335	0.09312381189999999	0.0085507926	-0.1382144827	0.0854620856	0.06145211530000001	-0.04889444849999999	-0.0174592286	-0.0520565533	0.0038817106	-0.08570719980000001	0.1417573675	0.07907831280000001	-0.0703948304	-0.014893198500000001	0.0363763227	0.0664191754	0.0480115963	-0.016428334699999998	-0.0208464158	-0.046694377800000006	0.12439282369999999	-0.0190127655	0.0827215703	-0.0127269224	-0.0197054309	-0.010823134299999999	0.08690074980000001	0.0237095566	0.076513879	-0.0226310802	-0.010041485	0.0138448051	-0.11776077869999999	-0.024705754700000002	0.005930673399999999	0.0097001278	-0.0508439322	-0.0574757896	-0.0103715692	0.0144567826	0.056221756500000004	-0.1031862073	0.010477789599999999	0.012838343799999999	0.0219137922	-0.0544014375	0.0401745889	-0.0334289696	0.08973152599999999	0.0643242186	-0.021346250499999997	-0.0354854335	0.0046106711	0.023519907799999996	0.12304436880000001	0.0536200134	-0.042593685199999995	0.1053555848	0.046187236	0.0603438506	-0.040039795499999996	0.1096606862	0.0614130228	0.0197582963	-0.0462917581	0.12622075619999998	-0.029635226	-0.0436044206	-0.0903335327	-0.0487004696	-0.09338558539999996	0.0871440658	-0.0883544092	-0.0972095262	-0.0220971723	-0.0012809768	0.036761320699999996	-0.0255109279	0.0006423011	0.0956223076	0.0062267952	-0.147173016	0.0721208604	0.0046205801000000005	-0.0538698254	0.1579733506	0.0197727076	0.0144976276	-0.0211517077	-0.05023882650000002	0.0064154074	0.09641929310000001	-0.1173122217	0.0398615769	-0.037150328999999996	0.027941430099999998	-0.0465618246	-0.045926530099999995	-0.0146465521	0.017681909	-0.0080762658	-0.0811206439	-0.060084765199999994	-0.09253752529999999	-0.09943716179999999	-0.0050284796	0.0330159067	-0.0336475396	-0.09962885980000001	-0.06973227259999999	-0.0261548466	0.0532225746	0.0067735904000000005	-0.022685116	0.0785686828	-0.09280310539999999	-0.0094779282	0.0899958625	0.0850350384	0.0769685571	0.0660910233	0.0527997072	-0.0027565000000000003	0.0088354	7.598292250000003e-06	7.806429316000001e-05	0.00800665	0.032563949999999994	6.410644422250001e-05	0.0010604108396024996	0.039542400000000005	0.0170315	0.0015636013977600007	0.0002900719922500002	-0.00152517	-7.407000000000008e-05	5.4863649000000116e-09	2.3261435289e-06	-0.000559655	-6.0601000000000086e-05	3.6724812010000093e-09	3.1321371902500005e-07	0.00010668	0.00041553300000000005	1.13806224e-08	1.72667674089e-07	0.0	0.0
5466.62669410242	0.6277009137465939	29884007.41267315	0.3940084371183089	5498.979094909788	7.788894060521669	30238771.08625487	60.666870686029746	4504.8190312778715	8.51355584896919	72.4806331935175	20293394.504563298	4484.050662161666	5391.273592805058	1.155245	26.166319	0.18476825	0.104406	0.020192289	-0.1127114902	0.056670116799999996	0.0045348039	0.0065314275	0.0102164903	-0.0364020721	0.07656655	-0.006829092199999999	-0.0800886378	-0.0586933656	-0.0008653044	-0.045682606699999996	-0.0144555292	-0.1112769071	-0.0334193842	-0.0734530138	-0.0364585703	-0.08559340380000001	0.1229856963	-0.0741435441	-0.041946420899999996	0.0460097386	0.0351289962	-0.0498420345	-0.0506680083	-0.0310159646	0.0142756524	-0.00030132259999999996	-0.0636095255	-0.07723878769999999	0.0752926902	0.11106045449999999	0.0397524838	-0.0374454812	-0.0788630148	-0.08703036539999999	-0.0208366194	0.009159066700000001	0.0341172634	-0.0452206659	0.0908072141	0.0635672316	-0.11381050179999999	-0.0194113381	-0.012207886299999998	0.0697126052	0.0262287842	-0.0593420877	0.0508740432	0.09534429400000001	0.10589005859999999	0.0555048157	0.0909675597	0.1005258224	-0.0323319619	-0.0311689384	-0.006837760799999999	-0.05436606150000002	-0.0433396462	0.022364081	-0.0616051396	0.0184346068	0.019940096299999998	-0.0426070221	0.00048603839999999997	0.1106045449	-0.1398099411	-0.056218829000000005	-0.0162830291	-0.10525165119999999	0.0531915647	0.013291746299999999	-0.12519402529999998	0.0247970297	-0.024051984300000002	0.1067487683	0.0046957024	-0.014127968400000001	-0.12724524939999998	-0.0606447754	-0.0112981581	0.0212312256	0.0447811158	0.05670010070000001	0.013358616799999999	-0.081089095	-0.082674325	-0.0408699803	-0.1042202608	-0.015085456200000001	-0.15624537189999999	0.0704710163	-0.0652571223	0.006362497	-0.0704077436	-0.07149169009999999	-0.0724482809	-0.1006392594	0.0188483513	0.061295345700000003	0.1252144034	-0.0752894263	-0.0515291216	-0.031057022200000006	-0.0374309651	0.047271086399999995	0.046889951500000006	-0.0093251999	0.0044139724	0.0393304868	-0.071102836	-0.040154465800000004	-0.1430977165	0.0647447547	-0.004981049600000001	0.006037544200000001	0.0904654317	-0.07942454759999999	-0.007527814599999998	0.017804383899999998	-0.037496783	0.0310750473	-0.0017865009	0.1151870144	0.0924327443	0.0059764108	0.0079705621	-0.0815088449	-0.0505754225	0.0281201539	0.039789061699999996	-0.0408863177	-0.11185860060000001	0.060235020099999995	0.0923693801	0.07759839889999999	-0.0182534076	0.0727107875	0.0164852458	0.0404462967	0.0857807072	0.0607221807	-0.0275857844	-0.078198246	-0.035746059	0.022951321299999997	-0.0937608668	0.0081177062	-0.1246290198	0.0021728395	-0.0657240446	0.06406240860000001	0.11061720550000001	-0.1037014265	0.032711514	0.0830252818	0.0874116999	-0.0595256715	-0.0210103958	0.0076022974	0.0098522198	0.0078814489	-0.08167899370000001	-0.013837104099999999	-0.05263330980000002	0.1444005584	-0.030480311200000002	0.1128383058	-2.3057899999999998e-05	0.06601607150000001	0.0954731611	-0.0988689007	-0.0659552252	-0.092756533	0.0020718568	-0.021356947999999997	0.0201592469	0.0052437003	-0.047340805599999994	0.0075302278	-0.0716993504	-0.0160632028	0.0897578394	0.0841015683	0.0749369886	0.062646402	0.047742511900000006	0.0085223	0.0112788	7.262959729000001e-05	0.00012721132943999998	-0.0271763	-0.03518295	0.0007385512816899997	0.0012378399707024998	-0.0194269	-0.058969299999999995	0.00037740444361	0.0034773783424899996	-0.000116397	0.001408773	1.984641365529e-06	1.3548261609e-08	-0.000409577	0.0001500780000000001	2.2523406084000032e-08	1.6775331892899995e-07	0.000134573	2.7893000000000002e-05	1.8109892328999998e-08	7.780194490000001e-10	0.0	0.0
5454.2162348526035	-12.410459249816086	29748474.73652971	154.01949879134563	5482.055414304426	-16.92368060536137	30052931.56550448	286.41096523228464	4496.429633494849	-8.389397783022106	70.3819951617762	20217879.448970627	4475.748153742072	5361.335618513266	1.0520040000000002	23.827919	0.118039985	0.055548400000000005	0.010593069699999999	-0.07966628070000001	-0.0048189209999999994	-0.0719617934	-0.0089095541	0.0912790767	0.013505211999999999	0.015634786100000003	-0.0961095709	0.0279333402	-0.045963877199999996	0.019669873600000002	-0.0405925534	-0.0019771522	-0.0536606816	-0.0194793522	0.0871911447	-0.015840440900000002	0.0485119696	0.060534469199999996	-0.0194197618	0.10376123539999996	0.0240809348	0.0499616258	0.043220373099999994	0.032619066099999997	-0.0335545206	-0.1010412017	-0.045871616	-0.0271702308	-0.032012216499999996	-0.0977031856	0.0558733774	0.00036564230000000016	-0.0150588057	-0.0767997921	-0.011980373700000001	-0.038443497	0.028072964900000004	0.0286544785	-0.07673122339999999	-0.1490681207	-0.032923678399999996	0.0143413576	0.0059310155	-0.029486346200000006	-0.1043946886	-0.01558602	0.06382477240000001	0.1120578736	-0.0562321164	0.017036126000000002	0.037284576	-0.0715629951	-0.11069697460000001	-0.0833806244	-0.049292651500000007	-0.047458195599999996	0.0428121292	0.0092871349	0.1671133508	-0.0299607252	-0.0919059293	0.05858563570000001	0.0251939177	0.0383848747	0.039058670499999996	0.0753581159	-0.0126539576	0.032827259	0.021449926600000002	-0.0128054798	-0.046045532300000004	-0.0237366631	0.0642045131	0.1008075566	0.0262665025	0.07229853110000001	0.010859921000000002	-0.044491197	0.0439896004	0.1714685027	-0.130906799	-0.026605479700000004	0.0526545678	0.0180749078	0.079559049	-0.0585066275	0.06484817650000001	-0.0476626741	0.1141235701	-0.018405095700000002	0.10037378289999999	0.13000438960000002	-0.0424255642	0.0217849465	0.0375106495	-0.10466928130000001	0.0228546437	-0.0032849711	-0.0840249022	0.0615211971	-0.0191548759	0.1003439138	-0.050329071600000004	-0.0464285617	-0.050393683200000004	-0.0077155584	0.024142084100000002	-0.10814137199999999	-0.056489594500000004	-0.020513913999999998	-0.0296952994	0.0342850519	0.1163112276	0.017876406	0.0211176901	0.0528038783	-0.0163246828	-0.030086086	0.018078583999999998	-0.052749520599999995	0.0439745692	0.0385821427	-0.1505342703	0.049076591600000004	-0.017592675500000002	0.0506231341	0.1382880793	0.0510993352	-0.05952765700000001	-0.0706913572	0.0107938084	-0.0688731824	0.080106014	-0.1330414266	-0.0384484147	-0.0151896893	-0.0693031459	0.0468555179	0.0569604758	0.0530209815	0.1344378576	-0.0269637952	0.0757298128	0.0770292357	0.0475762578	0.0011312464	0.06650007940000001	0.0717068152	0.0059700983	0.0004924192	0.0406761504	-0.0500187782	0.0339223984	0.0424468939	0.0684474265	-0.061092191399999995	-0.0050383872	0.0160005474	-0.0313360862	0.0247951829	-0.043895692699999996	-0.16879141949999998	0.0772303879	0.0110344485	-0.0533394925	-0.086473776	-0.04906467849999999	-0.1120897621	-0.0349789004	-0.043790202400000006	0.0120773686	-0.0555378303	0.0265733744	-0.11430797039999999	-0.1277990751	-0.030073702400000006	-0.064150785	-0.0246078013	-0.039113048500000004	0.0671022458	0.1410991451	0.0895041772	0.08310948650000001	0.0727879229	0.059027173899999986	0.0424774267	-0.00340857	-0.01193087	1.16183494449e-05	0.0001423456589569	0.00375329	0.03092959	1.4087185824099996e-05	0.0009566395375680996	0.0123527	0.0317796	0.00015258919729	0.0010099429761599998	-0.000636834	-0.000520437	2.70854670969e-07	4.05557543556e-07	-0.000179223	0.00023035399999999994	5.3062965315999977e-08	3.2120883729000004e-08	1.73655e-05	-0.0001172075	3.015605902499999e-10	1.373759805625e-08	0.0	0.0
5437.247786206909	-16.96844864569448	29563663.48861193	287.9282494415708	5487.276814258978	5.221399954551997	30110206.83630416	27.263017485395608	4490.236538939998	-6.193094554851086	38.35442016532617	20162224.17563185	4470.345575996123	5235.391490767468	1.165866	26.406885	0.091303975	0.053094900000000014	-0.0090553359	0.015279448400000001	-0.0848304413	-0.0527855935	-0.0850619313	-0.0094027567	0.0116187528	0.0092304592	-0.0289202946	0.1500427294	0.023271939	0.051425781799999994	-0.0393279338	0.0497181608	-0.08008277230000001	-0.033854484500000004	-0.056541315599999996	-0.11860971890000001	-0.05348059559999999	-0.010008234	0.0182848474	0.059379619	-0.1014639419	0.060403970999999994	0.0265593485	-0.0989415921	0.0134935255	-0.0413594737	-0.0036391496	0.1127674982	-0.0405894309	0.1133798892	0.1384979875	0.0947622133	-0.0158467807	-0.062744698	-0.0575244419	0.0813953963	0.033105411800000005	-0.0446671252	-0.0292618564	-0.0885152127	-0.0372022033	0.1299216507	-0.0571694483	-0.0052348451	0.0574430162	-0.036397193599999995	-0.0694359549	0.1022863618	0.056008783300000003	0.042225382199999995	-0.012825248700000002	0.0682892466	-0.0184862945	-0.0565257505	-0.1305252715	0.06376280940000001	0.0473863951	0.0665834092	0.013690103	0.0007121805	0.047998019100000004	0.09295338449999999	-0.1295627683	-0.0801397171	-0.0037164959	0.054351188200000004	-0.1177231106	0.0811023862	-0.0078907596	0.0168541495	0.1094558	0.0510604993	-0.0078540411	-0.0011731961	-0.0218578558	-0.025652500699999997	0.1172476319	0.023591789300000002	-0.0156935359	0.0946296244	0.0977712486	-0.05576562400000002	-0.0711067392	0.12577988210000002	0.0174248912	0.1069161785	-0.0024447463	0.0823365937	0.1582739895	0.056209231	0.058602660099999995	-0.09642559880000001	-0.0121236133	-0.014272596799999999	-0.046801692199999995	0.0006680233999999999	0.055501445999999996	-0.0260583329	0.0836385201	-0.0139166024	0.0188500368	0.0714661717	0.08683950630000001	-0.0610382823	-0.0448052063	0.0786265257	-0.06913233790000001	-0.024077566	0.0107379229	0.1138803189	0.008457164599999999	-0.1905570018	0.062965353	0.022339467400000004	0.04371465769999999	0.061631919199999996	-0.0559656302	0.0632694607	-0.0624374509	0.0402990899	0.037783361099999996	-0.0058008015	-0.1358441407	-0.0727983084	-0.0596898411	-0.010872423700000002	-0.0690495594	0.024025849199999998	0.06175527240000001	-0.0086773322	0.0113833428	-0.10985342769999999	0.0470884855	-0.0360882533	0.0445066414	-0.11344425050000001	0.1235314208	-0.009920315	-0.0128836077	-0.037732725	0.0082249624	-0.055153666500000004	-0.0496844547	0.040302100099999995	0.15140837570000001	0.1143474349	0.08898580619999999	-0.0229689332	-0.0499334896	0.0722897379	0.0746489354	-0.0124635724	-0.0372456227	-0.0339019903	-0.0685160623	-0.0688563614	0.053966732	-0.0145543924	-0.0556549372	-0.0692105625	0.023981762200000003	-0.051833655199999995	-0.11508166140000001	-0.11526109779999999	-0.0620502412	0.0934081126	-0.0552657858	-0.0313295484	0.11123030939999999	-0.1343909759	0.1133651796	-0.028876329300000007	-0.010032896099999999	0.0815460413	-0.0652856499	-0.0020683538	0.0279305025	-0.012125683100000001	-0.0795486687	0.098586319	-0.0868089013	0.0892349201	0.08205948440000001	0.07052472950000001	0.055243426500000005	0.0370273778	-0.00246827	0.0009403000000000004	6.092356792899998e-06	8.841640900000004e-07	0.0106284	0.00687511	0.00011296288656000001	4.72671375121e-05	-0.0163884	-0.0287411	0.00026857965456	0.0008260508292099999	0.000128426	0.00076526	5.856228676e-07	1.6493237476000002e-08	2.01088e-05	0.0001993318	3.973316649124e-08	4.0436383744e-10	-0.000112992	-0.0001303575	1.2767192064e-08	1.6993077806250002e-08	0.0	0.0
5426.830482843653	-10.417303363255996	29450489.08952108	108.52020936210471	5495.180529402156	7.903715143177577	30197009.05072056	62.46871306449457	4484.608530306147	-5.628008633851096	31.674481182702475	20111713.67009466	4464.5790692189785	5080.751343688544	1.109619	25.132891	0.091743295	0.046882199999999985	0.0134543249	0.10199532509999999	-0.0244179525	0.046140172400000005	-0.0716885293	0.0191413632	0.0673540094	0.0051397708	0.0808913394	0.0853464762	0.062309561799999996	0.0062118716	-0.0273645228	-0.0174588824	0.0366059049	0.0339722654	0.0391090028	0.08914435119999999	8.933940000000001e-05	-0.0799032078	0.0107267712	-0.043766674000000005	-0.050298316100000004	0.017421882	0.1333610365	-0.000912026	-0.068932076	-0.047081283700000004	-0.1271938812	0.0071789212	0.0081269214	-0.0154780592	0.0467413641	0.0201290358	0.10737181970000001	-0.0222351617	-0.0192146556	0.11344881550000001	-0.07244433230000001	-0.08763637199999999	-0.07316698940000001	-0.0222498117	0.0939213679	0.07884010400000001	-0.1350637603	0.1897743733	-0.09597904859999999	-0.033427448	0.0990849095	-0.0442868796	0.06821453820000001	0.0369406425	-0.0131363134	0.058719119699999996	0.0254214118	0.19603860010000002	0.0159168713	-0.0525378926	-0.1320125258	0.0687747813	-0.0138559184	-0.0315257938	-0.0686216912	-0.1779585014	-0.0354344352	-0.0251303974	-0.0031929277	-0.0762132343	0.0441282643	0.036224839700000004	-0.0680543659	0.0098649192	-0.0260607109	0.017622693999999998	0.045592993	0.0122442515	0.0566763859	0.0490339342	-0.1402605679	0.042511939400000004	-0.07659376650000001	-0.0623041846	0.0645949171	0.0888077508	-0.0824025541	0.0168213935	0.0110832032	-0.149089115	-0.032854770299999995	0.0595335427	0.1742392885	0.0003303644	-0.0432444214	-0.0458036731	-0.0220632454	0.0416542966	0.1202746726	0.0047831079999999995	0.0445881037	0.0381407441	0.0100412903	-0.080056273	0.0107831882	-0.0368502032	0.046897240300000004	-0.0098733862	-0.1357706006	0.0521935281	0.0703526528	-0.056753281100000004	-0.1169421038	-0.0260398551	-0.0115840461	-0.043849184000000006	0.0301826741	0.0192867379	0.08996014949999999	-0.056497637300000014	-0.0030044907	0.0466630397	-0.1399103749	0.0369430403	0.058337356500000014	0.0908448935	0.014338181100000003	-0.0520147562	-0.1042103244	-0.2186461603	0.08470771029999999	0.031641928300000004	-0.016888823	0.0340512971	-0.1276260294	0.007966005	-0.07103105950000001	0.034533652000000005	0.06400133150000001	0.1803051041	0.1121662715	-0.01457336	0.09530112619999999	0.08665322980000001	-0.1070614786	0.0381506552	-0.006361988000000001	0.1091119393	-0.0881779243	-0.0841235317	-0.0928667893	-0.081743205	0.0437033929	0.0181416465	0.0410784389	0.0301714091	0.0135975965	-0.0161185415	0.0036163802000000003	-0.015076982	-0.08827026199999999	0.0439604646	0.0412224146	0.10509636970000001	-0.027508932799999997	0.0616852242	-0.027605803999999998	0.020654747299999998	0.1330715912	0.0677802505	0.0155068301	-0.1969530623	0.0331073135	-0.0935241687	-0.006529345	-0.0049594294	0.0751767461	0.0377567831	0.0427124801	-0.027562493799999997	-0.07378326240000001	0.0666758087	-0.0272528111	-0.0082149676	-0.0335721885	0.088950115	0.0809522936	0.068150957	0.051305705800000004	0.031416097000000004	-0.0190146	-0.016546329999999998	0.00036155501316	0.0002737810364688999	0.00209606	-0.00853234	4.3934675236e-06	7.280082587559997e-05	0.0108046	0.027193	0.00011673938116000006	0.0007394592490000001	-0.000428429	-0.000556855	3.10087491025e-07	1.8355140804100002e-07	-4.23987e-05	-6.25075e-05	3.90718755625e-09	1.7976497616899993e-09	-0.000283062	-0.00017006999999999998	8.012409584400001e-08	2.8923804899999987e-08	0.0	0.0
5438.04135649224	11.210873648587038	29572293.794919964	125.68368796458329	5475.540205655627	-19.640323746529244	29981540.543751266	385.74231686848077	4488.5463808764	3.9378505702525217	15.50666711363811	20147048.613278627	4468.473982055606	5083.564733957956	1.134026	25.685698	0.054769975	0.029042400000000006	0.0275221002	0.0835425994	0.0675472855	0.0465953823	0.0466181179	-0.08136453769999999	-0.0828790211	-0.0089542466	0.0918955647	-0.0662248641	0.0913315518	0.0299684162	0.0095275713	0.0885477147	0.0510398012	0.0305965351	-0.0269205947	-0.0382803117	0.0830504156	-0.0629720153	0.0027236916999999997	-0.0387627792	0.06774702769999999	-0.0642292525	-0.0604514938	0.035228901800000004	-0.007419695	-0.010676153300000001	0.0520301626	0.0646367484	0.0926792851	0.0221377515	0.057546251799999996	-0.037056124100000004	0.0252621212	-0.0762034567	0.0097565694	0.0684118178	0.0637790673	-0.025486705800000002	-0.14251029070000001	0.0543224011	0.0833912058	0.0993932461	0.0383649144	0.0136521418	-0.09229700310000001	-0.026367289300000003	-0.0373558446	0.0862410233	0.0207498856	-0.051254437800000004	0.052899313200000006	-0.0697843253	-0.1271079683	-0.11958000390000001	-0.044415685	-0.0479046804	-0.0742852229	0.0334599311	-0.0339002821	0.0007549960000000001	-0.048098551100000005	-0.08862395810000001	-0.0232511783	-0.0575594248	-0.07653125549999999	0.0624006166	-0.0330049722	0.0364851069	0.0684662504	0.14696926859999998	0.051104393399999996	-0.0104238848	0.0241134446	0.0660262359	-0.054738225	0.0715219339	0.0626627477	0.038703427799999995	-0.013367556499999999	-0.18596722920000008	-0.0072973184999999986	0.052969862	0.0825786911	0.0259497665	0.04119806	-0.024450938199999998	-0.0014179625	-0.07223811200000001	0.031318366	-0.032310346000000004	0.023507450299999996	0.1361320758	-0.0021033286	-0.11262686	-0.0720186177	0.0238379619	-0.0185156559	0.151685782	-0.1226884969	-0.0603213783	0.0010215814	-0.047457348200000006	-0.0670834201	0.0620639646	0.0608942613	-0.0234631775	0.0127580533	-0.0218289705	0.0429727061	0.056247376200000004	0.1133489677	0.0026125699	0.0087729297	-0.0112166271	0.08920393509999999	0.05743646650000001	0.0082860023	0.0669290266	-0.028655590499999998	0.014027233	0.13094708160000001	0.0702980212	0.0597675675	-0.0582745985	0.022998545899999997	-0.0184696073	0.1119362374	0.0158995151	0.0628160004	-0.10421667539999999	-0.0301547213	-0.0190912075	0.0982325612	-0.0831097528	-0.0391072337	-0.06810424129999999	-0.0681002003	-0.013725051299999999	0.0180765768	0.1005056977	-0.096612799	-0.008553071899999999	0.0467599805	0.1199724103	-0.0449963955	0.09888587300000001	0.037912277599999995	-0.0195408925	-0.0362606079	0.0331818183	0.0623807332	-0.1212011918	-0.0550128354	0.0161064881	-0.0142555693	0.014966125600000001	0.0954266761	0.0832789531	-0.0245099067	-0.0489745909	0.1020020107	0.13030302400000002	0.0660565266	-0.0171097593	0.1584018123	-0.012759170600000001	-0.0215815845	-0.0039015741999999997	-0.008083442199999999	0.0403804672	-0.0199718426	-0.0582454926	0.047270592400000006	-0.08770074369999999	-0.0649515516	0.08962275730000001	0.0212352791	-0.0279954224	-0.0506424486	-0.1444941764	0.11959635589999999	0.0886498116	0.0797886859	0.0656703274	0.0472249869	0.0256680179	-0.012061	0.006953599999999999	0.000145467721	4.835255295999999e-05	-0.00684402	-0.00894008	4.68406097604e-05	7.992503040639999e-05	0.00926777	-0.0015368300000000012	8.58915607729e-05	2.361846448900004e-06	-0.000906282	-0.00047785300000000003	2.28343489609e-07	8.21347063524e-07	-0.000241182	-0.0001987833	3.951480035889e-08	5.8168757124e-08	-0.000212909	7.015299999999999e-05	4.5330242281000005e-08	4.921443408999999e-09	0.0	0.0
5458.293076024395	20.251719532155217	29792963.30377585	410.13214400907725	5474.363585489037	-1.1766201665896006	29968656.666128386	1.3844350164253394	4491.3612187980325	2.814837921632716	7.923312525061586	20172325.597722948	4471.0548398441215	5239.03384518149	1.2412280000000002	28.113832	0.07729404	0.039825699999999985	0.0159238329	-0.0339771031	0.0446251432	-0.0307753963	-0.0032480411999999998	-0.09545072539999999	0.0567088295	-0.0271287165	-0.0471463629	-0.08807147650000001	0.0834923029	0.029850263999999998	-0.0998761932	-0.0494249	0.032182632200000005	0.014423566399999999	-0.048266658399999995	0.0341039852	-0.089270041	-0.0503734232	-0.004376478400000001	-0.011835858000000001	0.0401315006	0.0155328258	-0.0099488491	0.07618154860000001	-0.0059273065	0.0004019237	0.0680074803	-0.0158232662	0.1169503052	-0.07908409940000001	0.13547758740000002	-0.0558958667	0.0340263384	0.08608560400000001	0.0590960451	-0.0528852178	-0.060093956500000004	0.0919507415	-0.08676054	0.0221174797	-0.0864793451	0.0308149985	-0.003013787	-0.0710580515	-0.0267558894	0.0041344134	0.0017077782000000001	0.0920197521	-0.0480784913	0.0200985608	-0.0344884909	-0.0614755394	0.067441	-0.0479718751	-0.0619744401	-0.0135854678	-0.0371349973	-0.0044569068	0.0182492267	0.0598729724	0.0644179063	0.11385684210000001	-0.026660800499999998	-0.1139982541	0.019835972900000002	-0.0139719821	0.0427508505	0.0084583737	0.0329962138	0.0438882808	-0.0931705201	0.0508730397	0.0877152965	0.17068885260000002	-0.0090775865	0.057277448099999996	-0.030634598	0.0031492981	-0.0206239761	-0.0001592256	-0.0007544146000000001	-0.014940736699999999	0.0157223141	-0.0155484197	0.0572330761	-0.0361935709	0.0402671818	-0.0382123892	0.11123036720000001	-0.0111124738	-0.0185125007	-0.061350608099999995	0.0200754057	0.0090165463	-0.10420130130000001	0.0045593816	0.08515129140000001	-0.0961940479	0.0043931819	-0.048568514800000004	-0.0052975388	-0.0171097429	-0.0421331062	-0.013875075700000001	0.0089751146	-0.0671153826	0.0474327772	-0.0079429785	0.0496927974	-0.0059573853000000005	0.13629630980000002	0.0560172066	0.1135837978	-0.097086385	-0.0214613086	-0.133070765	0.0092675694	-0.03039931	0.0299875442	-0.074481844	0.0922188294	-0.042417177300000004	-0.012079776399999999	0.0039273367	-0.0172108352	0.0304016302	0.037968984	0.0334270288	0.003533007	-0.0637902795	0.0936217275	-0.0957339546	-0.020595511299999997	0.0468025804	-0.0649833196	0.0078722246	-0.0165867392	0.0651833686	-0.015856462800000002	0.022693374	-0.025037503399999998	-0.11356547130000001	0.0026404033	-0.0247705365	0.0867552657	0.0737633384	0.0898879341	-0.0405526808	0.0299302798	-0.0676362681	-0.0006378571	-0.09567286550000001	0.0746215315	0.0496836175	0.09590598859999999	-0.0932837434	0.011396995600000001	0.0067893645	0.0256577642	0.0427710802	0.018731329799999998	0.0247787962	-0.0416211866	-0.0031425153000000003	0.0440792016	-0.0844284193	-0.0284069983	-0.11532782359999999	0.0183963137	-0.0246372847	-0.035581174199999996	-0.1172565623	0.0186937513	0.0390489794	0.0137831098	0.0181576265	0.11268239099999999	-0.0574903592	0.0083134449	0.0950719704	0.010997069699999999	0.08833406210000001	0.0785694722	0.0630867301	0.043012643499999996	0.0198081701	-0.00181147	0.01024953	3.2814235609e-06	0.0001050528652209	0.00278281	0.00962683	7.744031496100001e-06	9.26758558489e-05	0.00703203	-0.00223574	4.94494459209e-05	4.9985333476e-06	-0.000278425	0.000627857	3.94204412449e-07	7.7520480625e-08	4.3253e-06	0.0002455073	6.027383435329e-08	1.870822009e-11	1.73655e-05	0.00023027450000000002	3.015605902499999e-10	5.302634535025e-08	0.0	0.0
5456.782212482255	-1.510863542140214	29776472.11446273	2.2827086429684744	5487.910105797336	13.546520308298568	30117157.32931253	183.50821246314555	4499.120215279394	7.758996481361464	60.202026397779576	20242082.7115357	4478.4370304977065	5340.686955021224	1.172677	26.56115	0.14480310999999998	0.07504389999999997	0.0212597947	-0.06975965049999999	-0.0205305898	-0.058336152999999995	0.0458674422	-0.0136883216	0.0340687821	-0.08774121189999999	-0.057258640300000004	-0.0352460552	-0.022122062	0.0124054966	0.038285505	0.0124352326	-0.0495135164	-0.0443371709	0.0055288211	-0.0946845078	0.0676944436	0.0633447433	-0.035058381	0.070329949	-0.0258417313	0.0806406567	-0.075554827	0.062276159500000004	-0.060625548099999996	-0.0904212661	0.039776905	-0.0183984889	-0.040009191	-0.1479952568	0.0972176472	-0.039478806400000004	-0.0331193865	0.0078844061	0.0003437701	-0.0076112616000000004	-0.037692108599999996	0.006759635999999999	0.0650217062	0.010337759399999999	-0.043246188899999996	0.0784183092	-0.122026385	-0.0786578674	-0.1855068025	0.0927353103	0.07600959780000001	0.1100273357	-0.0812445181	-0.136155311	0.09378616529999999	-0.0269450029	0.0175073716	-0.10178628279999999	-0.0217342004	0.1083926812	0.0621274218	0.0074883547	0.0450705297	0.0349531488	-0.05141080519999999	0.034888121800000005	-0.0337000716	-0.0306185931	-0.1040716828	-0.1516580636	0.0466277476	0.0191070733	0.0763413099	-0.0830284506	0.0657393257	-0.027567954900000004	0.1249535142	0.0048532831	0.0419811301	-0.0599001784	0.0416834796	-0.0779823421	-0.038596289900000004	-0.056414907699999996	0.025484153199999998	-0.0402341376	-0.056620131500000004	-0.0649893941	-0.0707468583	0.0980433927	-0.0814842501	-0.0918001221	0.0054392654000000006	0.035800396899999996	0.0216052644	-0.0182319124	-0.0137061148	0.0294303981	0.1388115165	0.1315316893	-0.0940618651	-0.0093864887	0.0450529172	0.061617038099999986	-0.0333563615	0.0805856421	0.0026908123	-0.08889459970000001	0.0687011617	-0.026458641499999998	0.05601271	-0.0968346629	0.019557517	0.018385248	-0.0342681361	0.0821453326	0.1687407647	-0.0516060604	-0.026622573700000002	4.23371e-05	-0.012720761499999999	-0.0163262952	-0.024709436499999998	-0.0136736275	-0.0466230825	-0.041068895099999995	-0.027453196800000003	-0.0711517479	-0.1003104727	0.045893323099999994	0.2030577191	-0.0043392776	-0.14433743400000001	-0.18085027329999998	0.057710292	-0.010708476399999998	0.0489739129	0.0244360015	-0.08904660689999999	-0.1346401764	0.034304926	-0.0725591411	-0.0237472825	-0.0400263938	0.085523599	-0.0499166955	0.0107632054	0.0233537543	0.0485615078	0.021496666499999997	-0.1387428105	-0.08673361449999999	0.0353415241	0.028116211000000002	-0.0863219125	-0.046917660800000004	-0.060603022699999995	-0.0870934979	0.1234349612	-0.0058642527	-0.0845763942	-0.0429030803	0.0244411579	-0.0405479623	0.0464655684	0.0065718057	-0.0255960642	0.0396096111	-0.057359197699999996	0.0761010762	-0.0135703296	0.08554745039999999	0.0765960638	0.1222245427	0.0718413232	-0.08453842130000001	0.0349073679	-0.0683477019	0.0295448317	-0.0238392215	-0.0749222221	0.1830486454	-0.014194666100000001	-0.06478954049999999	-0.1178011252	0.0880029215	0.0772955021	0.06040421610000001	0.0386804161	0.013862069599999999	-0.0112424	-0.00943093	0.00012639155776000003	8.894244066490001e-05	-0.0113158	-0.01409861	0.00012804732963999998	0.0001987708039321	-0.0349537	-0.04198573	0.0012217611436899998	0.0017628015236329	0.000734767	0.001013192	1.026558028864e-06	5.39882544289e-07	-0.000184156	-0.00018848130000000002	3.552520044969e-08	3.3913432336e-08	-0.000366718	-0.00038408349999999997	1.3448209152400006e-07	1.4752013497225e-07	0.0	0.0
5446.5544049264	-10.22780755585518	29664954.88582317	104.60804739960828	5503.146981837916	15.236876040580682	30284626.70371177	232.1623914760217	4497.69504544185	-1.4251698375437627	2.031109065844515	20229260.721792165	4477.688565445138	5257.721767238577	1.22949	27.847961	0.16574207	0.0919064	0.025996820299999997	-0.012791836000000001	-0.10702649880000001	-0.0079884167	0.0021742623000000003	-0.0026098207	0.0238597337	-0.0544030296	-0.018131115	0.0765645283	-0.0790219165	0.022048857999999998	-0.0971964734	-0.0041684311	-0.0571962487	0.061571604	-0.0636510567	0.052365571900000005	0.0355265409	0.033440835	-0.0470392595	0.0609429187	-0.1238533732	-0.011769026200000001	0.0818998363	0.0962519951	0.0249501227	0.0025386259	-0.0445319062	-0.1222990329	0.0047550757	-0.0978941374	0.1465465051	0.022741739	-0.062193232599999995	-0.079336018	0.0119177848	-0.0482189547	0.0831996591	-0.07210405610000001	-0.11340841630000001	-0.0653640029	-0.0070991256999999985	-0.0251914347	-0.0717086329	0.0414532385	-0.027647425099999998	0.054518395899999995	0.0243203577	0.0006840053	0.1878195618	-0.0293374248	-0.0300566577	0.0545131671	0.0125399677	-0.0988863241	-0.0892602927	0.0111741172	-0.0085391622	-0.0289764101	-0.0413722793	-0.0025416823	0.015600352	-0.0109972223	0.0292095687	-0.09912238949999999	0.0190801878	-0.0040930112	0.027466581299999997	0.010914901599999999	0.120101964	-0.0335743678	0.17156274920000006	-0.017921288400000002	-0.045158640300000004	0.0167829531	0.0791820885	-0.0301583685	0.0667637829	0.0081201986	0.0652052977	-0.1104966032	0.0145619826	0.0005580783	0.0071384513	0.1117957638	-0.055367429800000006	0.0765376269	-0.1429907994	-0.0708369123	-0.09019131550000001	0.2191000302	-0.0155330766	-0.073129447	0.0025886916	-0.0021728499	0.10636441519999999	-0.011741367800000001	0.0633701267	-0.0247419313	-0.0159635352	0.0285526544	-0.045808880499999996	0.074998941	0.1179294336	0.019068599199999998	-0.0904797062	-0.0806481377	0.0393874388	0.0011859016	-0.0638523687	-0.117208344	0.0487967867	-0.0185983379	0.19111107579999997	0.0173395358	-0.0097229431	0.0779069899	-0.0079983723	-0.0246103844	0.0449714524	0.0810799679	0.0829447797	0.034029532200000004	-0.0688667611	0.0680347081	-0.0386801587	-0.0550030644	0.0264074155	-0.0619406671	0.006848391800000001	-0.0368206994	-0.1644819626	-0.0591705812	-0.0356940723	0.0220885164	0.0213286752	-0.1504928965	0.0458619229	0.025781631	-0.0192578663	0.043113676399999995	-0.0273546112	-0.006711640699999999	0.0079718805	-0.0159330585	0.017896511599999998	0.0009776627	0.064875093	-0.022226197599999997	0.05737970360000001	0.0729251253	-0.0992815336	-0.0852074758	-0.1616491061	-0.0131973474	-0.009415688299999999	-0.0505360276	-0.0211429646	-0.0400397501	-0.0749774518	-0.0966901084	0.032129313199999995	0.0688579833	0.052605919699999996	-0.0632903247	0.0332209175	0.06310038559999999	-0.0167464972	0.13764971980000001	0.0414893406	0.1304446423	0.14516744210000002	0.0308754337	0.0671288905	0.1394351931	0.0378887315	-0.0062289331	-0.1073798369	0.0409678179	-0.0343964203	0.0805192531	-0.027282843199999997	0.0876564477	0.07596766349999999	0.0576269915	0.0342403795	0.007855608100000001	-0.0190077	-0.007765299999999998	0.00036129265929	6.0299884089999986e-05	0.014971200000000004	0.026287	0.0002241368294400001	0.000691006369	0.00769553	0.04264923	5.92211819809e-05	0.0018189568195929	-0.000676191	-0.001410958	1.990802477764e-06	4.5723426848100004e-07	7.56238e-05	0.0002597798	6.748554448803999e-08	5.718959126440001e-09	-0.000256645	0.00011007300000000006	6.5866656025e-08	1.2116065329000006e-08	0.0	0.0
5435.649976538672	-10.90442838772833	29546290.667444866	118.9065584630955	5500.115468511322	-3.0315133265939953	30251270.166957524	9.19007304931699	4492.1194067978995	-5.575638643950697	31.08774628791637	20179136.76493031	4471.821419878752	5172.736187690992	1.2134760000000002	27.485245000000006	0.12872122	0.06612280000000001	0.024207529199999998	0.0423848784	-0.0480615518	0.0504191117	-0.0199159872	0.0655914496	0.032300951	0.0439008977	0.07222833740000001	0.0703470374	0.0090020207	-0.0198930733	0.0482645481	0.056074822999999996	-0.0504607154	-0.0626044559	0.0563322826	-0.0290498475	-0.105414608	0.022921787000000002	0.006267312	-0.0434856752	-0.0773451181	0.0711181581	-0.023366665499999998	-0.1077257068	0.0066052971	0.0050497656	0.037922452999999995	0.09501050539999999	-0.0299932564	0.035745064900000005	0.015100696299999999	-0.08522298210000001	-0.0179676925	0.0570051119	-0.0045114651	-0.083915659	-0.0716606112	-0.025923811499999998	0.044657961399999994	0.1446181325	0.0722103976	0.0323766304	-0.0926939936	-0.0604263471	0.030690822799999996	0.074485722	0.12855358320000002	-0.0352345413	0.09707092199999999	-0.0568845583	0.1159566615	-0.0076859904	0.0663549292	0.0788258789	-0.0057655264	-0.050752886799999994	0.1305773366	0.0437038046	0.040116801800000004	-0.0273425154	0.0823675379	-0.2035135009	0.012604837800000001	-3.7828000000000004e-05	0.0278942216	-0.041199467999999996	-0.0604924043	-0.0242715914	0.041701600899999997	0.0587261409	-0.07210716639999999	0.0438152315	0.0617201367	0.0375052436	0.0587201507	-0.0186680554	-0.0017417984	0.0161074866	0.024798661	-0.0347526846	-0.054495914400000005	0.0584741229	0.023710887799999997	0.0449699574	0.0761225041	-0.0021027713	-0.1067714853	0.0078356863	-0.0313662017	-0.007089781500000001	0.0911951858	-0.0074720676	-0.0578265931	-0.0284024786	0.033383317	0.11121794550000001	-0.044640314800000004	-0.0190056848	0.0151905351	0.022704704300000003	0.006093180500000001	-0.0334093322	0.0813705626	-0.0737057139	0.008174630799999999	0.0870928109	-0.06786394059999999	0.0104211857	0.043851638899999996	0.0993776169	-0.0412827042	0.0023958712	-0.0250716346	-0.0979651623	-0.0369049642	-0.0245197031	-0.0492721352	-0.041243870099999996	0.017632173600000002	0.0101457402	0.014611334699999999	0.018470928	0.1551518558	-0.08274466379999999	-0.0819511085	-0.0091311406	-0.0464678343	-0.0383728984	-0.1351439254	-0.0648016163	-0.1272372399	0.020888516399999998	0.014275663999999999	0.1503257616	-0.06302763980000001	0.0324041713	0.0405900341	0.0704021139	0.034376831600000005	-0.10754743359999999	0.0035817742	0.058626997699999996	-0.0584155377	0.0989579833	-0.1537777749	-0.11240482550000001	0.0508246702	-0.0290301671	-0.067914041	-0.0395317229	0.049053645599999994	-0.0906208578	0.0547938769	-0.0103032178	0.0458249515	-0.0184448311	-0.02133585	-0.0359118959	-0.0186802158	-0.0198247966	-0.0137436134	0.0230774006	0.057221305599999994	0.0049454727	0.0761150173	-0.0101542007	-0.0712124672	-0.0270664965	0.074914521	0.0663613445	0.0493385414	0.030970532400000007	-0.09054238869999999	0.0024534751999999997	-0.0675694602	0.0724934025	0.0152375072	0.1328170419	0.0441638392	0.004354643	-0.0025462399	0.0872947008	0.07458688179999999	0.0547594108	0.0297049088	0.0018149402	-0.00357962	0.01542808	1.28136793444e-05	0.00023802565248639995	-0.018793200000000003	-0.033764400000000014	0.00035318436624000017	0.0011400347073600005	-0.0188209	-0.02651643	0.00035422627681000007	0.0007031210599449001	0.000213363	0.0008895540000000002	7.913063189160002e-07	4.5523769769e-08	0.000152653	7.702919999999997e-05	5.933497652639997e-09	2.3302938409e-08	-0.00016298200000000002	9.3663e-05	2.6563132324000005e-08	8.772757568999998e-09	0.0	0.0
5440.702773411192	5.052796872520048	29601246.66860423	25.530756234948374	5492.225958038165	-7.8895104731573165	30164545.97414824	62.24437550605897	4490.219180347841	-1.9002264500586532	3.610860561502512	20162068.28756364	4470.247812600859	5121.363919972859	1.24397	28.175943	0.120972465	0.06712869999999999	0.021500243500000002	0.0617895572	0.0573474351	0.0556976375	-0.0979268383	0.012745476200000001	-0.1208152732	0.0422270418	0.0765949275	-0.0006614360000000001	0.020726391299999997	0.016511733799999997	-0.06815138230000001	-0.033790472	-0.016358842	0.0598529698	-0.0205016697	0.040631457	0.052849031399999996	-0.0292551604	0.0085593215	-0.046913171600000005	0.0032532166	0.0395725011	0.0958165566	-0.011140883999999998	0.1124814591	0.0199559739	-0.0764158477	0.05855955230000001	0.0675669212	0.0197762282	0.102341747	0.1270592415	0.0263031388	0.061242122300000014	-0.081611998	-0.0476607784	0.0992741943	-0.028771820400000002	-0.0393067854	0.047720003	-0.0278224703	0.1203252586	-0.008819993100000001	0.09672810150000001	0.0997037752	0.1228841397	-0.0053690739	0.050172059500000005	0.0100073414	0.026417668	-0.0698506664	0.1027879293	-0.0087620418	-0.041954390999999994	-0.0267461359	0.048830833600000005	-0.0001345436	0.051162251	0.048670381299999996	0.1108723924	-0.0688003177	0.011951195500000001	-0.061793120300000004	-0.0001319717	0.06803852860000001	0.1089356677	-0.0035732588	-0.048967000499999996	0.032051548	0.0508935909	-0.0800037381	0.0248491678	-0.0020238883	-0.0273348518	0.1005401872	0.011414941000000001	-0.023785146	-0.0025768354999999997	-0.031093344199999998	0.0412271113	-0.0669184603	0.0625120811	0.0784082396	0.0031026215	-0.11738909789999999	-0.009631521700000001	-0.055866771399999994	-0.0227873404	-0.0101969627	0.05557754610000002	0.0096090279	0.0657339902	-0.021760974	-0.0719942569	-0.051682850700000005	0.0331074208	0.0266525596	0.023291013500000003	-0.0436650036	-0.027270509900000003	0.0061884605	-0.05035117769999999	-0.010687781200000001	-0.029531608199999997	-0.1032327722	-0.038215162000000004	-0.0699861833	0.041652503199999996	-0.0818359079	0.0464055333	0.1067353034	-0.1089249617	0.06379425080000001	0.09846481119999999	0.0132840776	-0.0667858969	-0.08081386019999999	0.0667102713	0.09227991029999999	0.0330461497	0.0526096078	0.0021294362	-0.0034604063	-0.11199999890000001	0.0046511919	-0.09476204369999999	-0.09433822060000001	-0.1337900289	-0.0158585875	-0.0366477241	0.0152266947	-0.0379133287	-0.0446410255	-0.0025531373999999997	0.10345406210000001	-0.014598481399999997	0.0058074421	0.0031470734000000004	-0.012163741799999999	0.0176849621	0.0266653162	-0.0389889581	0.0864426119	0.10583904029999999	0.1195762117	0.0073664667	0.0669883455	0.060618787199999996	-0.057132755999999986	-0.0337149724	-0.0034355198	-0.0286947735	0.053581873499999995	0.051553755599999994	-0.0281261958	0.0561180518	-0.0632074004	-0.0509521346	-0.0417917022	0.0881097651	-0.0010263161	-0.047330734400000005	0.0724111863	0.06477615980000001	0.051284644000000004	-0.0278303021	0.09943612289999999	0.059380098	0.0423439583	0.0580464304	0.034738129	0.0161541785	0.0390336462	0.0269174656	-0.0504837504	0.06746593299999999	0.0086007883	-0.0057689976	-0.0016319541	-0.0196975383	0.0381976065	0.0869177441	0.0731541193	0.051805970199999996	0.0250866452	-0.0042336307	0.00845077	0.01203039	7.14155135929e-05	0.0001447302835521	0.0376054	0.056398600000000014	0.0014141661091600006	0.0031808020819600012	0.00321135	0.022032250000000003	1.03127688225e-05	0.0004854200400625002	-0.000216514	-0.00042987699999999995	1.84794235129e-07	4.6878312196e-08	0.000152653	0.0	0.0	2.3302938409e-08	1.73655e-05	0.0001803475	3.015605902499999e-10	3.252522075625e-08	0.0	0.0
5456.062953865367	15.360180454174953	29768622.95654207	235.93514358481826	5470.104551928284	-22.12140610988081	29922043.809026536	489.356608278272	4489.842096806322	-0.37708354151891404	0.14219199728444654	20158682.05425419	4469.295577961691	5249.348790772646	1.363799	30.890074	0.211413595	0.132605	-0.0333471957	-0.0267258177	0.0794899309	-0.053075619500000004	-0.11129600769999999	-0.0747233001	0.0120189306	0.0487526602	-0.0255581258	-0.08495160339999999	0.0847079667	0.0014947197	0.0170511401	0.050825894100000005	-0.10072918970000001	-0.1429389904	-0.041073093399999996	-0.10581418140000001	-0.11622140480000001	-0.01446636	0.074704112	-0.0050666523	0.0541045521	0.16646577529999998	-0.06959479639999999	-0.0770210622	-0.0299192463	0.0498455795	0.17062675800000002	0.0630239888	-0.12199236960000001	-0.0197734994	0.0352273395	0.0259812236	0.0536111521	0.0198890746	0.0563630715	-0.0184358092	0.0590980068	0.0537725537	-0.025548651699999998	0.0759580864	0.007032627	0.0376215477	-0.0545712115	0.0016750373999999998	0.054781240499999995	0.043817271100000006	-0.080054049	-0.10011260820000001	-0.035297510899999995	-0.022594116	0.0810290576	-0.0690581514	-0.1096133616	0.015069766799999999	-0.0258586271	0.0458713038	-0.1119840949	-0.046104778799999996	-0.11476169720000001	0.08425755039999999	0.0131247624	0.043553414000000006	-0.042690843	-0.0156582699	0.0421873476	-0.0227479618	-0.073304019	0.0452348949	-0.0435741949	0.0968396978	0.06274508	-0.071674477	0.0427991913	-0.0659886087	0.0119242472	-0.008583464399999999	-0.028107614399999998	-0.1317701536	-0.0378693911	-0.0056509034	0.0836922865	-0.0649719704	-0.0507974442	-0.0710829309	-0.0880442744	0.043823651799999995	-0.028222302799999998	0.089185616	0.1171495391	0.0712398647	0.0115528943	0.0075154015	0.031697747000000005	-0.05077292	0.0690188865	-0.0860019083	0.0509560788	-0.0843633945	-0.0674397645	-0.012787443899999999	0.073230116	-0.013669512	-0.058820816	-0.1699566921	0.039696697	0.0604596679	-0.0187618276	0.0498731705	0.1881543802	0.0712243895	-0.0943725662	-0.017327098899999997	0.0622540412	-0.0072699356	0.041530614199999996	-0.0417373821	0.0652606119	0.025797091	0.0835331952	-0.0279835494	0.0599667762	-0.0389657905	0.045309938200000004	-0.0330985584	-0.0626932749	0.0038706236	-0.0338978001	-0.0889132422	0.039137035099999995	0.0412707817	0.0187107037	0.0929164613	0.0828823308	-0.0700634158	-0.0827690267	-0.010512985400000001	0.0259983357	-0.0404631934	-0.1053479218	0.053700102699999995	-0.1527757325	-0.049684035999999994	-0.0285396342	-0.0013902947	0.0694985254	0.0113356826	-0.0041650166999999995	-0.0508939563	-0.010261992	0.05267677269999999	0.119505195	0.0581715434	-0.1239915122	0.014469547	0.0229475832	0.073068194	-0.08689031679999999	0.0143868276	0.1233384425	-0.0256158133	0.0410420608	-0.0240927971	-0.09584074320000001	0.014305331200000004	-0.044731855	0.00533872	0.0641745468	-0.0155722647	0.0694165313	-0.0686241212	0.0968546768	-0.0095052872	0.0516199971	-0.0033922512	0.057792997199999994	-0.024838146600000003	-0.07530891690000001	-0.0599523662	-0.0361863561	0.0778981314	0.08712648490000001	0.08652564300000001	0.07167037450000001	0.048771300499999996	0.0203984606	-0.010263766700000001	0.0147785	0.00632773	0.00021840406225	4.00401669529e-05	0.0205805	-0.017024900000000003	0.0004235569802500001	0.00028984722001000016	-0.0584768	-0.06168815	0.00341953613824	0.0038054278504225	0.00190332	0.002119834	4.4936961875560006e-06	3.6226270224e-06	0.0005033	0.00035064700000000005	1.2295331860900006e-07	2.5331089000000004e-07	7.43408e-05	5.69753e-05	5.5265545446399986e-09	3.2461848100899995e-09	0.0	0.0
5460.356651464525	4.293697599158804	29815494.761192884	18.435839073022077	5483.9387168044705	13.83416487618615	30073583.84966706	191.38411782150257	4486.773646911121	-3.068449895200501	9.415384759355968	20131137.758616123	4466.7102153892765	5303.165493925035	1.2279719999999998	27.813595	0.12153601000000006	0.0711268	-0.07862088190000001	-0.053301476699999996	-0.011805285	-0.0961449607	-0.2451670344	-0.0157558426	0.0560057637	-0.0635268357	-0.0878661657	-0.0411188465	0.0741976343	-0.051551511900000006	-0.0471380067	0.052560898200000004	-0.0234077222	-0.1098084451	0.0311969065	0.0015421119	0.0312905412	-0.029108593	0.1107995401	0.09694580720000001	0.0284312361	0.1086502456	0.0330448137	-0.0228905452	0.0351779272	0.0238756112	0.0366258976	0.1275879771	-0.1405087834	0.0321288198	0.029785891499999998	-0.035209731200000004	0.0488048749	-0.0013040350999999999	-0.11163734619999999	0.0897988191	0.0824767302	0.0607498001	0.1471800917	-0.0093723299	-0.011451090300000001	-0.0565980034	0.0101287628	0.0668694433	-0.0103374478	-0.1353918423	0.0158572082	-0.0289879429	-0.044705726200000004	-0.0466560235	0.0106479629	0.0225864104	0.10066178529999999	-0.005973254200000001	-0.1522181939	0.0548042654	-0.0115054097	-0.006500654399999999	0.1136771884	-0.001539913	-0.017048211299999998	-0.034869994700000004	0.0901566874	0.1751504361	-0.0714743095	-0.0038129492	0.0670570832	-0.0467715372	-0.0075294125	-0.0176968274	0.084897833	0.0103024588	-0.11041267880000001	0.0760725322	0.0052310796	-0.0681302512	-0.0411913712	0.013212128799999999	-0.0888792195	-0.029768551	0.0027141848	0.10486762109999999	0.1842010228	-0.0154500314	0.1072775271	0.1222315487	0.0778135426	-0.0010984074	-0.1257391031	-0.032170387200000004	0.0549704756	-0.0001294883	0.0579426373	-0.0249511992	0.0368168532	-0.0755168317	0.07992982309999999	-0.06997375980000001	-0.0335547645	-0.0283720616	0.1120964874	0.0943106867	-0.0604379748	-0.1047218836	-0.0461170454	0.0036658115000000003	-0.0435035655	0.0390664287	0.014148020400000001	0.1054825469	-0.11882988050000001	-0.0266359091	0.007782503100000002	-0.0338285759	0.1307944698	0.0547529199	-0.061553982	0.15092746740000001	0.022966930099999998	-0.0155768159	-0.1598226406	-0.0499309458	0.0023557623	0.038906991200000005	0.015203023700000004	-0.0372883658	-0.0104180627	0.1459730072	0.0244340579	0.0187628468	0.0366052635	0.0685961808	-0.024617029900000004	0.0477761367	-0.0041865859	-0.059720959800000015	0.1076055069	0.0352835897	0.012587858300000001	0.014761000600000001	0.1128570085	-0.0924667324	0.0665589701	-0.0207375454	-0.1159106931	-0.029838530499999998	-0.11534816869999999	0.13208935900000002	-0.012191806999999999	-0.0195392897	-0.064900311	0.029547918700000002	-0.0463970813	0.0716711123	-0.0640221198	-0.028002286600000002	0.068262528	-0.049422385199999995	-0.0081933762	0.07702267759999999	0.0674892971	0.0114048838	0.055504436799999994	0.08828254	0.1082442159	-0.08421186289999999	-0.1395504089	0.1606626984	-0.045840853099999995	-0.0017354978	0.0167040296	0.024135824900000002	-0.1110037483	-0.0444828238	0.029980041699999998	-0.0035956478000000007	-0.0190101848	-0.0808411465	-0.1040027917	0.0776602779	0.0761288209	0.0861184661	0.0701366814	0.04566016	0.0156534218	-0.0162492101	0.0329712	0.018192700000000003	0.00108710002944	0.00033097433329	0.08555689999999999	0.06497639999999999	0.0073199831376099984	0.0042219325569599975	-0.0488967	0.0095801	0.00239088727089	9.177831601000003e-05	0.00156026	-0.0003430600000000001	1.1769016360000005e-07	2.4344112676e-06	0.000618625	0.000115325	1.3299855625e-08	3.82696890625e-07	0.000191692	0.0001173512	3.6745822863999996e-08	1.377130414144e-08	0.0	0.0
5459.184917823283	-1.171733641242099	29802699.96698921	1.3729597260184685	5520.160625353397	36.22190854892688	30472173.32970201	1312.0266589268222	4486.31212411622	-0.4615227949016116	0.21300329021379508	20126996.47499219	4466.278331213727	5250.779872365786	1.202173	27.229242	0.100274725	0.0560203	-0.0381350357	-0.0279748706	-0.1033519665	-0.047975993	-0.1161748838	-0.1368162198	-0.0039982484	-0.12104766630000001	-0.0076233711	-0.0023635224	-0.0024413163	-0.1022630741	0.0180417724	0.07092823320000001	0.0409137242	-0.0215912441	-0.1058712835	-0.0629423811	-0.030251391000000002	-0.0468363503	0.0842154573	0.0940448557	-0.025494691400000002	0.09827658660000001	0.0339800604	-0.0196059902	-0.0083054776	0.0163145063	0.1630555132	0.0406405038	-0.0647099751	-0.0075128975	0.0757152261	-0.0378899244	0.0725595229	0.0154868331	0.0038970053000000004	0.0215171923	0.0596930772	-0.046709527199999996	0.0062134810999999995	-0.0438915354	-0.0067543878	0.04202180900000002	-0.007834777099999999	-0.0464667662	-0.0282943368	0.1030101717	-0.0285863752	-0.09499495779999999	-0.054210633499999994	0.018032898000000002	0.0031315690000000003	0.029481427799999998	-0.0089604112	0.0680261229	0.0663699764	0.045402202999999995	0.0677831794	0.12862964359999998	0.139887873	-0.0451893462	0.050842730499999995	-0.0021252355	0.1569779524	0.05018142230000002	0.021733563199999997	-0.1109475649	0.0746485592	-0.026365677	0.0540711931	0.0769457333	-0.0004254372	-0.0491726975	0.1009831659	0.0457768431	-0.1662756467	0.0662477824	-0.013000614099999998	0.0805095938	0.0044612983	-0.0060301686	-0.0544416344	-0.0611538009	0.10296439880000001	0.10437735890000001	-0.0519002449	0.0486267225	0.0454022767	-0.011919571	-0.0372289371	-0.05725572440000001	0.0062919544999999995	0.014539553500000003	0.059610648899999986	0.0860362195	0.022889157099999998	-0.0756174456	-0.0220924536	0.18338326929999998	0.0721712442	-0.0489654675	0.0874738438	0.10010412310000001	0.0107474952	-0.08816187699999999	-0.0477455401	0.0065769897	-0.004266710900000001	0.015083815700000001	0.1638840216	0.0285031109	-0.0358257206	-0.0064750891	0.0488191648	-0.051845517800000004	0.0953041107	-0.0219218978	-0.0053452448	0.055633113899999996	0.0254346638	0.055614659299999994	0.024090098100000002	0.0030986977000000003	-0.0486368791	-0.043722497400000004	-0.0243961658	0.0692545482	0.049162693	-0.1037607405	-0.0310268694	0.0437150404	0.024212896299999998	0.0911509658	-0.0066736966	-0.0095800434	0.018686735700000002	0.1007119245	0.0176162784	-0.0940774835	0.0894511892	-0.11398144460000001	0.1331366414	-0.0682777372	-0.0059637201	-0.031942166099999995	-0.067485883	-0.08984168619999999	0.0179352058	0.0059560859	-0.0170931415	-0.12136611779999999	-0.0198694097	-0.139690713	-0.0017127288	-0.009644926600000001	0.08009014219999999	-0.0587853109	0.09818338830000001	0.1492993435	0.053090664800000006	0.06275009299999999	0.008150644200000001	0.0030534805	0.0730273088	-0.144401143	-0.012881519499999999	-0.0231706634	-0.0038162696999999995	0.11895224789999999	-0.0015098295999999998	-0.028210393900000002	-0.010293286700000001	-0.0030827004	0.0287102173	-0.10063813419999999	0.056871090599999986	-0.0528501406	-0.0486969512	-0.07950111	-0.0482927851	-0.07487335469999999	-0.0546987085	0.0856962841	0.068554109	0.0424774267	0.010864754099999999	-0.0221638981	0.0114241	-0.021547099999999996	0.00013051006081	0.00046427751841	0.0376036	-0.04795329999999999	0.00141403073296	0.002299518980889999	-0.0389679	0.009928800000000002	0.0015184972304100003	9.858106944000004e-05	0.00149886	-6.139999999999987e-05	3.769959999999984e-09	2.2465812996000003e-06	0.000437441	-0.00018118400000000006	3.282764185600001e-08	1.91354628481e-07	1.73655e-05	-0.00017432650000000002	3.015605902499999e-10	3.0389728602250016e-08	0.0	0.0
5462.190181507324	3.0052636840409828	29835521.578955013	9.031609810615583	5488.074643225058	-32.08598212833931	30118963.28960985	1029.5102491401096	4494.302666564166	7.990542447946608	63.848768612436594	20198756.458685774	4474.249019168219	5263.693467038416	1.10962	25.132912	0.10037991	0.0631725	-0.057897484699999995	-0.0168143611	-0.0809754313	0.08729006119999999	-0.1489269061	-0.0147248101	0.1164311812	-0.0681329453	0.05839894280000001	-0.023798716400000003	0.0017179996	0.0075383424	-0.0157217516	0.012495253700000002	0.0124861874	-0.082181709	0.019797396499999998	0.0991550727	-0.027074756800000002	0.0134724605	0.047605298600000005	-0.0923571873	-0.0450876483	0.1090179267	-0.014089448400000001	0.0754945696	-0.0129061022	0.0887888621	0.0922323225	0.11442372220000001	-0.0067483264	-0.0506819307	0.1331032901	-0.0207228189	0.012972551899999999	0.0367216166	-0.0511706987	0.15543893609999998	-0.0074836743999999985	-0.09283900169999999	-0.0017204145000000001	-0.0122270344	-0.066947557	0.0008483392	0.0831171345	-0.0299991879	0.052801910099999995	-0.0828701359	0.0415675413	-0.0589300693	-0.0275597532	0.0821714957	0.0987066016	0.010228175	0.0289872564	0.0419889689	0.0493930984	0.0096981903	0.038066519900000005	0.1449710965	-0.103780915	0.0153511545	0.0217400562	0.06416935160000001	0.0026488102	-0.0646637013	-0.0203614549	0.1642896065	0.0805136059	-0.031045962799999997	0.075710285	-0.0161613811	0.04358922639999999	-0.015940917	0.0087510442	-0.1076823242	-0.0668558487	0.0169592455	0.031828955	-0.031044745099999996	0.053594101799999995	-0.1024209203	0.0398617853	-0.0930366876	-0.081655815	0.0222726363	0.006583690200000001	0.0898762198	-0.1028456849	0.031171852400000002	0.0092868597	-0.0328518576	0.11564104230000001	-0.0640866806	-0.0226086591	-0.0530010239	-0.0555042242	-0.08900692869999999	0.10493608410000001	0.047061312699999996	0.0087992638	0.0112480258	0.0490253067	-0.086823136	0.0616622973	-0.111693705	0.0097684165	-0.044670735999999996	0.0783607692	0.09424349970000001	0.05562711309999999	0.1014585167	0.0276668229	0.023355777400000003	0.1329067206	-0.054965345	0.056643751799999996	-0.032427671899999996	-0.0381678881	0.1098930792	-0.1119114978	0.0838298993	0.022039034199999998	-0.045206301399999996	-0.050529722199999995	-0.013549386200000001	0.1011750627	0.0184106622	-0.060591608899999996	0.0615714156	-0.0529906187	0.1208609508	0.025022552400000002	0.033420840800000004	0.0844880693	0.0807525834	0.0005957232	0.0782682785	0.0086239445	-0.0701575051	0.0324566394	-0.07475667309999999	-0.1175341575	0.06456405679999999	0.0079022176	0.0019530398	0.0773225979	0.1287460515	0.06741878280000001	0.14743070960000002	0.056099451200000004	-0.0230624428	-0.0748011447	-0.0289089801	-0.0482056087	-0.0467588544	-0.036866374300000004	0.0387664544	-0.0099547521	0.044094345199999996	0.0788033904	-0.1227683669	0.0414417571	0.09086358539999999	-0.0205398349	-0.0985416348	-0.0685876398	0.0533498216	0.006988935799999999	-0.0018768396	0.11006564449999999	0.0164703675	0.07018688769999999	0.0096313091	-0.1214316931	0.0342273228	-0.0482477346	-0.0051142174	-0.0161283557	-0.0756818644	-0.1000377061	-0.015069456799999999	0.0007052553999999999	0.0852591707	0.0669237601	0.039228091	0.0060458045	-0.0279820755	-0.00116818	-0.01259228	1.3646445124e-06	0.00015856551559839996	0.0960558	0.0584522	0.00922671671364	0.00341665968484	-0.0580011	-0.0190332	0.00336412760121	0.00036226270224	0.00149886	0.0	0.0	2.2465812996000003e-06	0.00055195	0.00011450900000000005	1.3112311081000012e-08	3.046488025000001e-07	-7.417009999999997e-05	-9.153559999999996e-05	5.501203734009995e-09	8.378766067359994e-09	0.0	0.0
5462.137699374052	-0.05248213327195117	29834948.246923264	0.002754374312774844	5474.562450869306	-13.512192355751722	29970834.02846815	182.57934225883528	4498.825609568413	4.522943004246372	20.457013419661195	20239431.8653086	4478.755432457577	5347.866749445357	1.141922	25.864553	0.10298092	0.0626614	-0.0774047425	-0.0489842664	0.073279194	0.0605277961	-0.1515826307	-0.023059601699999998	0.026643097999999997	0.031357438599999995	0.0770479038	-0.0846980075	0.0098522218	0.0629987612	-0.0380726239	0.1648859743	-0.0464851707	-0.0386639771	-0.0110179793	-0.0305695279	0.0397633633	0.09569437800000001	0.031563952299999996	-0.08877225400000001	0.0102636745	0.1608192421	0.0129110232	0.0103668612	-0.013103179199999999	-0.015507083400000003	0.1415241225	-0.0210326217	0.10545485119999999	-0.0618350323	-0.161153598	0.0002477248	-0.0107564133	-0.06980788019999999	-0.1138883216	0.0173525421	-0.0383314248	-0.1217427495	-0.0885780065	0.0348393539	-0.026862680899999998	-0.1281281342	0.0785109073	-0.041135867400000005	-0.043959734199999996	0.0836791433	-0.0941002668	-0.0228947172	0.0171417929	-0.0337949048	-0.0531100447	-0.031534098999999996	0.09360576949999999	-0.0612409789	-0.028208766200000002	-0.0411102105	-0.1293030855	0.10905774720000001	-0.0395048314	-0.0664072408	-0.1231472325	0.045226773899999996	0.0501525372	-0.0675503371	-0.089141159	-0.0012298704	0.1227502991	0.0317574222	0.0856969442	-0.0753742123	0.0270286252	0.051658746900000004	0.050200386500000006	-0.0039759821999999995	0.016052726	-0.0185371007	0.0684682424	0.0665495786	-0.0341712558	0.032557509500000005	0.007672114	0.0202067127	0.0102246223	-0.0814264514	0.0397958849	0.0060940659999999995	0.0512555258	-0.0485005087	-0.044831718300000004	-0.0080400914	0.1013979466	-0.0032989225	0.0023551868	-0.0053345738	-0.0355916098	0.0485916975	0.0172029202	-0.0642403651	0.0756713608	0.09725153630000001	0.027771072400000003	-0.0838423327	-0.0017216423000000001	-0.15371181	-0.032000845099999994	-0.0250893627	-0.0002496808	-0.0209843259	0.1120242182	-0.0072802575	0.0564292056	0.16538073539999998	-0.08079253	0.1160772608	0.0243695946	0.0578573988	-0.10404696880000001	-0.0847909712	-0.09966463060000001	0.0735937434	0.0644300063	-0.0399427518	0.055566314299999996	0.0857194381	0.1298162418	0.061461534400000004	0.050699625899999996	-0.08688732689999999	0.10095102939999999	-0.0065219105	0.0095918784	0.0091370879	-0.0961352855	0.0746646894	-0.0284697556	0.0020222804999999997	0.0125480271	-0.0596197133	0.1453635627	0.1094067079	-0.0190273909	-0.0157158451	0.0996144607	-0.0086599526	0.0045845912	0.1070027223	-0.044360866299999996	0.0039485494	0.1159303693	0.0201719284	-0.0866918912	-0.0721046946	-0.0135374532	-0.0902958766	0.0456011109	-0.0340980375	0.0306794568	-0.0397263218	-0.08189207230000001	0.0215530229	0.0515314232	-0.01258975	-0.0335585659	0.0503883403	-0.0402905662	-0.034015783	-0.024076922	0.0012710259	-0.06593404650000001	0.0441296538	0.0192316752	-0.0461368154	-0.0717352976	-0.0547928078	-0.0510836153	0.033073503500000004	0.0256578346	0.0040134201	0.0074573734	0.0501997529	-0.10621843380000001	0.084807202	0.0652467709	0.035917247799999996	0.001210004	-0.0336784079	0.00258576	0.00375394	6.6861547775999985e-06	1.40920655236e-05	0.0517515	-0.0443043	0.00267821775225	0.00196287099849	-0.0558033	0.0021978	0.00311400829089	4.830324839999999e-06	0.0023854	0.0008865399999999998	7.859531715999993e-07	5.690133159999998e-06	0.000628372	7.642199999999993e-05	5.840322083999989e-09	3.94851370384e-07	1.73655e-05	9.153559999999996e-05	3.015605902499999e-10	8.378766067359994e-09	0.0	0.0
5458.239786689662	-3.897912684390576	29792381.569002	15.193723295132944	5484.109172844701	9.546721975394576	30075453.41967939	91.13990047548172	4501.231294685049	2.4056851166360502	5.787320880404207	20261083.16825204	4480.526291762385	5347.9414877999825	1.123379	25.444557	0.146931715	0.08936199999999997	-0.06938050429999999	-0.06273856309999999	0.054428620999999996	-0.08587689789999997	-0.1313667715	0.0142969699	0.1623706337	0.05284262	-0.09571802300000001	-0.042277503099999995	0.020891533700000003	0.031150829799999998	-0.0400740235	-0.0098400221	-0.0629760692	-0.07880336269999999	0.0038928486999999998	0.0376886602	0.0219986792	0.1219605096	0.0264464294	0.017761596100000002	0.056145147699999995	0.045703533899999996	0.0679781806	-0.0311603942	-0.043429954900000005	0.0713319352	0.025205617000000003	0.0042036671	0.054152646799999996	-0.127705423	-0.088275191	-0.08811118050000001	-0.006432101700000001	0.1019696531	-0.0333457861	-0.0585856988	-0.015365354099999999	-0.0526396192	0.058168373499999995	0.0793288679	-0.0049949077000000005	0.0930604008	0.1814593413	-0.0353821881	-0.0230124292	-0.10007206800000001	-0.0650065028	-0.06857436900000001	-0.0059859139000000006	0.003588240300000001	-0.023177363700000002	-0.016628863600000002	0.0418185248	0.029248158399999998	-0.0014921885000000001	0.0372518206	-0.0034322698	-0.000429917	0.0330773325	0.0334463404	-0.0655220948	-0.0072008444	0.0279510227	0.0724411175	0.013915096100000001	-0.0073460638	-0.1336210488	-0.0655075143	-0.028635471800000006	-0.056094902	0.022556363500000003	0.0844296827	-0.0059505928000000005	-0.011864215	-0.0985626293	-0.0411897845	0.0603218983	0.1320766331	-0.0993228576	-0.0213772829	0.0909441679	-0.0459557198	-0.0405973504	-0.0244851466	-0.1136616042	0.032501925699999996	0.0834141005	-0.09919122890000001	0.1192771307	0.0893545966	-0.1422172511	-0.06954766799999999	0.1878138355	-0.08609515300000001	0.08982267699999999	0.0065097748	-0.09613173130000001	-0.014503172	0.1019905589	0.123198893	0.0243410802	0.012510575800000001	-0.057954314000000014	-0.03633085	-0.0621130701	0.0465164795	0.0405600001	0.0598227935	0.0168120726	-0.0072344393	0.0090229814	0.1691254754	-0.0151610686	-0.0360679196	-0.0526027784	-0.0788878684	-0.0089990055	-0.0262012645	0.0409484378	0.025361398900000002	-0.0334203311	-0.0123439403	0.0627900247	-0.1596774577	0.1604945145	0.0715484686	-0.022036562599999997	0.0844304895	0.1102646706	0.026224592799999998	-0.0263908212	0.0767829152	-0.0090307273	0.015303398700000003	0.0013614132	0.0588191609	0.0121640843	0.0051418665999999995	-0.022086361000000002	0.0047800149	0.0640152707	-0.029276727000000002	0.0859961048	-0.0190464529	0.0009499208	-0.0437353175	-0.0058917773	-0.0020018598	-0.1524498316	0.0319467516	0.005357022800000001	0.064904283	0.0555970066	-0.0990872241	-0.0883196028	-0.0358894102	0.10264624789999999	-0.0123461774	-0.02210504	0.05072297059999999	0.0674894136	0.0390205197	-0.1253165849	-0.0020371225	-0.0257632946	0.08582313470000001	0.0583257045	0.0605990115	-0.0218699018	-0.0296026702	0.0503602292	-0.193018087	0.1358504769	0.0123689054	0.1511249609	0.054981017400000005	-0.11871689839999999	-0.0468907462	0.117388732	0.017320586699999998	-0.1247788251	0.08434045679999999	0.06352431019999999	0.0325500881	-0.0036291689	-0.039228091	0.0070854	0.004499639999999999	5.0202893159999985e-05	2.0246760129599993e-05	0.118641	0.06688950000000002	0.014075686881000003	0.0044742052102500025	-0.0420114	0.013791899999999996	0.0017649577299600004	0.00019021650560999988	0.00126531	-0.0011200899999999998	1.2546016080999996e-06	1.6010093961e-06	0.0006592210000000001	3.084900000000011e-05	9.516608010000066e-10	4.345723268410002e-07	0.00010144	8.40745e-05	1.02900736e-08	7.06852155025e-09	0.0	0.0
5446.611751325871	-11.62803536379124	29665579.56968107	135.2112064215797	5481.147499145702	-2.9616736989992205	30042977.90739118	8.771511099343725	4494.631401032613	-6.59989365243564	43.558596223460256	20201711.43114839	4474.673523165891	5211.646273380745	1.194501	27.05546	0.11594125	0.06790350000000002	-0.0371687759	0.0156254928	-0.055769864100000004	-0.0645068647	-0.0647094584	-0.1149804155	0.060095305	-0.0648886966	-0.0303917593	0.08373836309999999	-0.012189014199999999	0.0439073896	-0.011735945400000001	0.0578615725	-0.0483002871	-0.0732158877	-0.0142113484	-0.0407561926	-0.0060027575	0.05304336900000002	0.0364649159	0.0684324394	-0.068699811	0.1050766059	0.1136717225	-0.1091373556	-0.0326335465	0.0990998551	0.1046781186	0.0877726199	0.0690398997	0.0539041669	-0.098600126	0.039919246	0.0529750308	0.0432355068	0.026010135	-0.1455550801	-0.028522170899999998	0.1098140447	-0.06946862570000001	-0.0635240928	-0.017534355	0.0170175575	-0.0855754172	0.0301800027	-0.012164556299999999	-0.0684568562	-0.0271922478	-0.1063283658	-0.0336399353	0.0042630413	-0.0533524395	-0.0083922984	0.0721798638	-0.0576357828	0.1152491355	-0.0005062475	0.08798452710000003	-0.0624178231	0.13268618810000002	-0.0044918936	-0.021545292599999998	0.0266678139	0.1012104058	-0.055315122300000005	-0.0237312015	-0.0349301786	0.0087120453	0.0754419272	0.0997115753	0.0453636345	-0.0552918348	0.0778908273	-0.047755792400000004	0.05688887	0.0635049556	-0.0915474621	0.0448442783	0.022164915099999998	0.047565164699999996	0.0106875236	-0.0366476091	-0.046012565899999996	-0.0696232616	-0.0153870449	-0.0824994716	-0.05805288610000001	-0.0614331297	-0.0052484925	0.0196833532	-0.0718293684	0.0003215921	0.131410269	-0.0921043528	-0.0720172328	-0.046996572699999996	-0.0031447896999999996	0.057979216500000014	-0.033982133399999996	-0.05894153200000001	0.0503664271	0.0382547912	0.0801331263	0.056938041200000004	-0.08891443380000001	-0.1157978474	0.1139216581	-0.009579874300000001	0.09197425320000001	0.111400254	0.08485527849999999	0.0476978214	0.0397312392	-0.12304773289999996	0.0460009296	-0.0023636856	-0.0774945923	-0.0301670873	-0.0809069777	0.10920112539999999	-0.1072517525	0.0452642248	0.0373159164	-0.064703606	0.0226075596	-0.10706880710000001	-0.0455649449	0.0174498963	0.0605500449	0.0455441498	0.0585858689	0.013688376799999999	0.0565087213	-0.0625117451	0.0548345272	-0.0020017173999999998	0.0084268581	-0.1551380921	-0.0119416233	0.0069013634	-0.049986524500000004	0.17988562079999998	-0.0463911095	0.0386900665	-0.0731017353	-0.023442188399999998	-0.007808284499999998	0.0173367427	-0.0457491266	0.055464151399999995	0.0585787837	-0.0119247878	-0.1498430634	0.0401169996	0.0439316911	-0.0353003677	-0.0274065148	-0.0401108003	-0.1071015191	-0.0292447853	-0.0024927325	-0.0366393182	0.0367768122	-0.0101094599	-0.0396629414	-0.0427563743	0.0659632938	0.10777589369999999	-0.045790736	0.0486903023	0.0480191596	-0.0789627512	0.0348962778	0.0309662442	-0.052468566200000004	-0.0985739618	0.043571670800000004	0.0478303409	-0.0057145002	-0.0780788135	-0.0423976642	0.057086081399999995	0.0838590164	0.0617575784	0.0291318917	-0.0084582266	-0.04460695940000002	-0.0101285	-0.0172139	0.00010258651225	0.00029631835321000004	0.0600839	-0.058557100000000015	0.0036100750392099997	0.003428933960410001	-0.0420584	-4.699999999999843e-05	0.0017689090105600003	2.2089999999998525e-09	0.0014895	0.00022419	5.026115609999999e-08	2.21861025e-06	0.000526891	-0.00013233000000000006	1.7511228900000015e-08	2.77614125881e-07	-0.000344505	-0.000445945	1.18683695025e-07	1.98866943025e-07	0.0	0.0
5444.245138418875	-2.366612906995215	29639805.12719756	5.600856651556342	5495.359271499898	14.211772354196	30198973.52285989	201.97447344748971	4490.031766395216	-4.599634637396775	21.156638797540165	20160385.263238147	4469.96602399098	5177.786640776895	1.150839	26.066526	0.09480405	0.059327	-0.0262843967	0.057021570999999986	-0.0695577885	0.0246545785	-0.0321010229	-0.0008379196000000001	0.18506360649999998	0.0095683712	0.0380948414	0.0599052113	0.0159553526	0.0160606174	0.0102028148	-0.0421786496	-0.020193606399999998	-0.0548031047	-0.0146269718	0.08782574970000001	-0.06834975780000001	-0.0167790252	0.054622833200000005	-0.0804714362	-0.0796039099	0.0832180101	0.0477755132	-0.0557275441	-0.0365422987	0.0410007436	-0.014148443799999999	0.0927690498	-0.0639537424	-0.0868804338	0.13009053980000002	-0.1357961693	-0.0736489141	0.11593460230000001	0.0401446333	-0.10530375880000001	-0.004985582	-0.014419998100000001	0.0197686991	0.042413771399999994	-0.0401852205	-0.0462283367	0.0782536379	-0.012524368999999999	0.0931249234	-0.0221782177	0.0066743638	0.0879956806	0.0272284156	0.0090936566	0.010438814499999999	0.0922642804	0.0082671041	0.0221717745	0.0006419685	0.0051316261	-0.041970041	-0.1103853142	-0.068965277	0.0047716968	-0.0439823787	0.0067979312	0.0099531316	0.048070199800000005	-0.0196287945	0.1629937104	0.0308934354	0.0062241518	0.1097637	-0.0048843927	-0.10265194539999999	0.08761746	-0.062051549299999995	-0.16957729649999995	0.0206839332	0.09131489	0.0576375312	-0.0163246709	-0.1158347619	0.0744581963	-0.0310234992	0.013361276399999998	-0.0584085304	-0.0741906676	0.0698218908	0.0308990692	0.0109301474	0.048680428	-0.0362483417	-0.0194313449	-0.0629883731	0.0459271742	0.0477824525	0.09281035970000001	-0.1299769741	-0.10073661880000001	-0.08135137	-0.0189750068	-0.0734791906	-0.0199654567	0.0553769603	-0.059555879900000004	0.0965808433	-0.0823081907	-0.054420318499999995	0.0673684064	0.0154327502	0.0476577549	-0.020582101999999998	0.09040331300000001	-0.0550680969	0.0407411875	0.1467168278	-0.1762448089	-0.08374413879999999	-0.0524365617	0.0001829941	-0.034978663199999996	0.0991999625	0.042971321900000005	0.0006532394	-0.0192002418	0.0368056379	0.0093104735	0.0783477197	0.0113784292	-0.11538598039999999	0.017813036799999998	0.0015279376	-0.07410580259999999	0.0081542588	-0.031991305	0.0181719279	0.0313115576	0.1172561272	0.0175868375	-0.0030986803000000005	0.0406144211	-0.08174032349999999	0.0650047078	-0.0335278319	0.0573594763	0.0375856191	-0.0448008479	-0.0005742219000000001	0.0507991183	0.0044637594000000004	0.1460252486	0.0250344123	0.0431976652	-0.0122879779	-0.0761579885	0.10010733720000001	-0.0557646568	-0.1252064314	0.12058602410000001	-0.044847976799999995	0.0345432867	-0.0503317137	0.0355879717	0.076223508	-0.1043370374	-0.0182362414	0.1163200326	-0.054934590400000004	0.000292759	-0.0486085245	-0.042464551600000004	0.0034127325	-0.0460029387	-0.07047765610000001	0.0244894833	-0.013477359	-0.0015886245999999998	0.0223154613	-0.11931239460000001	0.0763798928	-0.11599706779999999	0.1286428285	-0.0931539583	0.0610642429	0.0833629647	0.0599478067	0.0256680179	-0.0132637098	-0.0497915913	-0.0101185	9.999999999999593e-06	0.00010238404225000002	9.999999999999184e-11	0.11074	0.050656099999999996	0.012263347600000002	0.0025660404672099998	-0.0508001	-0.008741699999999998	0.00258065016001	7.641731888999996e-05	0.00196291	0.0004734100000000001	2.241170281000001e-07	3.8530156681e-06	0.000519301	-7.590000000000027e-06	5.760810000000042e-11	2.6967352860100004e-07	-0.00011758	0.000226925	1.38250564e-08	5.1494955625e-08	0.0	0.0
5439.416020580856	-4.829117838019556	29587246.64495167	23.32037909347867	5479.1399057829885	-16.219365716909124	30020974.10714362	263.067824258847	4488.9955467073905	-1.0362196878259056	1.0737512414380173	20151081.018358786	4468.974204761375	5161.355606498913	1.177618	26.673058	0.10428605000000003	0.0717218	-0.0098449277	0.0663538612	0.0409065487	0.0733085441	-0.0713868647	-0.0076981125	0.0295383794	0.0325027625	0.0773575428	0.0414061617	0.017973958999999998	0.013460782	-0.0725225784	0.09996391980000001	0.0386637673	-0.0358218089	0.023001721800000003	-0.04540814940000002	-0.047665901	-0.035927751	0.0510142772	-0.08698741089999999	-0.0058169437	0.0349959308	0.10510679070000001	0.0005840815	-0.0465354859	-0.0577085119	0.0334351823	-0.0154095273	-0.0024718269	0.0814427267	-0.0471152277	0.046985976	0.050128956100000004	0.0674550696	-0.07045146320000001	-0.0674095475	0.0529062636	0.0721120765	-0.0491873801	-0.0791650793	-0.1037937687	0.0777793277	0.07366948429999999	0.10586286810000001	0.0517175624	0.1333689279	-0.09935796039999999	-0.0220885292	0.0759821328	-0.0679595729	-0.0724294833	-0.0365178794	0.0760236283	0.0643901989	0.0727628645	0.027759604	-0.012832393999999999	-0.1291144649	0.046370570199999996	-0.060776017599999996	-0.0703706838	-0.0630211343	0.0012940018	0.0410305747	-0.09754244179999999	-0.0164531913	0.0696175149	-0.0974829581	0.002515021	-0.0420992049	0.11141266279999999	-0.2269102953	0.0906719627	0.1554658326	0.0207784172	-0.0238913889	0.11348300759999999	0.0608400547	0.0695684021	0.0409475857	-0.0169479474	0.121540539	-0.1365001283	0.026863766	0.0681297706	-0.0051286464	0.0242277343	-0.0063297368	0.011286631299999999	0.0776450825	-0.0096351217	-0.0072110108	0.004066997199999999	-0.022141288	0.072029257	-0.15646157759999998	-0.0201221173	0.0774085853	-0.046847548200000005	-0.0333469357	0.049696544800000006	-0.08772043060000001	0.0096530486	-0.029783402900000002	-0.1058694109	0.0118493688	0.0259535056	-0.069861335	0.047172058899999994	-0.005228351599999999	0.0014978783	-0.0480475807	-0.0815626173	0.043422936399999994	0.014270378500000003	-0.0615250709	-0.0679944738	0.0258607163	0.0806936236	-0.084191949	0.0307373623	-0.0280348254	-0.128674647	-0.0153717801	0.0542363951	-0.0436296159	-0.0580702592	-0.1664472917	0.1262990584	-0.0831790959	-0.034403089399999996	0.0288675636	-0.09190904470000001	0.021638902400000003	-0.0156199949	0.0619492134	-0.07884806230000001	0.051025144800000005	-0.100017113	0.0538003305	0.1065963957	0.0508278173	-0.001616327	0.0317140903	-0.0732167287	0.014785396599999999	-0.138667386	0.0321990812	-0.0057563068	-0.0090367569	-0.0859180865	0.034296860400000004	-0.15278091800000002	0.05314701610000002	0.2224605446	-0.051320333499999995	0.0667153755	0.0298196525	-0.136302712	-0.0218664374	-0.0799796497	0.0358500832	0.0280298995	0.0153947195	-0.009875754399999999	0.17488487649999998	-0.0840790718	-0.0730657864	-0.0213152746	-0.014621981899999999	0.011390865	-0.0094233525	-0.0089431387	0.0394815941	0.0308145493	-0.0141680297	-0.1439413944	-0.10733319529999999	-0.038478496800000005	-0.0415563033	0.0275235806	0.0828523881	0.0580962564	0.0221638981	-0.0180322247	-0.0547594108	-0.0163692	-0.0062507	0.00026795070863999996	3.9071250490000005e-05	0.0419849	-0.06875510000000001	0.0017627318280099996	0.0047272637760100026	-0.040312699999999986	0.010487400000000008	0.0016251137812899994	0.00010998555876000017	0.00181986	-0.00014305000000000006	2.0463302500000008e-08	3.3118904196e-06	0.000467275	-5.2025999999999986e-05	2.7067046759999993e-09	2.18345925625e-07	-0.000298361	-0.000180781	8.901928632099999e-08	3.268176996099998e-08	0.0	0.0
5442.446507555777	3.0304869749215873	29620223.98760608	9.18385130516939	5494.130567543238	14.99066176024917	30185470.69321298	224.7199400101967	4490.268804345763	1.2732576383723426	1.6211850136735153	20162513.935280725	4469.721136270488	5240.5007169726205	1.245925	28.220215000000003	0.13108575	0.07989160000000001	0.0091780052	0.0190669394	0.116965482	-0.0421885587	-0.0202354762	0.003643303	0.0411524557	0.1246609065	-0.0096555389	-0.0057393244	0.0653708912	-0.0007848107000000001	-0.009154871	-0.11597465900000001	0.027930638799999997	-0.0366855489	-0.11820268810000001	-0.015371345600000001	-0.1169352833	-0.017617834199999998	0.0101049938	-0.0268727045	0.0982175577	0.0004007668	0.0801612672	-0.0572363799	-0.0686312846	0.0774414818	0.0411566554	0.014061774099999999	-0.0465977741	0.071229844	-0.0210853935	-0.0136052376	-0.07940815379999999	0.0950143058	0.0915710595	-0.0030023669	0.0414371405	0.0622730154	0.1575522978	-0.0745600142	-0.10131175419999999	0.015156388799999997	0.0754166946	0.012170643899999998	-0.0605738424	0.0509657229	0.09067460449999999	0.0707110879	0.1042536614	0.021008883500000002	0.0213418121	-0.073423125	-0.018418016000000002	-0.0949121299	0.045083377699999996	-0.028116557599999998	0.1006873805	0.061949755499999995	-0.045166914100000004	-0.0868790553	-0.0741655187	0.155554835	0.0164105593	-0.0227133279	-0.1077585593	0.05961132860000001	-0.015792356	-0.0958303512	-0.0861913919	-0.0065849257999999996	-0.047087892	-0.113311693	0.004998287	-0.0988833731	0.13153335789999998	-0.0628441114	-0.0693615487	0.1304644434	0.0376543318	0.0329090937	-0.0344423671	0.0077223597	-0.0374485699	-0.037446173199999995	0.0531796655	-0.05454089559999999	0.0053771296	-0.041823957599999996	-0.0314684996	-0.0938424892	0.0216799423	-0.0101863233	-0.150359249	0.047949331	0.0021651907000000002	-0.00295633	0.027347600899999998	0.08050187240000001	0.0346562874	-0.0147763952	0.0081495283	-0.0485052382	-0.0873174544	0.0160267916	-0.0635587983	0.09424066460000001	0.048685867300000005	0.0715512286	0.0730644528	0.024886000099999996	-0.0186629827	-0.0288002452	-0.0473788948	-0.0755304495	-0.1180686119	-0.010883967	0.0819111984	0.060106467000000004	0.0751132538	-0.017239328	-0.1450474205	-0.0733957497	-0.11991610550000001	-0.0046949702	0.07304496519999999	0.0223363333	0.0417691223	-0.0119912448	-0.06841595360000001	-0.0222413739	-0.08677841439999999	-0.07274156009999999	-0.0024717993	-0.0127101444	-0.0635625533	-0.0706253652	-0.0781101725	-0.0924817218	0.0943465723	-0.028070403799999998	0.0722234363	0.12686128359999999	0.059647987	-0.0329432658	0.0176623219	0.1890242355	0.0008969449000000002	0.0362279223	-0.048358868099999994	-0.0665287002	-0.0295428554	0.10779240279999999	0.0162691278	0.0143963815	0.0517712621	0.1091156498	-0.0819605233	-0.047783787800000005	-0.09852200300000001	0.0802388631	-0.1434587872	0.0699144895	0.0210266086	-0.030329973700000002	-0.0335090695	-0.0021900713	-0.0010412036	-0.0520320325	-0.0354565794	0.0091578209	-0.11834410039999999	0.032376252	-0.0660277429	0.0324542881	-0.095861421	-0.029420224100000007	0.024921645299999996	0.0332651247	-0.0836442075	-0.063931288	-0.0633935753	0.0823273756	0.0562042179	0.018625026399999998	-0.0227504805	-0.059488785999999995	-0.0101147	0.0062545000000000005	0.00010230715609	3.9118770249999986e-05	0.105645	0.0636601	0.011160866025	0.004052608332009999	-0.0292874	0.011025299999999991	0.0008577517987600001	0.0001215572400899998	0.000913678	-0.000906182	8.211658171239999e-07	8.348074876840002e-07	0.000463237	-4.038000000000045e-06	1.6305444000000365e-11	2.14588518169e-07	-0.000205664	9.269699999999997e-05	4.229768089600001e-08	8.592733808999992e-09	0.0	0.0
5435.701412819614	-6.745094736163082	29546849.84932915	45.49630299981492	5468.686452371369	-25.444115171868358	29906531.514350154	647.4029968793018	4489.950857702953	-0.3179466428100568	0.10109006767418584	20159658.70458748	4469.664970241444	5200.879739703191	1.157438	26.215986	0.16686240000000002	0.0947559	-0.007442041	0.0271486003	0.053324560199999996	-0.10789726869999999	-0.113207616	0.0783221843	-0.044374379000000005	0.0076438902000000005	-0.08599981279999999	0.054450699000000005	0.0862541815	0.0353161587	-0.0319032723	0.0671895817	0.0533512708	-0.0688351311	0.0361676887	-0.0331852833	0.0615338199	-0.016211158	0.0060405939	0.0564177379	0.0512146385	0.0816855881	0.0870367292	0.0175690511	-0.0823751691	-0.0044038446	0.0163504864	0.0091095065	-0.018746221	0.0920691417	-0.0483376482	0.0355000794	0.012791356499999998	-0.006695028100000001	-0.0415898174	0.20691576350000002	0.041137385299999996	-0.0622546155	0.1618448374	-0.0651205705	-0.10319428039999999	-0.225808223	-0.0839279927	-0.013991259499999999	0.0343928704	-0.1401156732	0.1524143478	0.0049577226	-0.08574692589999999	-0.11955902880000001	-0.05933393980000001	-0.0900766483	-0.049079455300000005	0.0204259615	0.0775549541	-0.0295541138	0.022905699100000003	-0.0014342344	-0.0824572457	-0.0577337037	-0.0350111292	0.0084132326	0.0625485326	0.014801950800000001	0.0626693316	-0.1266746343	-0.0687189457	0.1203232874	0.0461555696	0.00991392	-0.0724094567	-0.11886770140000001	-0.10920352050000001	0.015862813700000002	-0.0190681825	0.0417771964	0.0617902427	0.0326802044	0.0666509666	0.05111307440000002	-0.1015121073	-0.015353616100000004	-0.06507289150000001	0.047218694900000004	-0.038538079700000005	0.0726938258	-0.0016366231	-0.0337830451	0.11994643390000001	0.0486692927	-0.0780364582	-0.0510941552	0.067990235	-0.0101699411	-0.0674108517	0.0530863565	-0.0030399914000000003	-0.0382649796	-0.07055041320000001	-0.012954553700000001	0.0056196046	0.0515975575	-0.0779692135	-0.0728759213	-0.09125181800000001	0.0190546234	0.0709578212	-0.0218249958	0.023517729900000003	0.0075400655	-0.034300232	-0.0274765667	-0.09384456599999999	0.0352989045	0.020119027299999998	0.0384426483	-0.0236135982	0.11508348339999999	-0.1093383895	0.1333620302	-0.15570595980000002	-0.1379453833	-0.0331351068	0.20723012829999998	-0.043642380300000005	0.013744939199999999	-0.027670844700000002	0.1908631993	-0.1453269086	-0.0133378766	0.0794821624	0.0605476596	-0.10186600550000001	-0.0828702905	-0.0863104881	0.0234526088	-0.0499654012	-0.0763531758	0.0156403995	-0.010111165699999999	-0.0219468757	0.1221737659	0.0246343249	-0.0765678947	-0.007590579	-0.1132323815	-0.0028770879	-0.0823155471	0.02325616	0.09840865970000001	0.053593175300000004	-0.062492695999999986	-0.0106405445	0.082872633	0.0228447132	0.0973676296	0.0955855134	0.057821863099999996	-0.0502550922	-0.0565853192	-0.0675955905	-0.042866200800000004	0.0375122312	-0.0217148211	-0.0836935508	0.0466967033	0.054515477699999995	-0.024475342999999997	0.0910717006	-0.0786709731	0.0486869535	-0.118709046	0.0546652543	0.0595712142	0.0508174489	0.05912358700000001	0.0941118808	-0.017420728	0.1009836972	0.0455503915	0.049835874	0.0817880187	0.05427300980000002	0.015056951599999997	-0.027405326600000002	-0.06395912320000001	-0.0169035	-0.006788799999999998	0.00028572831225	4.608780543999997e-05	0.0402489	-0.0653961	0.0016199739512100006	0.00427664989521	-0.051783900000000015	-0.02249650000000001	0.002681572299210001	0.0005060925122500003	0.00214164	0.0012279620000000002	1.5078906734440002e-06	4.586621889600001e-06	0.000584007	0.00012077000000000002	1.4585392900000006e-08	3.41064176049e-07	-0.000300552	-9.488799999999998e-05	9.033150470399999e-08	9.003732543999995e-09	0.0	0.0
5431.7296798068	-3.971733012814184	29503687.31449408	15.774663125078034	5495.211306187198	26.524853815828468	30197347.29964761	703.5678699510698	4488.51794024518	-1.4329174577733284	2.0532524407915784	20146793.29990283	4468.1364108025455	5130.48603440651	1.077575	24.407084	0.12811405	0.07518089999999998	0.0180931973	0.0753086916	-0.0694516619	-0.0543977201	-0.07890835610000001	0.055003078	-0.012081934499999999	-0.053717572699999994	-0.0331740448	0.0965122471	-0.006131859399999999	-0.0124142933	-0.049111713700000004	-0.0627965236	-0.030042243700000002	-0.0166510103	-0.047030245199999994	0.0455074864	-0.0114528303	-0.0366969282	-0.0046250015	0.025009253399999997	-0.05802614480000001	0.013829550800000001	0.08918843580000001	-0.0019439968	-0.0425954336	0.0319221041	0.0018481807999999999	0.0811155528	0.012996782	-0.102687881	0.009205952199999999	-0.0400653712	-0.031507668100000004	-0.0459917445	0.06587281240000001	0.1134493864	-0.0699923315	-0.13559602	-0.04053099	-0.0849666242	-0.010261298	-0.0803291692	-0.0188361993	-0.0471238585	0.1229320846	0.018844466100000002	-0.0550485013	0.010979951299999999	0.0762117293	-0.0218026121	-0.1347712384	0.0062129606	0.0568764746	-0.127063065	0.010484918499999999	-0.0256910819	-0.0972019257	-0.0634723143	-0.0273027139	-0.0681191743	-0.0536436946	-0.039098944	-0.0606583029	-0.039012700899999996	0.0385666023	-0.0561657459	-0.1089470561	0.0866326467	-0.0919626897	-0.0744917422	-0.028624246800000006	-0.0383661684	-0.0511587375	-0.0771726063	-0.0846370702	-0.073275086	-0.0668810985	0.0548187544	-0.0205379802	0.1336481624	0.059480812	0.0064278153000000005	0.0046233027	0.0018853632999999998	0.1993716419	-0.010912661399999999	-0.1040029665	-0.0094554425	-0.08410172099999999	-0.0192995799	0.017611711000000002	0.008037393	-0.0412435691	-0.013259604099999999	0.0283709131	-0.0124400422	0.0638543112	0.0880125281	0.09135914140000001	-0.0391848698	7.49435e-05	0.0373206367	0.054633452400000004	-0.0044645196	-0.0923049361	0.0400051622	0.0544257862	0.0382508123	-0.014924826399999999	0.07179187299999999	0.0031731458000000003	0.0763972558	0.0815485628	-0.0186588815	0.0054072122	0.034908088999999996	0.0726099679	-0.028638661	-0.1528139886	0.1311558617	0.052715207699999996	0.026671772000000003	-0.0391839175	0.0881826817	0.0077968167000000005	0.0301996977	-0.136439021	-0.01837235	0.0779184146	-0.0050161776	0.0011450391	-0.0749033781	-0.14515690720000002	0.0183483597	0.004025258	-0.0957741559	-0.027628008399999997	-0.0183214397	0.0470125447	0.1140150781	0.0019939957	0.0107119651	-0.0165151023	-0.0165416314	-0.0038608923	-0.0423044052	0.0280702067	-0.13223733070000002	0.0223492956	0.1163185524	0.0605451532	0.1401548249	0.048453377	-0.0505894664	-0.0371991177	0.05367242690000002	0.0919785075	-0.0154114679	0.010104255999999999	0.05310387019999999	-0.1079727798	-0.062712892	-0.0440177129	-0.033689976600000004	-0.0569408816	-0.024368060499999997	-0.2156496999	-0.0475452384	0.0085466251	0.0736191466	-0.037495452400000004	0.0927595475	-0.0848354307	0.0024183474	-0.015032030900000003	0.0017781494	-0.0532576728	-0.0344446475	-0.0215647332	-0.018408506499999998	-0.07134214030000001	0.0812344112	0.0523039779	0.011465268300000001	-0.0319837892	-0.068150957	-0.017551499999999998	-0.0006479999999999993	0.00030805515224999994	4.1990399999999905e-07	0.0928009	0.05255199999999999	0.008612007040809999	0.002761712703999999	-0.0340429	0.01774100000000001	0.00115891904041	0.00031474308100000025	0.00118329	-0.0009583500000000002	9.184347225000004e-07	1.4001752241e-06	0.000567356	-1.6651000000000014e-05	2.7725580100000045e-10	3.2189283073600003e-07	-0.000132092	0.00016846	1.7448296464e-08	2.83787716e-08	0.0	0.0
5429.353169907978	-2.3765098988224054	29477875.843589805	5.647799299200879	5482.469717179987	-12.741589007210676	30057474.19979561	162.34809042867198	4488.828629623472	0.3106893782924089	0.0965278897837236	20149582.466127336	4468.3969214969875	5099.087504240881	1.07595	24.370281	0.12505960000000002	0.0692822	-0.0034366709999999996	0.10528764439999999	0.038300039300000005	0.057244603899999996	-0.0766425181	0.0235445108	-0.0067835399	0.0200950741	0.090541952	0.0478383518	0.045255104299999994	-0.0525953445	-0.053724120199999996	0.0264372375	0.0259474333	-0.055935243499999995	0.018686581299999998	-0.0568606126	0.0101738344	-0.038268347599999995	0.0326757567	-0.0967813179	0.0004744769	0.0381977257	0.1131363208	-0.0800474526	-0.0248973084	-0.06093721110000001	0.08375911400000001	0.0174548432	0.0066486028	0.050785081399999994	-0.0624321055	0.0257703315	-0.0659669814	0.0137978574	-0.1386655748	0.0026560786	-0.008051781899999999	-0.0453522458	0.0379353123	-0.0994323871	-0.0050699008	0.06584368480000001	-0.0275880529	-0.0447269935	0.09140756039999999	-0.007458706	0.049102593	0.0052591934	-0.009477797900000001	-0.018733983	0.089966304	0.0047997054	-0.0014044781	-0.024911648999999998	0.0920895057	0.0097431629	-0.009074508	-0.0136072785	-0.017430188	-0.017621885900000002	-0.048000119400000006	-0.0300466448	-0.0823017099	0.0329297909	0.0964847366	-0.0788624399	0.0118649269	-0.0695385875	-0.0299937827	0.023821925600000002	-0.003564646	0.2178708314	-0.0691007327	0.052288297000000004	0.0083675149	0.007416089399999998	-0.0419340513	-0.0892643358	0.0266618953	-0.057311377999999996	0.07697809650000001	0.048112415199999994	0.1257834289	-0.0636446566	-0.0266396737	-0.1858760756	-0.109622372	0.0345986339	0.028556435699999997	-0.0223306263	-0.053739206799999995	-0.066658464	-0.0625322907	0.0966579237	-0.01508619	-0.1126294529	-0.12186752529999999	-0.0317799368	0.0048430083	-0.0379214882	0.0338512347	-0.0889131433	0.0126628695	-0.0317642739	-0.11680912310000001	0.0755774466	-0.0230389594	-0.0602372722	0.0810261312	0.0341973952	-0.0144032404	0.0163899892	-0.0728863402	0.0392935571	-0.0320011457	0.0338114996	-0.1338250214	0.0166473731	-0.0371524768	0.0158098134	-0.037721285099999995	0.0312949583	-0.0947581998	-0.0554997068	-0.0200260849	0.054134424900000006	-0.11130555210000001	-0.0010727699	-0.0566940862	-0.0172603018	-0.0059551473	0.010537886399999998	0.045133747	0.0408816059	-0.0080855061	0.0056046125	-0.0385094304	-0.0612614412	0.0028115211	0.06825922400000001	-0.0114770625	0.0760992045	-0.0194462522	0.0168629631	0.0545265488	-0.1227518481	-0.0564575188	-0.0480575186	-0.005555391999999999	-0.0855171384	-0.0006522785	-0.0052188845	0.0442928723	0.009183124	-0.1254394648	-0.1335962957	-0.0323886253	-0.0831739468	0.09341630990000001	-0.057951620999999995	-0.0115945227	-0.0141411725	-0.0605874173	0.0567368362	0.15310094119999998	-0.1361337976	0.0714440491	-0.0956507833	0.0354377403	0.0832116905	-0.0716715206	0.0710873397	0.0728986061	0.0728801489	-0.0044427802	-0.14160831810000002	-0.052572080599999994	0.0242816402	0.0111558618	-0.0466701609	-0.0383719131	0.0806666498	0.0502984945	0.007855608100000001	-0.0364731072	-0.07204603429999999	-0.010078299999999998	0.007473199999999998	0.00010157213088999997	5.584871823999999e-05	0.06723889999999999	-0.025562	0.004521069673209999	0.0006534158440000001	-0.0651991	-0.031156199999999995	0.00425092264081	0.0009707087984399996	0.00221557	0.00103228	1.0656019984e-06	4.9087504249000005e-06	0.000681258	0.00011390200000000005	1.2973665604000007e-08	4.6411246256400004e-07	-0.000203274	-7.118200000000001e-05	4.1320319076e-08	5.066877124000002e-09	0.0	0.0
5443.026172963432	13.6730030554545	29626533.91956495	186.95101255446806	5473.234314222512	-9.235402957475344	29956293.85838277	85.29266778694434	4490.634217421368	1.805587797895896	3.2601472959105515	20165795.67467562	4470.412189289956	5162.474401070379	1.1713559999999998	26.531242	0.105277275	0.059192	-0.0230826505	0.043602568	0.1100083301	-0.0507979141	-0.0949188953	-0.0715521803	-0.0019117529000000002	0.0634452476	-0.0082778222	-0.0654017499	0.1434934515	0.011100809	0.0172584287	-0.0691787084	-0.039996549900000004	0.0021022852	-0.056614714299999994	0.0132128801	-0.055373968899999994	-0.0047707065	0.0475484177	-0.0203815803	0.0793546101	0.07392801660000001	0.1210703851	-0.025598005400000002	-0.0582303821	0.0982507631	0.0426868684	-0.0018837978	0.0705002052	-0.06460461940000001	0.0063523712	0.0961705122	-0.0096548016	0.050162429	0.0660227672	0.0450199796	0.1181664207	0.0197201961	0.0353389702	-0.1061928364	0.061434508600000014	-0.0277553318	0.1252653302	-0.0360572957	-0.0365674788	0.016466073600000002	0.0614974026	-0.0967921989	-0.0745037561	-0.0385375028	0.004730072	0.126269653	0.0161795308	0.0954256926	-0.0460899707	0.0352822057	-0.1782378939	0.0211111828	-0.0225691102	-0.0797656174	0.0694123162	0.039018022799999996	-0.0217100915	0.1088446391	-0.0323257323	0.0101236411	0.08060343639999999	0.010656581699999999	0.034043853	-0.006440905699999999	0.013455742199999999	-0.0853852122	0.0332222468	-0.0726657206	-0.004396877	-0.030133106200000002	-0.1198416098	-0.19002581710000002	0.0368436832	0.0562736737	-0.0661444076	0.1023991182	-0.0590945217	-0.040109318	-0.0203284302	-0.09813866560000001	-0.0032462185999999997	-0.0350798238	-0.072325834	0.1256388042	-0.102488846	0.0456758603	-0.0181640209	-0.0652240731	0.0028117375	0.0999825702	-0.0327017671	0.0902136042	-0.0326034957	-0.0011528707	0.0472989397	-0.0385011102	-0.0784628952	-0.0567072553	-0.1139291157	0.06397980589999999	0.07462041629999999	0.0953784921	0.0448804953	-0.0042257389000000005	0.070469722	0.0335361031	0.026815246600000002	0.0911723655	-0.0238366202	-0.0491397432	0.0826093752	0.0925918297	0.0653842026	0.0374144567	-0.062667657	0.09673256109999999	-0.058041327300000015	0.0410297429	0.0713529902	0.0978544766	0.0451365733	-0.005313860300000001	-0.0573113108	0.05670754860000001	0.0153987465	0.1260811029	-0.0403744947	-0.0213234829	0.1009268802	0.036028393	0.0980819321	-0.0022477922	0.041642390099999996	0.1175877572	-0.0449738733	-0.0561738644	-0.1487140868	-0.05190049099999999	0.0040825167	0.0152537618	-0.10629556400000001	0.1275742843	0.062454675	-0.0196342893	-0.0034877256	0.0136557178	-0.055783920099999995	-0.0161384049	0.0824809763	0.08279134219999999	-0.0262706548	-0.0267409455	0.11305079130000001	-0.0019863301999999998	-0.0705265716	-0.1065399506	0.0983944731	0.1164540666	0.021005730099999998	0.06393052240000001	0.0340997455	-0.03235117	-0.1211906673	0.0687393935	0.009447135300000001	0.0457054137	0.0813560508	0.0932203851	0.0616163613	0.0885503816	0.0472987662	0.0511925272	0.0222592585	-0.0500966049	0.033216413	0.0800848332	0.0482579572	0.0042336307	-0.0408607681	-0.0756273945	-0.0100178	6.049999999999806e-05	0.00010035631684	3.660249999999765e-09	0.115848	0.048609100000000016	0.013420759104000002	0.0023628446028100014	-0.06325800000000001	0.0019410999999999875	0.004001574564000001	3.767869209999951e-06	0.00171318	-0.0005023900000000001	2.523957121000001e-07	2.9349857124e-06	0.0010515600000000002	0.0003703020000000002	1.3712357120400017e-07	1.1057784336000003e-06	1.73655e-05	0.0002206395	3.015605902499999e-10	4.868178896025e-08	0.0	0.0
5448.2012608573405	5.175087893908311	29682896.978807516	26.78153470967637	5475.658577905787	2.4242636832750577	29982836.861793224	5.87705440604635	4493.444740212748	2.810522791380208	7.899038360867598	20191045.63334561	4473.198350208524	5240.341415503136	1.190708	26.969564	0.15772445	0.0966876	-0.058430248899999995	0.0017021373000000002	0.0310848617	-0.0819706677	-0.0873327655	0.0178184471	0.032586085699999996	-0.042057427	-0.099376652	-0.0374451192	0.052205695499999996	-0.051427266900000004	-0.0296299998	0.062522323	0.0014312653	-0.0963844524	0.0391869236	-0.09761113589999999	0.0432732578	0.0278273738	0.052488899900000004	0.0684173377	0.042277710700000005	0.0723194054	0.0285200282	0.012242407700000001	-0.0340124993	-0.0081010826	0.13070649880000001	-0.1257850962	0.055533466600000005	-0.0070829748	-0.11863284	-0.0413330002	-0.080091219	0.0608143571	-0.005259284699999999	0.038580312799999995	0.1182662317	-0.0723133648	0.11460270199999999	-0.024962079300000002	-0.0635850637	-0.0707222042	-0.09764749869999999	0.0279374787	0.0825240203	0.059571745999999995	0.0207529716	-0.011944906100000001	0.061697783	0.06471491830000001	-0.0850992686	-0.0664459757	-0.1340098606	-0.0099977347	-0.0676353211	-0.09077544859999999	0.08834563880000001	0.0182156827	0.0065837425	-0.1427078811	0.0823482538	0.0502621815	-0.1040613383	0.1253039755	-0.0056225912	0.0789627553	-0.0439756468	0.0334728772	-0.0039827144	0.11551379980000001	0.0183981417	0.0067627251	0.0997598271	0.0332790206	-0.06355708809999999	-0.0835705279	0.0199608951	-0.04325416519999999	-0.0447212934	-0.013194996499999999	0.1740071695	-0.0278267692	-0.0351336628	-0.034273538	0.030651576	0.045515485599999995	-0.0587232041	-0.002088998	-0.0549821691	0.01231404	0.0334133769	0.0397501399	-0.004681762	0.020807175	-0.058083463700000004	0.1255156028	-0.1103427867	-0.0699123799	0.0099346465	0.027457513500000003	0.05196937	0.07115480440000001	-0.048424589299999994	-0.0683820954	-0.038085718	-0.025270578	0.0153157551	-0.028292380099999997	0.10723905310000001	-0.09850840570000001	0.0077681537	0.12737145019999999	-0.090514235	0.006213366800000001	-0.0730001818	0.0378212017	-0.0423663002	0.0541304668	0.0556250904	0.13888860179999998	-0.0815029005	-0.12695215869999998	-0.049922231500000004	0.0630003933	-0.08537608699999999	0.0016361335	-0.0676085889	-0.082611424	-0.005530476899999999	0.0790512295	-0.0413406382	-0.0561511262	-0.0218117446	-0.1629693279	-0.040322975899999995	-0.0751996634	0.0034126681	0.0771403138	0.06984408389999999	-0.0360865795	0.0301097065	0.08232120450000001	-0.13108688529999998	0.0432249254	0.0071778276	0.0732335729	-0.0175256126	0.08492159769999999	-0.04973729440000002	-0.0807136154	0.2028970471	-0.0235215923	-0.0390005752	-0.035299048900000005	0.0109377581	0.0089438981	0.0473338829	-0.0187577851	0.054931586	-0.0115440756	0.059134865	0.0584396263	-0.1891102919	0.0450837183	-0.012468913799999998	0.0071750418	-0.0791953771	0.0412564481	-0.0087653561	0.0651494343	0.0550430138	0.0585331445	-0.0201998966	-0.014765586	-0.0447655115	0.0150866644	0.1095033535	0.0934412243	0.1250303667	-0.0116744745	0.056512010599999996	0.079489063	0.0461837883	0.0006050151999999999	-0.045134542699999995	-0.0788794428	0.00198935	0.01200715	3.9575134225e-06	0.00014417165112250006	0.0963822	-0.019465800000000002	0.00928952847684	0.0003789173696400002	-0.102946	-0.039688	0.010597878916	0.0015751373439999998	0.00330468	0.0015914999999999998	2.5328722500000003e-06	1.09209099024e-05	0.0011913300000000006	0.00013977000000000043	1.953565290000012e-08	1.4192671689000015e-06	1.73655e-05	0.0	3.015605902499999e-10	0.0	0.0	0.0
5455.2437180831375	7.04245722579708	29759684.02368553	49.59620377718149	5519.287038147218	43.62846024143073	30462529.409459885	1903.442543038102	4495.5370880302535	2.0923478175054697	4.377919389419902	20209853.70985553	4475.688728933184	5159.996982512486	1.272675	28.826111	0.0929184	0.06473340000000001	-0.042065934699999995	0.0244794708	-0.0891909431	-0.0582762641	-0.10617245619999999	-0.1296521984	-0.018895870800000002	-0.1028355065	-0.012024676299999999	3.1380799999999996e-05	0.0149839473	-0.12009703599999999	0.0673521617	-0.0384834069	-0.0196961622	0.043214995	-0.014798028999999999	0.0423835049	0.027816341	0.0388830248	0.0715854709	0.0833812718	-0.0514710268	-0.001786703	-0.0136081396	-0.0476005442	-0.0415617473	0.23124007600000002	0.077803631	0.027900210699999997	0.0779772809	0.0888220876	0.0399643863	0.0255128092	-0.012688933400000001	-0.1377559432	-0.0381942156	0.0254341536	-0.044443724000000004	0.1579413342	0.0437974458	0.118696391	0.10799712759999999	0.04367389730000002	0.0948510122	0.005259280799999999	0.0707613885	0.029266322200000007	0.0402276296	0.0201156248	-0.12225679099999999	0.0871736807	-0.0366943981	-0.026257300299999998	0.1247648874	-0.1506098586	-0.015600653	0.0344605301	0.0807468645	0.0162865413	-0.1422660975	0.042737343	-0.0199716185	-0.09908717630000001	-0.0272967452	0.0038758749	-0.055843616900000004	0.047573240700000005	0.0052259309	-0.0296067912	-0.1218812967	-0.0654087703	-0.0442364018	0.0434612592	-0.061135484800000015	0.0746619712	0.0473136741	0.0401763802	-0.012535822	-0.0570078785	-0.1570768955	0.039137617	-0.12068723810000001	0.050047903	0.012603016299999999	0.0546638438	-0.046778774599999996	0.0551626569	0.0682603236	-0.12231025710000001	-0.005971928499999999	0.0482919132	-0.014939788300000001	-0.0840985642	0.0050742852000000005	0.025096081800000003	0.0915119308	-0.059457720599999986	0.0287102981	-0.0858233467	0.06692405530000001	0.0367004655	0.0761896958	0.07747242730000001	0.0406972387	-0.0003205078	0.026198053500000002	0.0942393351	0.0561343666	0.2074933873	0.0873878644	-0.0003616222	0.12408510140000001	-0.0603050956	-0.009805400300000001	0.0154132714	0.0775265805	0.1251719844	0.0085609773	0.0269055021	-0.0226175683	-0.17809550579999994	-0.060112726100000013	0.0732807451	0.1332800887	-0.0680185774	0.056876514	-0.026417196299999997	-0.05883547240000001	-0.0143443586	-0.0331804875	0.1019813209	0.1766814055	-0.0871157698	-0.014475704499999999	0.13706571210000001	-0.046862677	-0.1287359266	-0.0343372037	0.0017227069	-0.0708891588	-0.0217963891	-0.0516712629	0.0666500334	0.0669687226	0.045182075499999995	-0.054164844299999994	0.047899889699999997	0.0020556817	-0.0049818404	-0.0208246799	0.0045761516999999995	0.0094956282	0.11509780720000001	0.1013673854	0.0733905311	-0.0042247059	-0.050963164299999995	-0.0070710738	-0.0165840252	-0.0219071109	0.0867266285	0.12593349550000002	-0.1394686533	0.08965065970000001	0.050925645199999994	0.0439844416	0.0575914157	-0.0051225946000000005	0.0816116336	-0.0215095536	0.028413458	0.009424184	-0.1424291965	-0.0110391728	0.0703696429	-0.022312799900000003	-0.026584677200000004	-0.0670231206	-0.006071095899999999	0.08576057599999999	0.1333459252	-0.0090069368	0.0788794428	0.044077433099999994	-0.0030245489	-0.049282519299999994	-0.0817880187	0.00427415	0.0022848000000000005	1.82683582225e-05	5.22031104e-06	0.116076	0.0196938	0.013473637775999999	0.0003878457584399999	-0.09378570000000004	0.009160299999999968	0.008795757524490008	8.391109608999942e-05	0.00211912	-0.00118556	1.4055525136e-06	4.4906695744e-06	0.0011413	-5.003000000000061e-05	2.5030009000000604e-09	1.3025656899999999e-06	1.73655e-05	0.0	3.015605902499999e-10	0.0	0.0	0.0
5467.8495271057345	12.605809022596985	29897378.45107041	158.9064211141876	5487.794100992179	-31.492937155038813	30115884.09488456	991.8050906512244	4498.166277279822	2.6291892495682987	6.912636110045514	20233499.85805741	4477.870002805173	5281.475054964062	1.3308799999999998	30.144457	0.0585907	0.028757	-0.0287461622	-0.027682280099999998	-0.0166197873	0.08620023439999999	-0.0140947404	-0.07037128299999999	0.060302607599999995	-0.023363935899999997	0.0653630901	-0.0495665909	-0.1293780356	-0.0355713166	-0.059816420999999995	0.0874505033	0.0749067151	-0.026689827000000003	0.007166072	0.0353490117	-0.039078924300000005	0.06362370349999999	-0.012494450800000001	-0.06374187099999999	-0.033038158399999996	0.050879645599999995	0.0356002517	0.058088642300000014	-0.0401736913	0.0285597133	0.034026923199999996	-0.0207043449	-0.1086394904	0.0180537448	-0.0357986608	0.0945838965	0.09907272560000001	0.0638581441	0.0325862632	0.050233765599999994	-0.06558685610000001	0.12260655570000001	0.012868056000000001	-0.0926045037	0.0252857137	-0.0184436669	0.0423441434	0.0720285278	0.046146372699999993	-0.0434864344	0.1673017088	-0.0198229956	0.06531544360000001	-0.051879546	0.0049180084	-0.0484447975	0.0205706659	0.0205172884	-0.0020243848	-0.018615071299999997	0.0554065153	-0.0481042	0.0724701792	0.04705120769999999	0.0257374585	-0.06174614	-0.0989764198	0.0229075421	-0.0097939368	0.1003857378	-0.0869140575	-0.0007527188	-0.0079822083	-0.0399344224	-0.039506822999999996	0.1036535491	-0.059290194299999995	0.0153218896	0.0114028904	0.0419286288	-0.0442674516	0.08997530029999999	-0.008449242099999999	-0.1231434351	0.1812162959	0.0271965425	0.0373985731	-0.061528823499999996	-0.0278643609	-0.0914593453	0.038749777799999996	0.040493274100000004	0.007670358100000002	0.0346455704	-0.0311304627	-0.019189408300000002	-0.0557921232	-0.1343592768	0.0478673455	-0.0404072299	0.0548854981	0.0386856079	0.10451705929999999	0.06362621730000001	-0.0155091727	-0.05576918769999999	0.044060391799999994	-0.0523460475	-0.044035868799999996	-0.0340854121	0.0567828048	0.005757464499999999	0.0558080131	-0.022295451400000003	-0.1217654893	-0.0420875793	-0.0248382493	0.0666411062	0.0244233796	-0.10592260949999999	0.0678531251	0.070210513	-0.0327107466	-0.1237147743	-0.0635920951	0.0733849706	-0.052356209	0.06970759280000001	0.0084909776	-0.0770653275	-0.0540300251	0.0771534616	-0.0906101125	-0.0124979993	-0.0809888907	0.009693790899999999	-0.028776654	0.0237560437	-0.0651187342	-0.0113861428	-0.0363122195	0.1009242579	-0.0624240279	-0.0364689262	0.026974065499999998	0.0221865656	-0.028962657200000002	0.0839737972	0.0031672318	-0.014803398300000001	0.0090771924	0.072771022	-0.06869191549999999	0.0687961308	-0.0007620482	0.0547977801	0.09538299119999999	-0.005492689	-0.1196477489	-0.0391403993	0.0191279536	0.018965532	0.016084239	0.0022713327	0.0082020213	0.1503964473	-0.1431586614	0.0315895168	0.1199368577	-0.0739669986	0.0578150243	-0.0536425335	-0.0531462406	0.00701306	-0.00020820919999999999	0.0056665611	-0.0149268529	0.0875856091	-0.052907324000000006	0.0684991472	-0.1456190448	-0.07742741019999999	0.045551157300000006	0.0802374161	-0.0343224087	0.078256079	0.0419403596	-0.006649370799999999	-0.0532931366	-0.08434045679999999	-0.0100372	-0.01431135	0.00010074538384000004	0.0002048147388225	0.09648830000000004	-0.019587699999999958	0.009309992036890008	0.0003836779912899984	-0.0969609	-0.0031751999999999475	0.009401416128809998	1.0081895039999666e-05	0.00229936	0.00018023999999999991	3.248645759999997e-08	5.2870564096e-06	0.000891211	-0.000250089	6.2544507921e-08	7.942570465210002e-07	1.73655e-05	0.0	3.015605902499999e-10	0.0	0.0	0.0
5466.252138586084	-1.597388519650849	29879912.44259693	2.5516500827123307	5510.193681889935	22.399580897756096	30362234.411939755	501.7412243951198	4500.0670921567325	1.900814876910772	3.6130971962853127	20250603.83391195	4479.786644584684	5339.807989864717	1.230889	27.879646	0.02243635	0.012546	-0.0315076039	-0.0635530037	0.08580500449999999	0.035000549	0.0031444104	-0.0628199355	0.0096724808	0.0808479029	0.039432186800000005	-0.0548333233	-0.0734490733	0.0059370498	0.089499425	0.0544461812	-0.0795460677	0.0975122634	-0.1075889234	0.006611045	0.0385492342	0.0914589348	0.00019882310000000002	-0.0673056381	0.06972255940000001	-0.0012405184	0.0162261509	-0.06351552120000001	-0.0378257918	0.08296294530000001	0.024276573399999998	-0.0105932477	0.0002487523	0.0580455608	0.015630328	0.011841865900000002	-0.0752089679	-0.0750420319	0.11536617130000001	0.1201856	0.0003170055	0.0552553706	0.0784237357	-0.0797825432	0.0991385279	0.0782563953	0.060379397599999995	0.0466202723	-0.046525930199999996	0.1251995847	0.0065997686	-0.0077478943000000005	0.0781813401	-0.1935377621	-0.0366680043	0.004914793	-0.048836355199999994	-0.06217768360000001	-0.06596209530000001	-0.030673968399999998	0.0448570871	-0.025588828900000003	0.0654137979	0.0699767295	0.0843383226	0.005835163000000001	-0.025847439500000003	-0.0554462869	0.024270153399999998	-0.0373597382	0.099332794	-0.0093927378	-0.0106273504	-0.0326129834	-0.0250214422	-0.022997103999999997	-0.0201068228	0.0731954676	0.054111384400000004	0.12541774279999998	0.2489395161	-0.07615842589999999	-0.0125042669	-0.034885461	-0.0352998349	-0.0206978369	0.0128732755	-0.061577424400000004	0.11051368210000001	-0.0406903436	0.09147444490000001	0.14071380990000001	-0.0750765698	-0.08438495830000001	-0.0280689407	-0.0020587958	0.0367349132	0.0940501183	-0.06219447190000001	0.0304579456	0.0313974698	-0.1367974635	-0.0577673508	0.0961324023	-0.0013557120999999998	-0.0897224065	-0.059445251	0.0104394885	-0.0181287047	0.0946318442	0.013254028700000002	0.0767812445	0.043549955599999995	-0.0205938259	0.0390516498	-0.0504329055	-0.0061238396	-0.00048310540000000003	-0.0163863726	0.1156943617	0.1378676094	0.10366473970000001	-0.08960115130000001	-0.021336406699999998	-0.10136590949999999	0.1077955999	-0.0378322554	-0.0160130496	-0.0175395747	-0.022107426200000002	0.06410765639999999	-0.11923778880000001	0.0076716084	-0.1421944176	-0.0785936978	0.0782405243	-0.060864740999999986	-0.0423302851	-0.0450078097	-0.1303491384	-0.0447998298	0.1060956949	-0.0308243798	-0.0832462694	-0.012532400700000002	-0.05793907	-0.020957211200000003	0.0359717254	0.013057761999999999	-0.022277890499999998	0.027163327999999997	-0.0018679622	0.0649329734	-0.0636437975	-0.0823060315	-0.0422393529	0.0217400131	0.0927417613	0.064542669	-0.0088401043	-0.0001875422	0.083497499	-0.1604277951	-0.14800924669999999	0.1702013372	-0.0629824226	-0.0364217152	0.029626003999999997	-0.0303999995	-0.07985580169999999	-0.0114605124	-0.0805706675	-0.0262734981	-0.0665762577	-0.0979050742	0.0989196557	-0.0717993588	-0.0205283705	0.048203426699999996	-0.0507698342	0.10619427740000001	-0.018611007199999998	0.0549691796	0.0960008017	0.026342732799999997	0.0776190801	0.039774057200000004	-0.010263766700000001	-0.057155216399999986	-0.08652564300000001	-0.0100555	-1.8299999999998873e-05	0.00010111308025	3.348899999999588e-10	0.104572	0.008083699999999958	0.010935303184	6.534620568999932e-05	-0.0989353	-0.001974400000000015	0.00978819358609	3.8982553600000604e-06	0.00222791	-7.14499999999998e-05	5.105102499999973e-09	4.9635829681e-06	0.0007154619999999999	-0.0001757490000000001	3.0887711001000044e-08	5.11885873444e-07	1.73655e-05	0.0	3.015605902499999e-10	0.0	0.0	0.0
5463.186082103292	-3.0660564827912817	29846402.16768712	9.400702355666446	5471.787805325558	-38.40587656437674	29940461.78650949	1475.0113546781424	4498.644766382311	-1.4223257744215516	2.0230106085838666	20237804.73409896	4478.182558130621	5341.8425924435605	1.199535	27.169479	0.06697424	0.0383136	-0.0450193083	-0.0710547812	0.046986781500000005	-0.044446201100000006	-0.04940290730000002	0.0413768105	0.0201229726	0.053799032000000004	-0.0910188858	-0.0173492416	-0.055603367199999996	0.056389850199999994	-0.0612042972	-0.0504909955	0.0383188345	-0.0107748942	-0.0542606949	0.0970649855	0.0281874681	0.0831536881	0.0086798781	0.0481917436	0.019027165	-0.0231762015	0.114968393	0.1091722837	-0.016905626200000003	-0.0375863515	-0.004358397	0.0048670162	0.0095752915	0.0241398223	0.0041597827000000006	0.058019855499999995	-0.11886146859999999	-0.041297675299999996	-0.0023778569	0.0677724572	-0.0056470109999999995	0.0546142266	-0.1324774652	-0.1414143154	-0.0909760218	-0.1361962712	0.0499750611	-0.0144243779	-0.026857777000000003	0.030088035	0.1540608133	0.0249128264	0.0241872744	-0.0380450247	0.0402925027	-0.0757122873	-0.0732465124	0.028543216200000002	0.0797856795	0.0509521476	-0.051444560300000004	0.013262909	-0.0306341862	0.0146143918	0.09413322019999999	-0.0117829597	0.023510013399999998	-0.058181780599999997	-0.1014754668	-0.023696366099999998	-0.057665612699999994	0.015185031100000001	0.0047455865	0.0123880376	0.0345304436	0.1064789516	-0.139671938	0.1177028403	-0.1469872494	-0.0123496326	-0.0731909121	0.0336062532	0.0221576672	0.0111539935	-0.0719114571	0.0061204077	0.030678255699999997	0.007311215	-0.0312924189	0.0139394217	0.0602730948	-0.0018352587	0.010995328200000001	-0.0435804468	0.0826922949	0.04392025980000002	0.1224525721	-0.059562899	0.0007134854	0.0704761775	0.011792877299999999	0.017539930500000002	-0.07799209929999999	0.0852341882	0.0067655428000000005	0.0438497602	-0.0358685982	0.0360785209	-0.1058033059	-0.0851047261	0.0645855263	-0.044903549	-0.004062141599999999	0.013140001	0.0277865077	-0.0208884004	0.0010388966	0.0386477032	-0.096161341	0.0796321088	0.0120789396	0.054452790099999995	-0.0528245484	-0.0549550058	0.0670348023	0.0223816219	-0.12758485960000002	0.19847618120000002	0.0792514004	0.0133522448	0.0300963767	0.036703301	-0.12501870269999998	-0.0385288094	-0.0416536102	-0.0076267701	-0.0302837259	-0.0228592095	-0.06488270809999999	0.0404830558	-0.0418365858	-0.0969117627	-0.049501424800000006	0.001411535	-0.07565608730000001	-0.0132265347	-0.0763647133	-0.0095460511	-0.0707907317	0.0579510504	0.005539264300000001	-0.0435602985	-0.0531785944	0.0753542602	-0.05564358480000002	-0.0400655809	0.059381532	0.0707821866	-0.1224281115	-0.1405863628	0.1505133451	-0.0021954381	0.0954131217	0.025981804	-0.0163215839	0.016167723999999998	0.0808945749	-2.19539e-05	0.018133811200000002	-0.0158455129	0.0548641401	0.0122499609	-0.0249202354	-0.0476466841	0.0336280161	-0.06063218	-0.0135297786	-0.1317708656	0.068867236	0.0915940764	0.0902152531	0.0235797536	-0.030706738900000002	0.0338797162	0.0812429966	0.0769685571	0.0375800356	-0.013862069599999999	-0.060857994400000004	-0.08833406210000001	-0.00999986	5.5640000000000904e-05	9.99972000196e-05	3.0958096000001003e-09	0.122527	0.017955000000000002	0.015012865729	0.000322382025	-0.102734	-0.003798699999999988	0.010554274755999998	1.4430121689999912e-05	0.00260055	0.00037264	1.3886056960000004e-07	6.7628603025e-06	0.00124612	0.0005306580000000001	2.815979129640002e-07	1.5528150544000005e-06	1.73655e-05	0.0	3.015605902499999e-10	0.0	0.0	0.0
5450.8583329266885	-12.327749176603902	29711856.56563632	151.97339976125818	5500.957095209958	29.169289884400314	30260528.963340785	850.8474723601785	4492.304859327682	-6.339907054629292	40.19442146133828	20180802.949139103	4472.223879189257	5282.604200622202	1.205495	27.304472	0.15450646	0.0792077	-0.0882572182	-0.0273061815	-0.054170269699999996	-0.0835490954	-0.1031014216	0.0311893716	-0.0869966446	0.014360888799999999	-0.046001017400000004	0.08647136789999997	0.021576482	-0.023652024100000002	0.0672901071	0.0281970677	-0.1116334568	-0.0696411775	-0.0146011456	-0.0585919837	-0.009430098100000001	0.0462333107	0.0735949596	0.1025656263	-0.0257713798	0.0669713874	-0.040364511	-0.1322407414	-0.0264841348	-0.0409866012	-0.0300825085	-0.07168537929999999	0.0014100381	0.0237091573	0.013694606000000002	0.0980439664	-0.029513176800000002	-0.07668906240000001	-0.1204032749	0.045714623200000006	-0.1146533402	0.0044837563	-0.012911231899999999	-0.10014299439999999	0.0226599752	0.0013403197	0.1488838434	0.015049623400000003	0.024791115	-0.008069386500000001	-0.07997418690000001	0.0049435706	-0.029468501299999998	0.0355509299	0.0133967046	0.0782680387	-0.0893779222	0.0762125939	0.20173568949999998	0.058653111200000004	0.0340188928	0.0246378296	-0.0814515477	-0.0667298831	-0.0346752408	0.0464942907	-0.0519067292	0.0317861259	-0.0009918861	0.0362316663	-0.0368219188	0.0671384805	-0.0009331404	0.011871151399999998	-0.021170409700000004	0.0408719792	0.18110003019999998	0.0034321624	0.056410810199999994	-0.0740252421	-0.1389486803	-0.1396593864	0.0953261771	-0.037008135899999996	-0.0687216641	0.029550418	0.11922352439999999	0.09004074769999999	-0.014466405900000001	0.0898299127	0.0403113361	0.07195160980000001	-0.0680420066	0.028299469700000007	-0.0326718006	0.1250352102	0.0888150384	0.016708208500000002	-0.0641621175	0.0804046776	-0.0888972583	0.0034021235999999997	-0.0317554398	0.0448153705	0.0775304229	0.092744355	0.0213877781	-0.060625182699999995	0.0358248713	0.128771595	-0.0501718864	-0.028762580899999998	0.0127276044	-0.06267621450000001	0.0086572563	-0.0768064801	0.0213730256	0.0837401116	-0.019326063600000002	0.034265049	-0.0723199865	-0.046441939800000005	-0.1478490504	-0.0783334834	-0.037667196800000004	0.0688808723	-0.0792981156	0.009681423100000001	0.1164020396	0.0383696632	-0.0281826965	-0.0315486856	0.0658907668	0.0288834133	0.026180785800000002	0.045687954	0.0443180129	-0.0509810766	0.1358781218	0.1124459933	-0.05479434	-0.1256479558	0.0162567795	-0.027458719500000003	0.0043571759	0.13269677789999998	-0.075257598	0.013206368100000001	0.1002007707	0.0135971206	-0.018542868799999997	0.0243717606	0.0042111004999999995	0.0095943311	0.1212881408	-0.0004998404	0.0451235773	-0.0503975141	0.1358499811	-0.0528827123	-0.1370856282	-0.12191881519999999	0.1181790302	-0.0217433689	-0.0451323645	0.0089819993	0.1518066935	-0.022901587200000004	0.0845572735	-0.064197314	-0.0413028498	0.1301742544	-0.0114969248	-0.0794023289	0.0553884782	0.0728027203	0.0519619297	-0.0958863766	0.0604197817	0.0495830677	0.09997983699999999	-0.0061426933999999996	0.1077980343	-0.116701291	0.0255919179	0.0763046233	0.0353598238	-0.0174386375	-0.0643911502	-0.0897578394	0.0122283	0.02222816	0.00014953132089	0.0004940910969855999	0.0963077	-0.026219299999999997	0.009275173079290001	0.0006874516924900001	-0.14035999999999998	-0.037625999999999986	0.0197009296	0.0014157158759999994	0.00368474	0.00108419	1.1754679561e-06	1.35773088676e-05	0.00153059	0.00028447	8.092318089999999e-08	2.3427057481000004e-06	1.73655e-05	0.0	3.015605902499999e-10	0.0	0.0	0.0
5443.683610477098	-7.174722449590262	29633691.250976976	51.4766422286545	5474.900995504763	-26.056099705195265	29974540.91057905	678.9203318470767	4487.078844305453	-5.226015022229148	27.31123301256473	20133876.55501356	4467.109990998736	5176.789252171157	1.211089	27.431181	0.102256925	0.0528202	-0.0917035689	0.0582819465	-0.0361882293	0.0647433134	-0.11838337210000001	0.0710328658	-0.042706613399999996	-0.0060066689000000005	0.0549847614	0.0666994831	0.0392456059	-0.0084590967	-0.0230276634	0.026367235699999998	0.0227913067	-0.09984654009999999	0.0009336310000000001	0.1198884841	-0.0100869174	-0.022691330099999997	0.10749332140000001	-0.0750094985	-0.0656690014	0.0155045528	0.054530675	-0.0062839873	0.09439322730000001	-0.0637202031	-0.0643828249	-0.11648270289999994	-0.0914098109	0.0074354215	0.0060611974	0.0314895308	0.0051949199	-0.0131990274	0.0156429077	0.0372588193	-0.1325348298	-0.029281042200000006	0.0052518165	0.0725861162	-0.0072301321999999986	-0.1336136547	0.0333509434	0.0408148908	0.10240114800000001	0.1416233181	0.0634601547	0.0097703538	-0.13769511310000002	0.0151893483	0.13187464470000002	-0.0157768262	0.0325682114	0.004630669699999999	-0.0897020018	-0.0403903362	-0.0673628829	-0.0381817417	-0.0979720592	-0.0183421824	0.0356659934	-0.0997834549	0.0334055056	-0.0653015096	0.1280557963	0.021757283500000002	0.0305180908	0.0982586984	-0.0741111111	0.0748674267	0.0052330612	0.019120181	-0.0267260874	-0.0131875902	0.09689932109999999	-0.0460337775	-0.0331434729	0.0186602649	0.0493509279	0.08436439849999999	0.0640290554	-0.0247657113	-0.012867036	0.0584063613	0.0350118633	-0.0524616722	0.0597978895	-0.0009690791999999999	0.021320088799999998	-0.0919893549	0.09007623220000001	-0.0400487846	0.0419566995	0.0489960138	-0.0324830223	-0.0506495484	-0.10868941230000001	0.1578972997	-0.0192053231	-0.023581437	0.10854648800000001	-0.0647127261	0.0683169812	-0.0161088195	-0.0723263803	-0.0420839772	-0.0919702206	-0.043879102999999996	-0.055799635	-0.0984792973	-0.0829329245	-0.052838676900000006	0.0176702457	0.0061839675	-0.0383680171	-0.01833447	0.0309504263	-0.052921067599999996	-0.0925128559	-0.0030211014	-0.021945843	-0.0137889462	0.07608424280000001	0.10307962529999999	0.0811143743	-0.0709947484	-0.07120500269999999	-0.1061970331	-0.1613052466	-0.0067386334	0.1277694904	0.0356983304	0.08674143710000001	0.06842361059999999	-0.0622619249	0.0140837816	0.0926966396	0.0387611421	-0.0060466947	0.0709357909	-0.1011633379	0.0014044635999999999	0.0045854085	-0.0007783282000000001	-0.0932987669	-0.0533874296	0.1018932828	-0.0444879408	0.1028535015	0.0143031087	0.1319547016	0.027472097799999998	-0.0442947974	0.0288479016	-0.0450993938	-0.0215863634	-0.07839408610000001	-0.0429862858	-0.0666916427	0.043799165999999994	-0.0875239095	-0.029805302599999996	-0.0403104046	-0.0838263314	-0.005430160600000001	-0.0140666774	-0.0172769234	-0.0096927128	-0.0722394866	-0.0346300217	-0.0418709668	-0.0304733994	-0.0827796194	-0.07497253940000001	0.0077031755	-0.07355178150000001	0.006720355799999999	0.0282858584	-0.09937400619999999	-0.1538666983	0.0096054859	0.0756273945	0.0331149692	-0.0209878625	-0.0677448364	-0.09079077529999999	0.014831	0.002602700000000001	0.000219958561	6.774047290000006e-06	0.13890400000000006	0.04259630000000006	0.019294321216000016	0.001814444773690005	-0.14751199999999998	-0.0071519999999999926	0.021759790143999997	5.115110399999988e-05	0.00326172	-0.00042302000000000013	1.7894592040000008e-07	1.06388173584e-05	0.00191149	0.0003809	1.4508481e-07	3.6537940201e-06	0.000211564	0.00019419850000000006	4.475932609600001e-08	3.7713057402250014e-08	0.0	0.0
5446.1310277599405	2.4474172828422525	29660343.171529546	5.989851356354954	5482.383305437371	7.482309932607678	30056526.70773839	55.9849619275995	4485.8937526238615	-1.1850916815910748	1.404442293776362	20123242.75982979	4465.998555379632	5200.21674382965	1.155779	26.178406	0.102258565	0.0546655	-0.0628412272	0.0369146416	0.11338238	0.0184330477	-0.039888893599999996	-0.0180670022	-0.028663984700000002	0.078178393	0.0519555328	-0.0494939371	0.0759834203	0.0142054585	0.0757913096	0.0759371226	0.0209383768	0.0261875473	-0.0766799908	-0.0071357388	0.018470798	-0.0499999995	0.07043159980000001	-0.0499734332	0.0654219991	-0.0283069473	-0.0199875057	-0.0223848448	-0.0406694302	-0.012775253700000001	-0.0411129093	-0.0565570558	0.032512688399999996	-0.1323649586	0.0364157659	0.0159717493	-0.0553179917	-0.0140069201	0.0192010566	0.030376645	-0.053960441799999995	-0.0041014478000000005	-0.030597340499999997	0.09783803220000001	0.0761456529	-0.0510989279	-0.015052141399999996	0.0428041986	0.029025074100000006	0.0062777704	-0.0715501961	-0.1415482898	0.0309607758	0.0020405838	0.2075095641	-0.09907740640000001	-0.0192782017	0.1594307984	-0.042833765499999996	-0.0675225884	0.0924914688	-0.0729893937	0.0941723962	0.0278432479	-0.0469124807	-0.055223697	0.08403457869999999	-0.1185179618	-0.0717410345	0.009016530200000001	0.0088970744	0.1156239285	0.015725113500000002	-0.0413886661	-0.08703057289999999	0.0840074014	0.0010248333999999999	0.0175559388	-0.0777047504	0.0154200594	0.0180534326	0.0091401496	-0.10361941699999999	0.048705260800000004	-0.1535383568	0.0186683581	-0.0662352992	0.0785336553	0.0050970705	0.057571205800000004	-0.0344606602	0.06591039559999999	-0.09381498740000001	-0.0667356871	0.060533087	-0.0769301677	-0.06043860490000001	-0.1322883459	0.0660543225	0.10469544630000001	0.0180009075	-0.0698059001	0.0518149676	-0.0473729057	0.0656947248	-0.0663115126	-0.0652446978	0.0282221673	0.027899956899999998	0.0377838042	0.0165313822	-0.0334520642	-0.028395465499999998	-0.044894270599999994	0.0168147375	0.0544273068	0.1107659022	0.041160823199999995	-0.0726571815	0.0184743416	0.025068981400000002	-0.0278047116	-0.0462228851	-0.0089548651	0.018885931	-0.0052941627000000005	0.14382432480000001	0.0374912077	-0.0269192596	-0.0392406379	-0.0143770856	-0.021166192799999997	0.0441269506	0.024115185299999998	-0.10045484869999999	0.1533509534	0.1738730223	0.011084903899999998	-0.11737451609999999	0.157349132	0.0187538996	0.108268354	0.0100668766	-0.0849700647	0.07259159009999999	-0.0046524673	0.0464865471	0.0128664456	-0.0977923691	0.060689225199999995	0.0169778618	-0.0608317445	0.10543111599999999	0.12429470390000001	-0.0024169083	-0.0650347879	0.1363746044	-0.0207252077	-0.0289514919	-0.0397988598	0.016313751100000003	0.0130818477	0.051232514800000004	0.0490185719	0.0686611649	-0.0660413434	0.1061099432	0.008534125200000001	-0.0765349924	0.0974957437	-0.0034615778000000002	0.040459056800000004	0.0642806491	-0.0048698944	-0.0734068083	0.0592417714	-0.1191449809	0.027060037000000002	-0.0248124006	0.11305137970000001	-0.037916367799999996	0.15141256349999999	-0.0886414415	0.0788924101	-0.0360930927	0.0749369886	0.0308470363	-0.024504179700000003	-0.0709097055	-0.091428372	-0.00465164	-0.01948264	2.1637754689600008e-05	0.00037957326136960014	0.107374	-0.031530000000000065	0.011529175876	0.0009941409000000037	-0.14349300000000004	0.004018999999999939	0.02059024104900001	1.615236099999951e-05	0.00326172	0.0	0.0	1.06388173584e-05	0.00116115	-0.0007503400000000003	5.630101156000002e-07	1.3482693224999997e-06	1.73655e-05	-0.00019419850000000006	3.015605902499999e-10	3.7713057402250014e-08	0.0	0.0
5453.306943463864	7.175915703923238	29738556.619631186	51.49376618981214	5468.043691053001	-14.33961438437018	29899501.80726452	205.62454069243614	4490.539872982631	4.646120358769622	21.586434388173558	20164948.350846864	4470.458099747144	5245.482572179043	1.0153530000000002	22.997753	0.11753278500000006	0.0599592	-0.07595559639999999	0.00022700740000000002	0.07012960730000001	-0.0862071586	-0.0128083227	-0.0231349735	0.071606424	-0.0028355648	-0.0846576722	-0.0736592205	0.1142346353	-0.0022981732	-0.0313673909	0.0188464095	0.0737602754	-0.0895096025	0.0014358910000000001	0.003268107	-0.0103657221	-0.0055641219	0.0583925304	0.061233732699999995	0.1115785552	0.0371776992	-0.035952286800000004	0.0346136006	0.0647858896	0.053095404400000004	-0.061991291	-0.1022037016	0.14946123050000001	-0.117347257	0.0025072462	-0.0125824363	-0.1152849474	0.1680963043	-0.084077043	-0.029827937000000002	0.0018833118	-0.1265465141	-0.0807928375	0.0370807965	0.06663787639999999	-0.008518290500000001	0.062280532300000004	0.0446925507	-0.0991274924	0.0811544736	-0.0874255091	0.058732646	-0.0207417537	0.0665659533	0.0052973092	-0.09053227890000001	0.0404967707	0.1193360148	-0.0145979172	0.0235887303	0.1098834697	-0.14976490650000002	-0.0359405092	-0.0600588246	0.0101613429	-0.0638284454	-0.058549994	0.0792499768	0.0008434247	0.0649760351	0.0323217491	0.1032190184	0.0367236376	-0.07702014110000001	0.0676834189	0.0798969444	0.0293486093	0.06959965809999999	0.0386585162	0.013515329199999999	0.0157306125	0.0674910414	0.0454757341	0.0584886381	0.14375118679999999	0.00035296769999999995	0.0569939477	0.0985349246	-0.0296059844	-0.0360257321	0.073203245	-0.0212400373	0.0390701098	0.0323205017	0.0087731172	-0.0114008642	-0.060146375499999995	-0.08788589390000001	0.0611058325	-0.041273114	0.0970175893	0.0771027597	-0.005738462099999999	-0.0012779972	0.059003920999999994	0.043797426900000005	-0.11225054609999999	-0.036209165	0.0382092047	-0.0494296141	-0.028027563	0.058331058899999996	-0.0868708119	-0.1002622545	0.09988563130000001	0.12910019849999999	0.045300034	0.0075783203	-0.16286943869999998	-0.0764881386	-0.1291775852	0.010979839699999999	0.0031921043	0.11852526349999999	0.036147637	0.056137794299999995	0.047175096900000005	-0.0133012142	0.07465359120000001	-0.0287136879	0.10107006689999999	-0.0907623922	0.1080033886	-0.0121480094	0.026854019700000002	-0.0845044521	0.0554873473	0.0092115293	-0.039978168	0.0978082644	0.05649493940000001	0.10603742740000001	-0.1485573594	-0.0216138148	0.054956810300000006	0.11520132050000001	-0.0591436575	0.0129136692	-0.0196805335	-0.0237580404	-0.0551348522	0.0640093559	0.0620613038	0.0657120526	0.0645007626	-0.013596925400000001	0.0316456241	-0.09465250119999999	-0.0261657816	-0.15552701630000001	0.005319119200000001	-0.0307035305	-0.0951284748	0.0170038503	-0.0523321731	0.0007270073	-0.0760962361	-0.0922495116	0.0698832764	-0.0228282933	0.0122762424	0.020246750900000002	-0.0679936775	-0.0374333061	0.0375997148	-0.0479819562	-0.010033170899999999	0.0566238467	-0.045815238	0.0754464772	-0.0923441547	-0.0389261856	-0.0636610861	-0.0159660521	0.0171150451	0.074233526	0.0285576056	-0.0279820755	-0.0738769366	-0.0916678532	0.00963942	0.01429106	9.29184179364e-05	0.0002042343959236	0.157729	0.05035500000000001	0.024878437441000004	0.0025356260250000012	-0.131675	0.01181800000000005	0.017338305624999998	0.00013966512400000118	0.00307764	-0.0001840800000000001	3.388544640000003e-08	9.4718679696e-06	0.00158649	0.0004253400000000002	1.8091411560000012e-07	2.5169505201e-06	0.00022932	0.0002119545	5.2587662400000006e-08	4.492471007025001e-08	0.0	0.0
5461.564014276355	8.257070812491293	29828681.48203845	68.17921840249561	5492.276858105734	24.23316705273373	30165105.0860838	587.2463854056998	4497.785957390613	7.246084407981472	52.50573924759218	20230078.51850019	4477.917926038145	5221.983500124571	1.134364	25.693371	0.20335523000000005	0.112676	-0.13541898460000001	8.993799999999999e-05	-0.0296574452	-0.08542787710000001	-0.0279526898	-0.0809675188	-0.0375904414	-0.09915817789999999	-0.052290127699999994	-0.0550993462	0.013918109199999999	-0.0104606609	0.0406776239	0.019494644	-0.0042063379	-0.063820782	-0.0378715138	-0.06062189320000001	-0.0206949674	0.0877463662	0.0958716713	0.0228857856	-0.0376025846	0.10545922279999999	-0.0410435463	0.0647447181	0.0021122869	0.0362046485	0.0450182562	-0.1724755831	0.1082386678	-0.0928673543	-0.064060424	0.1028870055	0.07633771589999999	-0.0125664999	0.0722094304	-0.10528205119999999	-0.07526635129999999	0.0437955371	0.0049890524	0.04284222	-0.0357535846	0.0760041671	-0.0911478343	-0.0111382793	-0.1209283452	-0.1389333847	0.0178434945	-0.1215146511	0.09623411429999999	0.1357717481	0.118943478	0.10995645539999999	-0.0662504112	0.055797743399999995	0.0179117044	0.0184358679	-0.0207945067	-0.0567829387	0.035860944900000004	0.0676059967	-0.0320733287	-0.025917571299999997	-0.14056765289999998	-0.028151964900000007	0.0752774666	-0.024175850800000002	0.0616263804	-0.17701445710000002	-0.0256661225	0.048950999	0.025545846	0.011163401000000002	-0.0410989909	-0.012198338500000001	0.025163541499999997	0.0237351308	-0.0002160141	0.0695577342	0.1086252749	-0.0192010395	0.0102397805	-0.0391408723	-0.0726606058	-0.0128020972	0.065199763	-0.0108583158	0.035626037400000005	0.04532797190000002	-0.0921778276	0.0391303933	0.08042623730000001	0.0103871829	0.09394427289999999	0.11194662	-0.013204023799999999	0.0726777111	0.0191722307	0.0869257315	-0.0654295888	0.0867774967	0.095720605	0.0385003344	0.033878061699999996	-0.1142004432	0.0322378884	-0.0664276304	0.0377272561	0.0194117576	0.0492365155	-0.1520891204	0.054184592000000004	0.0752600529	0.0093230167	0.11068381029999999	-0.0388729956	-0.12091433369999999	0.0598430158	-0.13727871349999998	0.0037239181	-0.08502284869999999	0.0012771663	-0.0525589271	0.0063749561	-0.0820062111	-0.1276425507	-0.013401646000000001	0.08433506810000001	0.0967667034	-0.0050655509	0.1347089387	-0.18160500629999998	0.0267839553	0.1439043219	0.0343554975	0.1182556578	0.0351048866	0.0138802905	0.043152704199999996	-0.0812009195	0.0347476078	-0.0504043037	-0.0194738415	-0.0008649074000000001	0.0833385542	0.0807100964	-0.0573541653	-0.0327543529	-0.0774856962	-0.0323761094	-0.1226513575	-0.0921670764	0.0316723177	-0.0365897913	0.0752050641	-0.09664507259999999	-0.0212530364	-0.0418225418	0.0452821091	-0.0541093766	-0.0083617925	-0.045452265199999994	0.095375339	0.0140802721	-0.0185174496	-0.0713294006	0.024898130299999998	-0.049109769000000005	-0.034728134199999997	-0.08399712880000001	0.0128305599	0.08498107699999999	0.0704634909	-0.0660720471	-0.0770243088	0.0755475251	-0.0683688925	0.0534876445	0.032773190099999995	0.006065256	-0.0442066024	0.0024654698	0.0735171291	0.026248272599999997	-0.031416097000000004	-0.0766382594	-0.0915081759	0.0311515	0.02151208	0.00097041595225	0.0004627695859264	0.114358	-0.04337100000000002	0.013077752163999996	0.0018810436410000016	-0.18027	-0.048595000000000034	0.032497272900000006	0.002361474025000002	0.00475213	0.0016744900000000005	2.803916760100001e-06	2.25827395369e-05	0.00165361	6.711999999999994e-05	4.505094399999992e-09	2.7344260321e-06	0.000173387	-5.5933000000000015e-05	3.0063051769e-08	3.128500489000001e-09	0.0	0.0
5458.823916272355	-2.7400980040001737	29798758.54886705	7.508137071525737	5497.917295825852	5.640437720117916	30227094.59174105	31.81453767452899	4500.4806581631265	2.6947007725138974	7.261412253386996	20254326.154500406	4479.942299245379	5258.207040217199	1.067893	24.187788	0.13070835	0.0798003	-0.1342986035	0.016929943500000003	-0.053377471399999994	0.0517390789	-0.037446451299999996	0.0347460565	0.0096087069	-0.029840702099999998	0.026439520299999998	-0.0071023837	-0.15366437230000002	0.003923933	0.038727825699999996	0.0202750885	-0.0090036054	-0.1577463793	-0.049799233899999996	0.0879665008	-0.017996161	0.1460735716	0.08090312200000001	-0.0606876696	-0.110574815	-0.0160229834	-0.0299532695	-0.0374683594	0.1134740749	0.0537876854	-0.0708705721	-0.0181007596	0.0920992418	0.0341297868	0.0148704704	-0.015008504399999999	-0.0883369482	-0.0089737918	-0.0455228216	0.016455884599999998	-0.09836999869999999	0.0008708114999999999	0.0169972615	0.0859534408	-0.07847713889999999	-0.0840010869	-0.0683227285	0.0509911482	-0.0849745769	-0.024498802599999998	-0.0097818903	-0.0446289462	0.0199768595	0.0659279149	-0.082212164	0.06851451230000001	0.0425155202	-0.0707355767	0.044359977300000006	-0.11552055189999999	0.1120540535	-0.0963517127	0.0111970299	0.036867912999999995	0.015735027	0.0423718323	-0.0057071725	0.06214885730000001	-0.0221358879	0.0029802424	0.012991213400000002	0.0175012004	-0.049444208200000006	0.039878948500000004	-0.0143916028	-0.0383924571	0.006589713499999999	-0.08339782150000001	-0.0419429648	-0.1202574461	-0.0386908637	0.050845206500000004	0.0134135086	0.008525741600000001	-0.0094796865	0.0598632905	-0.0820172458	-0.06343440040000001	-0.058516329699999994	0.077231519	-0.0001125192	0.0200578922	0.0684740707	0.0856839293	-0.0257630946	0.09091873369999999	0.0080046106	0.0082874924	-0.0133448356	-0.0562032705	-0.040206489	-0.0770114535	-0.160818622	0.142164382	0.0792923802	-0.0393664462	0.12766404550000002	0.0017593925	0.0253563912	-0.0230876896	-0.11186961	0.061103457699999995	-0.0782588262	-0.010360166	0.0747978622	-0.0036765849	-0.0058219329	-0.0192771343	-0.09222270199999999	0.0260527343	-0.09022763810000001	-0.0351204343	-0.0670192762	-0.0179486489	0.0034555367999999998	-0.1341048174	0.059543235800000004	0.0472824762	-0.0406726331	-0.0734197714	0.0728646329	0.0161249368	0.025048473199999997	0.07856505700000001	-0.013451185	-0.0316757833	-0.047904156100000005	0.0481469158	0.0836789766	-0.0775332067	-0.1298118733	0.1158683365	-0.0032456533000000004	-0.0631242624	0.0240023637	0.0111924574	0.017910851000000002	-0.0906200604	-0.0094202348	0.021000328199999998	-0.0191461744	0.0032979116	-0.0128609932	-0.0410030318	0.0882595653	0.0455634153	0.0011591721	-0.0362756121	-0.028860693	0.0832465929	0.0220023777	-0.0431491017	0.0143566097	0.05026265480000002	-0.1097709822	0.0415016681	0.009230806999999999	0.07813049309999999	-0.057775214299999995	0.11857740289999999	0.0106365708	-0.007038768000000002	0.0154495973	-0.053317875300000005	0.092497736	-0.0347023502	0.0643835508	-0.035323909900000006	0.0244073302	-0.0638242127	-0.0254405452	-0.0527678158	0.01668298	-0.0226491315	0.157998365	0.0727879229	0.0239206467	-0.0348008596	-0.0791859776	-0.0909500356	0.0306712	-0.00048029999999999953	0.00094072250944	2.306880899999995e-07	0.185551	0.07119299999999999	0.034429173601	0.005068443249000001	-0.176603	0.003667000000000004	0.031188619609000007	1.3446889000000027e-05	0.00436498	-0.00038715000000000017	1.4988512250000012e-07	1.90530504004e-05	0.00188181	0.0002282	5.2075240000000005e-08	3.5412088761e-06	0.000665398	0.000492011	4.42754498404e-07	2.42074824121e-07	0.0	0.0
5457.798072011747	-1.02584426060821	29787559.79485514	1.0523564470228048	5488.183545695205	-9.733750130647422	30120158.63123959	94.74589160587871	4495.119206893604	-5.361451269522148	28.745159715460662	20206096.684183788	4475.243234559471	5279.904321421905	1.13238	25.648415	0.1403979	0.07838560000000001	-0.17824084059999998	0.0096084794	0.0813176464	0.0606472847	-0.035042533199999996	0.0418521302	-0.0878903351	0.09698995880000001	0.0474649738	-0.035588930899999996	0.0066758443999999995	-0.0366075752	-0.0052323346	0.1720230156	-0.0964245758	-0.0562631947	-0.0032563795	0.0454766546	0.0329453288	0.1097861673	0.1190946426	-0.0827474835	0.027452844	0.13171323699999998	0.009412579499999999	-0.0330205883	0.0985538705	-0.104850329	-0.0830322304	-0.0914295257	0.0843242099	0.0334070548	-0.145400199	0.0187338548	-0.070789415	0.0131146041	0.0014067054999999998	0.0187147447	-0.0302888995	0.0806817733	-0.064439232	0.0812056516	-0.0375796058	0.0510026653	-0.1439175551	0.0404369879	-0.036617780600000004	-0.059143341399999994	0.0180109463	0.0020307438	0.0820973319	0.0077034167	0.0193521743	0.019876707900000002	0.052757945199999996	-0.0423433056	0.0076545555	-0.0621666917	-0.0915470775	0.1657525797	-0.015369339099999999	0.0337160729	-0.0305921978	0.007811235	0.09594322570000001	0.0121417182	-0.0592693491	-0.06440571839999999	-0.0011131578	-0.0312931681	-0.052325391900000004	-0.0051467546	-0.0936787043	-0.0541846319	-0.0415088485	-0.037685445299999995	-0.0708045314	0.07416632719999999	-0.07906528139999999	-0.0733093834	-0.016704708999999998	-0.0188564881	-0.045427931799999995	-0.1556032392	-0.007005893399999999	-0.14653928619999998	-0.0234283092	0.029996569100000002	-0.1017148823	0.0112464998	0.056137897400000004	-0.023244985699999998	-0.141176339	-0.048070591399999994	0.0042658853	0.0383573318	-0.0322177507	0.0547922367	-0.0276232289	0.111445785	0.1018915867	0.1121383716	0.1143890065	-0.08947775279999999	-0.022340433700000002	-0.1351172803	-0.0216523317	-0.0283008653	-0.1091275266	-0.08855502380000001	-0.0751713851	-0.0781123208	0.064073087	0.0333036912	-0.1262597796	0.054408390099999995	-0.10306041460000001	0.022867099	0.0196191774	0.006865325899999999	-0.0146135897	-0.0911541743	0.0763488276	-0.0557284694	0.0451544033	-0.0557319562	-0.0841259364	-0.0868728394	0.0179230633	0.054798935300000004	0.025099370299999996	0.0104129465	-0.049414653600000004	-0.0394219431	-0.026129899100000003	0.0672837141	-0.0034781171000000002	-0.0388611532	0.0045725553	-0.0826123695	0.1811000432	0.024865755899999998	-0.0851737317	-0.0389876313	0.0613634325	-0.0217834914	-0.0463711472	-0.0083511785	-0.0665608972	-0.0080412303	-0.0404790606	-0.0029952685	-0.0692289108	0.0297114175	0.030721957799999998	0.0674050027	0.012608318	0.0745396683	-0.042512607300000005	0.1008684016	0.1619306275	-0.0173811563	-0.0019030247	-0.0200675604	-0.016079597299999998	0.0292104955	-0.1510756472	-0.0839713223	0.0615896399	-0.022052524100000002	0.0999982115	0.0245541285	-0.0604581925	-0.008911598199999999	0.0859849097	0.042446262199999994	0.0950414856	0.0157396029	0.038841974	0.0137464235	0.0269393317	-0.0843356108	-0.11849341140000001	0.07204603429999999	0.0215763502	-0.0381310563	-0.0815129903	-0.0899958625	0.0306573	-1.3900000000000714e-05	0.00093987004329	1.9321000000001998e-10	0.127634	-0.057917	0.016290437956	0.003354378889	-0.198557	-0.021953999999999974	0.039424882249	0.0004819781159999988	0.00523951	0.0008745300000000001	7.648027209000002e-07	2.7452465040100006e-05	0.00199881	0.00011700000000000012	1.3689000000000029e-08	3.9952414161000005e-06	0.0004466680000000001	-0.00021872999999999996	1.9951230222400004e-07	4.784281289999997e-08	0.0	0.0
5454.293185718868	-3.5048862928788367	29749314.15577928	12.284227926009956	5463.871069234865	-24.31247646033989	29853887.06122175	591.0965116345815	4489.4825679992455	-5.636638894358839	31.771698025398837	20155453.728369102	4469.424203918989	5307.432773266697	1.073799	24.321566	0.13415000000000002	0.07891260000000001	-0.1293406967	-0.0291058995	0.0450438509	-0.0626184763	-0.0048518259000000005	0.0284837565	-0.0124984251	0.0912564674	-0.08790167039999999	-0.0198254068	0.0546538861	0.021794486600000003	0.0158782805	0.0366880733	0.0129680457	-0.1079245417	-0.015996325500000002	-0.0160773012	0.0797327922	0.0290845723	0.10080796439999999	0.0448594071	0.0464901581	0.0349626119	0.05906565940000001	-0.0389820415	0.0960400332	-0.06692082	-0.060556847300000015	-0.08878172289999997	-0.0335018977	0.0633393215	0.0402932077	-0.0520127842	-0.005535400699999999	-0.000235913	-0.051849647199999994	-0.1181577194	0.15512158869999998	-0.0715111334	0.07806223080000001	0.08246481580000001	0.09119352300000001	-0.0044223439	-0.0110148474	0.0530694862	-0.1435168829	-0.0480941009	-0.022297402799999998	0.0190162262	-0.0656893412	-0.048604372800000004	0.1251414636	0.0898309304	-0.007540819200000002	0.0024274605	0.0232560392	-0.1169312152	-0.1492371779	-0.126888473	0.0787933546	0.0346029966	0.0276666707	0.17527332710000001	0.0025034863	-0.1750236866	-0.0177999974	0.012548101	-0.0059985023	0.0030344042999999998	-0.1052284824	0.0217068905	0.0531234686	-0.0197148832	-0.031155727299999998	0.052916625599999996	-0.0932909058	0.0549814971	0.0971990513	-0.0069140891000000005	0.0399351733	-0.06715697030000001	-0.016479337900000002	0.0290059517	0.06256576280000001	-0.00438452	0.022105531499999997	-0.1079595277	0.0085876214	0.0227051399	-0.0198291125	0.0622320244	0.0177189212	-0.013699113300000001	-0.10273179199999999	0.047062349100000005	-0.053774536399999996	-0.0009883186	-0.0634646292	-0.0760162169	0.0407792681	0.032334998	0.0962887424	0.0368353408	-0.0649685097	-0.024293458100000002	-0.0736784719	-0.0284811758	-0.1245352533	-0.055294854500000004	-0.0596313199	-0.08720989109999999	-0.0245594235	-0.05539387	-0.026678724100000002	-0.038666953399999995	0.031628477599999996	0.064796879	-0.07655342030000001	0.0044755451000000005	0.1600869167	0.1071182767	-0.0967279604	0.0121368695	0.09771128039999999	-0.0288535459	-0.0148526889	-0.0291987706	0.1550288352	0.0162012279	0.0023214085000000002	-0.11204635119999999	-0.0299471164	0.09377909890000001	0.1241304634	0.0186567515	0.09789128279999999	0.0779041994	-0.09151663269999999	0.0780771195	0.0013329548000000002	0.11261151	-0.0151992999	-0.1275231795	-0.012901097	-0.1164523876	0.0740356712	0.12595095109999999	0.0784387027	-0.1186775224	0.0682195032	-0.035098381899999996	-0.016111554099999998	0.0891602202	-0.030274258999999998	0.0489786753	-0.0058822232999999995	-0.0266396108	0.0811945644	0.056704088300000004	-0.0128713474	-0.102700767	0.0491704575	0.0103140013	0.013243129499999999	0.0270605092	0.0581868944	-0.057463237599999994	0.025491400299999998	-0.0714456429	-0.039987027599999996	0.0206484062	0.0133670486	0.079908779	0.058128355599999994	0.052262287000000004	-0.06398307610000001	-0.0301496391	0.035404293999999996	0.0285500079	-0.0364431639	0.0197524484	-0.0555369116	0.07129159269999999	0.0192170168	-0.0414014655	-0.0836128117	-0.0886498116	0.0306504	-6.899999999997186e-06	0.00093944702016	4.760999999996117e-11	0.169897	0.042263	0.028864990609	0.0017861611689999996	-0.171106	0.027450999999999972	0.029277263236	0.0007535574009999987	0.00409058	-0.0011489300000000005	1.3200401449000007e-06	1.67328447364e-05	0.00188008	-0.00011873000000000027	1.4096812900000063e-08	3.5347008063999994e-06	0.000425746	-2.0922000000000092e-05	1.81259656516e-07	4.37730084000004e-10	0.0	0.0
5449.0562486451645	-5.236937073703301	29692214.000898916	27.425509913928103	5505.435117433507	41.564048198642006	30309815.83227009	1727.5701026590366	4484.481135892511	-5.001432106734684	25.01432311827653	20110571.058175784	4465.081400547	5152.507357256738	1.179872	26.724131	0.140255425	0.0684457	-0.0654876388	0.0375717262	-0.0722383186	-0.0546925005	-0.023474479	-0.0889618478	-0.0249619478	-0.0811884687	-0.0147015281	0.0717969888	0.1034157493	-0.0590520324	0.09744005509999999	-0.051723190700000005	-0.0095234792	0.030820847999999998	0.0004431451	0.0062381815	0.08436226460000001	-0.0666416045	0.1011445719	0.0560609824	-0.04858258	0.0004341461	0.024015757000000002	-0.0365515804	0.0233330459	0.0613581368	-0.0807549803	-0.0933012846	0.0361929572	0.0232256361	0.06739794	0.0946717169	0.0465080655	-0.124390954	0.0363401244	-0.1120467228	-0.0532749062	0.0356671891	-0.0106976595	0.0281050256	-0.033158802599999995	0.057961007	-0.0824237775	-0.0299509361	0.0257359159	0.006655389	-0.01541638	0.1842206446	-0.07746801889999999	-0.012945199499999999	0.042563958799999996	-0.1062575458	-0.0643755785	0.0410075496	-0.023400181200000002	-0.0076302381999999985	0.056227276900000005	-0.0976829358	-0.0023219664	-0.0655676215	0.047724937800000006	0.0110737183	-0.0286245609	0.11488724759999999	0.0350209928	-0.14893737070000002	-0.0066885265	-0.0655793617	0.0862658518	-0.0135390261	0.0325296357	0.0335739661	0.08485397310000001	-0.0416329171	0.0449489508	0.05068188690000002	0.0316514346	-0.0601429215	0.0464888309	0.012469540800000001	-0.0603425442	-0.0292177413	-0.0349038868	0.1531050211	0.0255065499	0.057938114699999994	-0.076477115	-0.0456880824	-0.1436918051	-0.11018983550000001	-0.0876322928	0.0711049475	0.0534054523	-0.09888441740000001	0.0298017785	0.04957162	0.043013911200000005	0.0089718808	0.107702243	-0.0700487418	0.10403663810000001	0.0650274525	0.0361505704	-0.0011230933	-0.0223657397	0.0392375308	-0.014197737299999999	0.057819054	-0.0565051522	-0.0839308979	0.06525033940000001	-0.1178643026	0.0459718429	0.06427918690000001	0.0191098857	0.0172718076	0.0231537706	-0.16227505720000002	0.0348667938	-0.0710456045	0.0146293432	-0.0609386235	-0.0053939472	-0.0430802419	-0.0785925403	-0.0078155518	0.0053253968999999995	0.0173405571	-0.0393942025	-0.10613705849999999	0.1029662327	-0.09784276019999999	0.11070803900000001	-0.1219219113	-0.0757184283	0.0119548121	0.0405818953	0.044393803200000005	-0.0370969666	0.018044651499999998	0.054679899500000004	0.0974083476	-0.0938423698	-0.06919139120000001	0.0145305211	-0.1052483891	-0.0607650262	-0.0437514204	-0.0654555955	-0.0601343471	-0.047161836500000005	-0.0878413132	0.0046770785	-0.10545612050000001	0.009624333399999999	0.0090589968	-0.062192027999999996	0.0224191523	-0.038867604900000005	-0.05724275700000001	0.021845918199999998	-0.052157219000000005	0.09766147210000001	-0.1058676559	-0.0008825057	0.045826456200000004	-0.0751258499	0.1044460277	0.0348951732	0.109910845	-0.0877723598	0.0595497771	-0.014657884599999999	-0.0301454988	0.0555261787	0.14166263099999998	0.0293682754	-0.0218307201	0.062451634699999994	0.021173835699999997	0.0259219498	0.07052472950000001	0.0168442907	-0.04460695940000002	-0.0854795891	-0.0869177441	0.0137095	-0.016940900000000002	0.00018795039025	0.00028699409281000013	0.14289200000000002	-0.027004999999999973	0.020418123664000004	0.0007292700249999987	-0.16054300000000002	0.010562999999999987	0.02577405484900001	0.00011157696899999975	0.00309992	-0.00099066	9.814072356e-07	9.6095040064e-06	0.00156419	-0.0003158899999999999	9.978649209999992e-08	2.4466903561000003e-06	1.73655e-05	-0.0004083805	3.015605902499999e-10	1.6677463278024998e-07	0.0	0.0
5462.0241226188755	12.967873973710995	29833707.516070496	168.16575539805098	5479.737685646296	-25.697431787210924	30027525.103492226	660.3580004583581	4484.2335062586135	-0.2476296338973043	0.061320435584112966	20108350.138652414	4464.68191247694	5204.419460461214	1.131891	25.637354	0.07969826999999997	0.0429851	-0.026068832599999998	0.0230928343	-0.0285773204	0.0849867574	0.0434048514	-0.07848131950000001	0.0790522228	-0.0660431638	0.0691211587	-0.0428122629	0.007341026899999999	-0.009007625	-0.024738639	0.0243236573	0.1154867821	-0.0447021323	-0.0005091087999999999	0.052781916	-0.0914320616	-0.10836741400000001	0.0446311108	-0.0592642494	-0.0019678787	-0.022151075299999996	-0.021838378500000002	-0.038894786699999996	0.0639399311	-0.0280653144	0.0044367439	-0.0964409672	-0.040676154	-0.0794212698	-0.0343186919	-0.0410581713	0.035104299900000004	-0.035099630699999995	0.08589395720000001	-0.0368671572	-0.1277545813	-0.0834013751	0.033059814900000005	0.0513624651	-0.1168592518	0.0181082017	-0.0008441266	-0.0560464466	0.0503999828	0.048070612199999994	-0.0191439075	0.0403814011	-0.0786506914	-0.07411348129999999	-0.0690169038	0.06802068929999999	0.0378096454	-0.0818566888	0.030241324700000002	0.07811642049999999	0.0375145949	-0.0849381017	0.0659035994	0.0292399589	0.0372455124	-0.0379844915	0.0207155155	-0.0568398231	0.10150802140000001	0.0575571301	-0.0075690787	-0.0382827914	0.0014497995999999999	-0.044147381900000005	0.1123934962	0.0099121612	-0.058934692999999996	-0.1589848257	0.0143221435	0.0208016264	0.1015601181	0.0437346422	0.0252585602	0.0110921853	-0.1560535358	-0.0428261597	0.006271655300000001	0.06966508639999999	0.0035213296000000008	-0.0250583094	-0.0041241608	-0.1061071961	0.1298258485	-0.1125842539	0.0191520522	-0.0717458378	-0.0228252519	0.034826312000000005	0.024586169100000003	0.0146337609	0.088546246	-0.0397785837	-0.1145296016	-0.10789565150000001	0.04396829309999999	-0.058758145199999987	0.011684783	0.0165595566	0.0201578531	-0.011089941599999998	-0.0810452443	-0.0097930764	-0.0019512705	-0.08580229730000001	-0.0531922881	0.07137032759999999	0.029077584	-0.021607644300000003	-0.0078325901	-0.0469027883	0.08870576960000001	-0.1437691525	-0.0844021232	0.0402989843	0.0311654007	-0.0915553225	-0.0069258398999999995	-0.0626171483	0.0157075632	0.0267015131	-0.0505038737	-0.0284010354	-0.0579383611	-0.0761592507	0.0983363416	0.0299547919	-0.0610554196	0.042878182300000005	0.0614432774	-0.0886790512	-0.0456395579	-0.0065437733	-0.1068726058	-0.031035174500000002	0.07469060429999999	-0.0406878296	0.0139020399	0.0019456519	-0.0188346693	-0.056721055	0.1192631833	-0.0002750898	0.0185211074	-0.0102848471	-0.07436347019999999	0.0665148151	-0.0740219269	-0.08559237619999999	-0.12197614359999999	0.0687871867	0.0138001976	-0.0300728784	-0.1124742292	-0.0621330303	0.0273888273	-0.023501554700000003	0.124787557	-0.0700678258	-0.0677443076	0.0018578709	0.0239435918	-0.048329314299999995	0.0632889113	-0.0442867749	-0.0966898393	-0.1320336926	0.0324791011	0.0047023764000000004	-0.0379291	-0.0730781829	0.0435339289	0.08148368019999999	-0.0787250137	0.0644199921	0.1422090401	0.0697455783	0.0144598255	-0.047742511900000006	-0.0871081196	-0.084807202	0.007582229999999999	-0.006127270000000001	5.749021177289998e-05	3.7543437652900014e-05	0.108155	-0.03473700000000002	0.011697504025000001	0.0012066591690000012	-0.15086	0.009683000000000023	0.0227587396	9.376048900000048e-05	0.0028506	-0.0002493199999999999	6.216046239999997e-08	8.12592036e-06	0.0012304900000000005	-0.0003336999999999995	1.1135568999999966e-07	1.5141056401000013e-06	1.73655e-05	0.0	3.015605902499999e-10	0.0	0.0	0.0
5470.904753050658	8.880630431782265	29930798.81695228	78.86559686589726	5483.432083573786	3.6943979274901717	30068027.41516636	13.64857604664368	4488.463118476725	4.229612218111471	17.889619515597825	20146301.16592581	4468.88142538234	5225.294268880749	1.03014	23.332689	0.06433557799999999	0.0343841	0.0082054407	-0.0073779975	-0.0107085029	0.1470156384	0.018881516799999998	-0.0502373352	0.00033843940000000003	-0.0735058599	0.0830438503	-0.0774156221	-0.0044222146	0.0018762325	0.0365478558	0.09336052439999999	0.1360455898	0.0475539813	0.0296004791	-0.0381121073	0.0320212009	-0.08995466960000001	0.011306571100000001	-0.08406956410000001	0.0702469709	-0.0341208786	-0.0482236796	0.10941427320000001	-0.052232016	0.056060081399999996	-0.042962068799999996	-0.1163208772	-0.1394451736	-0.0107251947	-0.0054402259	0.0474628083	0.0021922563	-0.1096684179	-0.025297731400000002	-0.0117894003	0.045529903200000006	-0.0098202259	-0.0330855704	0.1604094596	-0.0669751078	0.0314320616	-0.0456547576	-0.029785678599999997	-0.0086901704	0.1110787497	-0.0227350781	0.0809132087	0.0278511146	0.0827288893	0.1450955488	0.0248533544	0.010705641799999999	0.019993748500000002	0.0260593865	0.0541508467	0.0555238636	0.11015760869999999	-0.0123183641	0.0769824697	-0.0150193719	-0.0576136432	0.10691298380000001	0.1149057425	-0.056623618499999986	-0.0014969607000000001	-0.16799361940000002	-0.0514563235	0.0640440883	0.0299778048	-0.0008492825999999999	-0.0725744399	-0.0504569912	0.027692879700000003	0.0089701413	-0.0525345888	0.023878827000000002	-0.1412678075	0.0784415695	0.052552019000000005	0.0801419123	0.0073751612	0.0046282884000000005	-0.0376890804	-0.1171075176	-0.0412258244	0.0005060456	0.011340646999999999	0.036033512999999996	-0.05652372980000001	-0.011859121200000001	0.0308000392	-0.0752616913	0.0271407973	0.0166952005	-0.0044996197	0.0775666772	-0.1367877323	0.023519240499999997	-0.0881152691	0.0080749052	-0.0863661733	-0.045108120099999996	0.0292636152	0.0577323219	-0.0862570165	0.0983109847	0.0247418321	-0.0098403137	-0.1334093343	-0.1241729102	-0.0562230232	0.0311554141	0.0777618253	0.022949810299999998	0.1033970039	0.0047736413	-0.0182199339	0.0407819606	-0.0159898228	0.0957563878	-0.1287893578	0.0725503242	-0.0552973103	-0.0015257392000000002	-0.0048435021	0.0136003441	-0.10549614689999999	-0.060199943799999996	-0.025162844500000003	-0.0039900205	-0.0747567903	0.1546607685	0.0682143982	0.0023509798000000003	0.0210495754	0.0285675785	-0.1095922692	0.0052885573	-0.0889784609	0.013712723799999998	-0.0374154579	0.040427882799999995	-0.0063279126	-0.0633915759	-0.0507713946	-0.0266160889	0.09415326550000001	-0.2060855981	0.0730608999	0.0130029825	-0.0337708033	-0.0661741896	0.0677633233	0.052355396299999996	0.0435187014	0.0044614638	-0.0645555221	0.0615799321	-0.08615494380000001	-0.0760986405	-0.0994879464	-0.09016429039999999	-0.019286554299999998	0.051752550999999994	0.0044506106	0.1309711837	0.0030140987	-0.0127645366	0.0278413101	-0.017947857299999998	0.0204834814	0.014409430400000001	-0.022268887400000003	-0.0581473148	-0.0435667863	0.035524561	0.012017675	0.0350029768	0.10300585609999999	-0.0026528790000000003	0.0689542748	0.012065283100000001	-0.050803206600000005	-0.0884938642	-0.0823273756	0.000998152	-0.0065840779999999976	9.963074151040002e-07	4.335008311008398e-05	0.101391	-0.006764000000000006	0.010280134880999998	4.575169600000008e-05	-0.161356	-0.010496000000000005	0.026035758736	0.00011016601600000013	0.00226002	-0.0005905799999999997	3.487847363999998e-07	5.1076904004e-06	0.00144974	0.00021924999999999942	4.807056249999974e-08	2.1017460676e-06	1.73655e-05	0.0	3.015605902499999e-10	0.0	0.0	0.0
5478.83212067149	7.927367620832229	30017601.40650165	62.84315739581922	5447.825710725691	-35.60637284809491	29678804.974443886	1267.8137873975502	4496.425808720305	7.962690243580254	63.404435915208175	20217845.05332605	4476.029175580224	5411.903659429518	1.272868	28.830479	0.08279754299999999	0.0433795	0.057040649900000004	-0.1285943944	0.0348331029	0.035811612	0.0802004472	0.0252034421	0.0321886215	0.011368658899999998	-0.0122982312	-0.1146757355	0.0090319137	0.1176773707	0.0204751446	-0.0867040963	0.059394979	0.028724310899999998	0.0857966797	-0.05935851950000001	-0.07398125259999999	0.0097412147	-0.0650426592	0.0116818076	0.0438007995	-0.0400616761	-0.0181855057	0.0650865669	-0.0173120204	0.038730933700000005	0.09255625869999999	-0.0220342142	-0.0496624509	-0.0380582534	-0.0908958084	-0.0679457304	0.018972318300000002	-0.127315598	0.07116646509999999	0.0445407909	0.0056604737	0.0723494125	-0.0274215792	-0.0247264621	-0.06907831910000001	-0.0711392862	0.0170579188	0.0046648027	-0.0209273958	0.0698531847	-0.1155326948	-0.08893086609999999	0.0336128033	0.0455573208	0.0503252275	-0.03696589	-0.0048391507	0.1085421211	-0.1701038446	0.0597546137	-0.062330530099999996	0.1394942265	0.0354727552	0.019389601399999998	0.1305652347	0.1319929395	-0.0047775118	-0.0806339503	0.1763399121	0.0965972947	0.0073803514	-0.0329701152	-0.0013379751000000002	-0.0600902582	0.0569953634	-0.0845280199	-0.11045495109999999	-0.04518230349999999	0.033136332000000004	-0.1019387725	-0.005604610899999999	-0.054361600499999996	-0.0432242591	-0.1492874673	-0.026765279	0.0533530803	0.035068646	0.0341420282	-0.0675862229	-0.0297656406	-0.06461425929999999	0.041544351	0.044794117300000005	0.045684574900000004	-0.0140440698	0.0754365703	-0.021250917200000004	0.0718139731	-0.0202398333	0.0180925317	-0.1193100215	0.009487578299999999	-0.0246751546	0.0120818739	-0.0674662201	-0.0024883645	-0.0441852525	0.043253394900000006	0.0210356883	-0.0583978319	0.0393395212	0.032411438199999996	0.0684472389	-0.0239669481	-0.047581497800000004	0.101186469	-0.026968065	-0.026585687400000002	0.0526760396	0.0833883897	0.1112121238	-0.0267147756	-0.0232104293	-0.07656943990000001	0.0341274194	-0.08579135210000001	-0.044168998200000004	0.1089384111	0.016679238	0.016534031100000002	0.025292330499999998	-0.0875272963	0.0868565731	0.08745898769999999	-0.0222146169	0.0503794257	0.030719125400000002	-0.0182278936	-0.08391360099999999	0.0399988119	0.20530596	-0.00716501	0.048095859299999995	-0.034239281499999996	-0.0280836715	-0.1274605993	-0.08037079849999999	0.0047823201	0.0960318363	-0.0025998552	0.191590857	0.0811590648	0.0707132279	-0.028740417799999998	-0.0775731437	0.1019642554	-0.1076062043	0.0934458724	-0.0232407216	0.0988533078	0.039088822599999996	-0.1235261956	-0.0051985688	-0.0332028833	0.0696387395	0.046233609	0.0366060483	0.0291889543	0.1015033384	0.012817835500000001	0.0711240857	0.0016900994	0.053415200499999996	-0.044341261900000005	0.0807405358	0.0634164178	0.0693478904	-0.0010174989999999998	-0.0095119577	-0.0489563655	0.023511934900000003	0.037548276	0.1303416708	-0.0847168325	0.0333105693	0.068150957	0.0096623322	-0.0537842446	-0.08963296050000001	-0.079489063	0.00146507	0.00046691800000000003	2.1464301049e-06	2.1801241872399997e-07	0.0914659	-0.009925099999999992	0.00836601086281	9.850761000999984e-05	-0.151095	0.010260999999999992	0.022829699024999997	0.00010528812099999984	0.00160359	-0.0006564300000000003	4.309003449000002e-07	2.5715008881e-06	0.0012304900000000005	-0.00021924999999999942	4.807056249999974e-08	1.5141056401000013e-06	0.000384576	0.00036721050000000004	1.4789869977599998e-07	1.3484355131024998e-07	0.0	0.0
5459.473562537134	-19.35855813435592	29805851.58004191	374.7537730412377	5486.696790233196	38.87107950750488	30103841.667955253	1510.9608220787657	4505.794054573002	9.368245852696418	87.76403035656365	20302180.06222541	4485.633183160891	5339.810446054775	1.152158	26.09639	0.05053031999999999	0.0286398	0.10633126130000001	-0.0903002534	-0.021641752200000003	-0.0590594208	0.062499897699999994	0.096459978	-0.0077109121	-0.0030042231	-0.09927818640000001	0.0083298237	-0.0531518766	-0.0081336029	-0.0089428945	0.0956618108	-0.044164915199999995	0.1314191966	0.1651352207	-0.1167895677	-0.10208615189999999	0.1183118728	-0.1210883026	0.12270850779999999	0.0189989301	-0.015349831599999999	-0.0685383213	0.0834364011	-0.06052747360000001	0.028102297000000002	-0.09693778539999999	-0.000470135	0.0022914827	-0.1281784761	0.0023226113	-0.16899891760000002	0.0634896982	-0.08225226620000001	-0.1309597005	0.0630530646	0.018289703100000002	0.077462701	-0.05800759780000001	-0.0007625204	-0.0504522638	0.0330751464	0.049411039500000004	0.0064697389	-0.046281710700000006	-0.0762505873	-0.0981691258	0.0216814944	-0.1022381169	0.0182681817	-0.0041357294000000005	0.0585906146	-0.0299884939	-0.0186359055	-0.0814680399	-0.0616597721	0.0068886902	0.0460230626	-0.0033474341	0.0776370852	-0.0305033726	0.0179119997	0.020727688799999998	0.08242771	-0.011120343500000001	0.0475266454	-0.0016216007	0.048871657199999995	-0.0863807025	0.051406382199999996	-0.073198743	-0.011809624199999999	-0.0014968274	0.024752457999999998	-0.0168617794	0.10814122609999999	-0.0430330341	-0.0808654707	0.0689771993	0.0346623624	-0.0140220965	0.051772173899999996	-0.0122662521	-0.0732536237	0.0938965294	-0.0124131249	-0.0022100165	-0.0442834646	0.0214529909	0.0164483279	-0.014687231499999997	0.0155470578	-0.08846532230000001	-0.0875047774	0.041897424100000004	-0.0408268221	-0.049966724000000004	-0.0486448832	-0.0438403463	0.1160576817	-0.11890955859999999	0.1189187644	-0.0280809609	0.0013752604	0.08476411130000001	-0.029340755	0.09849415880000001	0.0081177628	-0.1379433527	-0.034369031800000005	-0.0222339737	0.1380754084	0.0619720791	-0.0537861952	0.1591782352	0.0744454975	-0.0775458187	0.0541811459	-0.0216170454	-0.0969386412	0.0604464112	-0.044164621900000006	-0.0140009331	-0.0086602272	0.038536742	0.0148448611	0.040292152000000005	0.0449327125	0.1017145142	-0.0013713320999999999	0.10849085380000001	0.0337426024	0.0623398994	-0.0564718085	0.0590790037	-0.0335544169	0.0117666755	0.0717585574	0.0430391162	-0.0260208525	-0.0593698771	-0.0661563445	0.0773553553	-0.004504783	0.0216368865	-0.0136938045	-0.032343542	0.071638102	-0.024559590099999997	-0.0207095444	0.10822156849999999	0.0301318326	0.051431606	0.0727039885	0.0227650165	0.0098295404	-0.043563604000000006	0.0814833128	0.0640977514	-0.06584263530000001	-0.0879218318	-0.0621680368	0.029116133	0.0872173388	0.0171145844	-0.0358276624	-0.0338875464	-0.084900523	-0.0343020366	0.0240419565	-0.0445519129	-0.052858994400000005	-0.00028280000000000004	0.046216917	-0.08941938869999999	0.0671402958	-0.060714283499999994	-0.011205641200000001	0.0328011334	-0.021899077799999996	0.056682723399999996	0.0673357648	0.0072526474	-0.0566809517	-0.0905222337	-0.0763046233	0.00998419	0.00851912	9.96840499561e-05	7.25754055744e-05	0.0657793	-0.025686600000000004	0.004326916308489999	0.0006598014195600002	-0.156654	-0.0055589999999999815	0.024540475715999998	3.090248099999978e-05	0.00173083	0.00012724000000000004	1.619001760000001e-08	2.9957724889e-06	0.0012304900000000005	0.0	0.0	1.5141056401000013e-06	0.0004726480000000001	8.807200000000007e-05	2.2339613190400004e-07	7.756677184000012e-09	0.0	0.0
5457.1499278435995	-2.3236346935345864	29780485.334963404	5.399278188997571	5499.9686869211255	13.271896687929257	30249655.55711289	176.14324169506756	4501.027600922829	-4.766453650172481	22.719080399242554	20259249.46426912	4481.184948676362	5242.051625552165	1.095652	24.816545	0.10070588	0.053673300000000014	0.10999204050000001	-0.0238766963	-0.076581877	-0.0164608763	0.0555007942	-0.0270794925	-0.0850089877	-0.0528144745	-0.0154723723	0.0811741672	-0.0825603169	-0.02479621	-0.0649608647	-0.0618500149	-0.06772770639999999	0.101255206	-0.069422317	0.0037560748999999997	-0.045157059000000006	0.0563597708	-0.1433779985	0.0797260912	-0.1320969334	-0.1375378594	0.04286896	0.0074625387	0.0651670701	0.0750238993	0.0575080464	0.06428689950000001	0.0601901183	-0.0348156455	-0.0596125395	-0.0225940138	-0.0045322487	-0.1279009602	-0.0577574356	-0.0618287055	0.0261175618	-0.022115597	-0.0860890803	0.0549880459	0.0102519593	-0.02910068	-0.028006872400000004	0.0128489429	0.0033217246	-0.1094473429	-0.0425182395	-0.026900592	-0.1504179511	-0.0745195364	0.0148384295	0.0216941201	-0.0504062132	0.0833277341	0.0437868242	-0.011850891100000002	0.0826672154	-0.030976019599999998	0.0836914061	0.004109034	-0.0938683853	0.0469904912	0.0691759378	0.1036608846	0.028317427599999997	0.0081349236	0.0642908249	0.0822507384	-0.004986658	-0.12222020380000001	-0.0950573751	-0.027817209500000002	0.0270595533	-0.057146801799999994	0.0068869305	0.0850106748	0.0049070071	0.0590819675	0.0035065637	-0.1137954799	0.034741838399999996	-0.06868604910000001	0.0446313838	-0.0033472403999999997	0.0209515916	-0.060550545199999986	0.078121605	0.0196104543	0.0813913471	0.04542628519999999	0.0987603648	0.0097228882	-0.08700893650000001	0.1012760109	-0.0400910925	-0.0521462667	0.0045954182000000005	0.0631039641	0.09965528119999999	0.050484386	-0.14035979880000002	0.10019795050000001	0.12700924	0.1423363406	-0.0349987196	-0.0319704627	-0.024440051	0.0774173103	0.0117151068	0.0563198773	0.06664633190000001	0.0888581337	-0.0289645694	0.0544560441	0.0812129236	0.1153890957	-0.06642887900000001	-0.0768377496	0.04240817	0.0035734925	0.0899624858	0.0017380029	0.0606942688	0.0096818233	-0.0205243099	-0.018864875700000002	0.0196518739	0.1030914091	0.0005613183999999999	-0.0035526888	0.10619652980000001	0.12140001019999999	0.0400513105	-0.0807644402	0.0318920657	0.0663083401	-0.0092530339	0.0216446257	0.0107366172	-0.06903339879999999	0.10410240400000001	0.0448859953	0.06526915559999999	-0.0387020406	0.052991950700000005	-0.08780367439999999	-0.0699390593	0.0701860983	0.115858306	0.0439503669	-0.0204643051	0.032652639500000004	0.0936769869	-0.0326318256	0.0346062356	0.051530119000000006	-0.0585094712	0.0975083781	-0.033225313199999995	0.0074202738	0.051217719800000006	0.0803903171	-0.012181383700000001	-0.015382821699999999	0.0007404966000000001	-0.0871749764	0.0346457025	-0.0525475403	-0.048119748	-0.0582783718	0.0857784225	0.011526584199999999	0.0339931978	-0.0368725395	-0.1118716359	-0.08488075689999999	0.0104190546	-0.012207127199999999	-0.1087167645	-0.024154383999999997	-0.10873553970000001	0.0665088402	0.0048379081	-0.059488785999999995	-0.0911592051	-0.0727879229	-0.00450154	-0.01448573	2.02638623716e-05	0.0002098363736329	0.094474	0.028694700000000007	0.008925336676	0.0008233858080900003	-0.13179100000000002	0.02486299999999997	0.017368867681000006	0.0006181687689999983	0.0010791	-0.0006517300000000001	4.2475199290000016e-07	1.1644568099999998e-06	0.0012304900000000005	0.0	0.0	1.5141056401000013e-06	0.000474167	1.518999999999902e-06	2.2483434388899995e-07	2.3073609999997017e-12	0.0	0.0
5447.205342713517	-9.944585130082489	29672046.045686685	98.89477340945773	5491.972641422823	-7.9960454983029186	30161763.49413677	63.93674361093039	4495.017507119209	-6.010093803620293	36.121227528315046	20205182.389308188	4475.015599202849	5212.507694322551	1.0281129999999998	23.286766	0.08857310000000003	0.048844300000000014	0.1195120721	0.0071627737	-0.077274447	0.0246937118	0.083455799	0.06262343969999999	0.0689057383	0.0300098612	0.0089907666	0.10985394429999999	-0.0352678666	0.0131130577	0.0735884472	0.0287641848	0.0025906288	0.04615037809999999	0.022238266800000003	0.0330360087	-0.09451389660000001	-0.0193344061	-0.11729982130000001	-0.0214285704	-0.11158117050000001	-0.0554954784	-0.031644959	-0.0413663405	-0.0731233493	-0.0858312557	-0.0363247051	0.08311751719999999	0.042606114699999996	0.0026650626	-0.11224762740000001	-0.1153525295	-0.0263518988	0.050116717000000005	-0.0063609634	-0.06344603110000001	0.0538290643	0.0030138575	0.013066404399999999	0.0814339594	0.032948102	-0.0235821841	-0.06843872849999999	0.0096609698	-0.0010062375	-0.08170997	0.0328024609	0.0416758266	0.0544255163	-0.0151779867	-0.0210869869	-0.061483583499999994	-0.023098905099999997	-0.0352902851	0.041907511200000004	0.030529462400000002	-0.017978333	0.0430722972	0.1445810441	0.0886788167	-0.027099064500000002	-0.0351051515	-0.0649824811	-0.0643587799	0.1195112203	-0.038247166400000004	0.1587516083	-0.0553073683	-0.0748728151	-0.0159194927	-0.017998466799999998	-0.061235217	0.013386091499999999	0.0818470963	0.06966390809999999	-0.0764359824	-0.0876558843	0.0369717523	-0.0041346646999999995	0.16337010119999998	0.0244824825	-0.0255861709	-0.0974157684	0.1442626658	0.0641352221	-0.029928097	0.02679051	0.0473830408	0.061015181900000014	0.1550769404	0.0152672839	0.0275714415	0.1203168961	-0.013173393600000001	-0.0732586083	0.0047517433	0.0036184702	-0.1281233352	-0.0217009399	-0.0214648492	-0.1158722052	0.0021768931	0.1082659492	0.039650878	0.0413119489	0.062577702	0.0177554108	-0.1056046145	-0.0556580584	0.0793185741	-0.0087987392	0.0953928436	-0.1124991226	-0.0630966023	-0.0171401378	0.013917041000000002	-0.0315405899	0.0058481220999999995	0.08658000449999999	0.024588474199999998	-0.0032855287	-0.008984213199999999	0.09120895789999996	-0.0039508791	-0.060849049599999996	-0.0395076017	-0.005686143	0.07768255519999999	0.0091803511	-0.023444460099999998	-0.055447843200000006	-0.0637734114	-0.032166187	-0.0186705647	-0.0416514717	0.0138555847	-0.0577993287	-0.0220308584	-0.0293930562	0.0040813590000000005	0.0109889443	-0.09727909400000001	0.0312862314	0.1509367174	0.0594266803	-0.10306210560000001	0.0200902498	-0.027622562000000003	0.1084300387	-0.136222195	-0.054827845599999994	0.046656683899999996	-0.0205470203	0.0709629225	0.045539623700000004	-0.0676875879	-0.052860159299999994	-0.0434128455	-0.0206755582	0.1536209559	-0.104034486	-0.0916168461	-0.0436120799	-0.1051406491	-0.0505398829	0.09751536599999999	-0.09392303710000001	-0.1023255816	-0.0235533559	-0.091092925	0.14775530779999999	0.0366264221	0.05927297910000001	0.0200510796	0.027761542400000002	0.0500941458	0.0799261344	-0.0486828396	0.060497832	0.0799749782	0.0158449531	0.0656703274	0.0024197973	-0.062203345	-0.09154209949999999	-0.0689542748	-0.00971329	-0.005211749999999999	9.43480026241e-05	2.7162338062499993e-05	0.06581360000000001	-0.02866039999999999	0.004331429944960002	0.0008214185281599992	-0.162865	-0.031073999999999987	0.026525008225000004	0.0009655934759999994	0.0014911	0.000412	1.6974400000000004e-07	2.22337921e-06	0.0012304900000000005	0.0	0.0	1.5141056401000013e-06	0.000413628	-6.0538999999999916e-05	1.7108812238400005e-07	3.6649705209999897e-09	0.0	0.0
5442.968819544822	-4.236523168695385	29625909.57053715	17.948128558892783	5485.521353789109	-6.451287633713946	30090944.522876296	41.61911213291049	4489.231800088799	-5.785707030409868	33.47440584173416	20153202.15492852	4468.804173130789	5176.1130981365895	1.067387	24.176334	0.11993381000000004	0.0711974	0.108954353	0.0697878834	0.031516505099999995	0.10687997029999999	0.0761001778	0.0543675038	0.024761903	0.07946946740000001	0.0926067108	0.09219999720000001	-0.0398617544	0.0089526997	-0.0922444548	-0.11479171869999999	0.051230568399999996	0.019435879	0.0333706804	0.0047881195	0.0184166299	-0.07470338530000001	-0.116093265	-0.0944852653	-0.0472424179	-0.09498158470000001	0.0799916087	-0.06720224820000001	0.0954284373	-0.019384793	-0.0098007881	0.024085869	-0.06062056740000001	-0.0124702323	-0.007870909300000001	0.0565098008	-0.059101082699999995	0.017018923300000002	-0.0710413005	-0.000986715	-0.0170382995	0.0147899979	0.055791607400000005	-0.08745305240000001	0.031110441000000006	0.0092106647	0.0348689502	-0.010024082	0.075665697	0.0220037021	0.0161084877	-0.0508813485	-0.033437200699999996	0.0700336405	-0.0754244721	0.0952276825	-0.0391684089	-0.07559181179999999	0.0648195761	0.0033699403	-0.0197981513	-0.0256600072	-0.051449141799999994	-0.0420891281	0.0922455242	-0.09274493519999999	0.0972873185	-0.0283233405	-0.048332433099999995	0.0768458108	-0.011869801499999999	-0.0620923952	0.0526739225	0.0076475629	0.041284592099999996	-0.055380751	0.0569167178	0.027463644500000002	-0.04732907150000002	0.0292617423	0.0360097179	0.044952565800000004	-0.043615245999999996	0.031727999300000004	0.023243101600000003	-0.05835753110000001	-0.0859595258	0.0027608867	0.044182916399999994	-0.0576391241	0.020503375900000002	0.056646088	0.0732052712	-0.0158096385	-0.0802160574	0.0315558492	-0.059206562699999986	-0.0640223559	-0.027108532999999997	0.0193098275	-0.0338845947	-0.0499774799	0.1192659643	-0.074383591	-0.1156151399	-0.0846029711	0.0579809695	0.0991418022	-0.0752276022	0.0166536673	-0.10136497359999999	0.0062910462	-0.0237658535	0.0327448906	-0.0672450837	-0.0069747617	0.023188132599999998	0.0487092353	-0.045935098099999995	0.0106146391	-0.056878787199999996	0.0254459958	-0.0174856211	-0.0262362808	-0.0673485349	0.0586647173	-0.06194819820000001	-0.032708266	0.0054881515	0.044044673099999994	-0.08394196300000001	-0.048087813099999994	-0.0396524988	0.09974209140000001	0.0419305521	-0.0035373117	-0.037346684	-0.030172828199999998	0.1343006473	-0.0359247185	-0.0756688712	-0.013401478799999998	-0.0244497344	0.0224773434	-0.0309849272	0.021473912999999997	-0.0350756723	-0.0172771138	-0.1222222267	0.013511839599999999	0.084768829	0.05247655440000002	-0.041054255299999995	0.0274019677	-0.039763802599999995	-0.0473648445	-0.051943530099999996	-0.0387418085	0.0848071849	-0.0457095634	0.0198525255	0.0690640332	0.0034496365999999996	0.019521399499999998	0.0179837538	0.0211099956	-0.0507892171	-0.0442170563	-0.0536859176	0.0745530363	-0.0301967979	-0.0669918951	-0.0042822709	-0.0669720377	-0.0992163756	0.0460458975	0.08586726039999999	-0.0018273687	-0.054348069900000004	0.07318568610000001	-0.0523858017	-0.0033878231	-0.024660525	-0.0250811842	-0.1471193894	0.0648203724	0.0	-0.0648203724	-0.0916698497	-0.0648203724	-0.0116445	-0.0019312099999999992	0.00013559438024999995	3.729572064099997e-06	0.0918944	0.026080799999999987	0.008444580751359999	0.0006802081286399992	-0.102795	0.060070000000000005	0.010566812025000002	0.0036084049	0.0010791	-0.000412	1.6974400000000004e-07	1.1644568099999998e-06	0.00110635	-0.00012414000000000045	1.541073960000011e-08	1.2240103225000002e-06	0.00031273200000000003	-0.000100896	9.780130382400002e-08	1.0180002815999999e-08	0.0	0.0
5436.405411819313	-6.563407725509022	29554503.80165831	43.07832097127153	5480.4846145448055	-5.036739244303135	30035711.61026233	25.368742215103318	4492.215124232625	2.9833241438263935	8.900222947137486	20179996.72238434	4471.7218354006345	5181.593910809102	1.156436	26.193302	0.07156954999999998	0.034737800000000006	0.1222371581	0.045910501	0.1361826771	-0.0335414093	0.1281892249	-0.0071324218	0.049620844500000004	0.1543462666	-0.013777125800000001	0.013535291999999999	0.0363198093	-0.0177203289	-0.0131874093	-0.0258015291	0.08554596	0.0989832257	-0.0863759901	-0.0636370546	-0.1589494126	-0.0595960965	-0.0841247641	-0.032577807	0.09746953380000001	-0.0915603942	-0.08925686470000001	-0.1289145164	-0.036835023	-0.0221750251	0.0341000752	0.0013987316	-0.0339511746	0.1286235424	-0.0255807706	-0.1135012442	0.1511728739	-0.014306668	-0.0633565169	-0.0300637484	0.0288189507	0.016706523799999998	0.1217175552	0.0302437344	-0.11431190210000006	0.031596142	-0.061640828499999994	-0.0482550327	-0.0099919435	-0.09766986230000001	0.0353650882	0.1291619987	-0.0663476397	0.1061995243	-0.0697923443	-0.0410720448	0.025695898300000002	0.0361818171	-0.0674575463	-0.0096902587	-0.0561346707	-0.0384577458	-0.039882065099999996	-0.0118259906	-0.0629491808	-0.0013513927	0.044057918700000004	-0.08494100660000001	-0.0606570796	-0.0428527241	0.066880983	0.011324793500000001	0.013196112900000001	0.1558676966	0.027991664	0.0166075048	0.005661052299999999	0.0229084397	-0.0668045347	-0.0391770814	-0.0674827353	-0.026434717599999998	0.0688088162	0.0434513104	0.005457874200000001	0.0708619868	-0.1329951625	-0.0371563248	0.010700040400000001	-0.0487952596	0.017468007600000002	0.1071085051	0.0251044875	0.025297764599999998	0.0227760053	-0.0916736911	0.0232011359	-0.057363535099999995	0.0605093933	0.052125308700000005	0.050260871900000004	0.1068405962	0.0931457045	-0.0556494387	-0.08590843470000001	-0.054243477199999994	-0.0924535732	0.08519528359999999	0.0974474114	0.1225898176	-0.054565112	-0.034079431	0.0584179962	-0.0198811593	-0.037510349	-0.0344956076	-0.1171462383	-0.11420276800000001	0.1579782382	-0.0257022312	-0.0447030078	-0.0140967175	0.041857246800000004	-0.019368696	-0.0733831814	-0.1447542301	-0.0292024007	-0.0590770427	-0.024185692999999998	0.023697423199999998	-0.0084588731	0.1108455041	-0.0332365683	-0.013418470200000001	0.0724616926	-0.1453352018	-0.0303777743	-0.0228421164	0.018629901299999998	0.0798665824	0.0368440273	0.011091301100000001	-0.04194560940000002	0.0695443155	-0.041419877599999995	-0.030199745400000002	0.0970440308	-0.020399338200000002	-0.0726024799	0.1002387574	-0.0168244867	-0.0860609764	0.0388420004	-0.07103214349999999	0.0639066391	-0.0961092672	-0.0660507945	0.0247109604	-0.028232543199999998	-0.0138093884	0.0045882432	-0.0054828802	0.0958972089	-0.0122396049	-0.1103459478	0.0049459197	0.014747681100000003	0.0320103906	-0.028022241200000002	0.07407552	0.0145417602	-0.080306291	-0.025300292400000004	-0.0459373249	0.010653453799999999	0.0229642633	-0.1030753653	0.022335954900000003	0.0797624252	0.055634507	-0.0772086886	0.0377944234	-0.0391772539	0.007630931600000002	-0.1338260535	0.06395912320000001	-0.0024197973	-0.0673357648	-0.09154209949999999	-0.06040421610000001	-0.016709900000000003	-0.005065400000000005	0.0002792207580100001	2.565827716000005e-05	0.08206799999999999	-0.009826400000000013	0.0067351566239999975	9.655813696000026e-05	-0.129762	-0.026966999999999974	0.016838176643999996	0.0007272190889999988	0.00131461	0.00023551	5.546496009999999e-08	1.7281994520999996e-06	0.0008934889999999998	-0.00021286100000000017	4.530980532100007e-08	7.983225931209998e-07	0.000166888	-0.00014584400000000004	2.7851604543999998e-08	2.127047233600001e-08	0.0	0.0
5437.005952158671	0.6005403393583038	29561033.72380881	0.36064869919658665	5461.346189138954	-19.138425405851194	29826302.19762258	366.2793270153305	4483.737070137113	-8.478054095512563	71.87740124643732	20103898.11412174	4463.703128366705	5172.637764646521	1.06895	24.21174	0.03457529999999999	0.0164081	0.11036212769999999	0.048921347000000004	0.0448399101	-0.079650912	0.064269642	0.0748488238	0.0305390319	-0.0083060186	-0.0979913885	0.0591412445	0.0591886228	0.0646999997	-0.0561896483	-0.07745839809999999	0.0908393309	0.047806107800000004	0.053277396399999996	0.0318496171	-0.024967927	-0.1404535797	-0.058591147	0.0658948233	0.0635413617	-0.1034915033	0.0213708196	-0.026007615499999998	-0.012536138700000001	-0.0985577404	0.0345441249	0.0210357171	-0.0530347112	-0.0633871275	-0.028377616600000002	-0.024058137799999997	0.054271978	0.08774008300000001	0.0136544667	-0.0707442026	0.0214749587	0.0194588158	0.0312952281	-0.0300660203	0.0017306641	-0.0298727056	0.0057608691000000005	0.0752515628	0.1132278999	-0.0550268958	-0.0675186943	-0.050548973899999995	-0.0528610508	-0.08235424570000001	0.022537027299999998	-0.0536927161	-0.0544480587	-0.0773296709	-0.012130611699999998	0.0882467953	0.039692031	-0.0052844086	-0.0623155461	0.0229678258	0.0466594988	0.0019035141	-0.00034707449999999996	-0.0447043908	0.0204226	-0.0320579835	0.0688624899	-0.07172245320000001	-0.028611971	-0.0442873539	-0.0450754229	-0.0641610465	-0.1210577519	0.0032593657	-0.017895328999999998	0.0625747645	-0.011578081100000002	-0.0624601958	0.0236641696	-0.0898778417	0.0445023129	0.0312473019	0.007507236	0.0025302536	0.0449489483	0.15721496699999998	-0.0414554251	-0.0248841588	-0.08715624570000001	0.0624394037	-0.0489080312	0.043885272	0.0477893393	0.0351985169	0.08253066690000001	0.092404253	0.1143641759	-0.0468897979	0.0887564546	-0.1388024032	-0.0589336354	0.0600701102	-0.0750358164	0.1121796922	-0.0177103162	0.0134864149	-0.0225667788	-0.0902410417	0.0159879548	0.0323349575	-0.0803799941	0.063678786	0.018003219299999998	-0.012514248899999999	0.0130261473	-0.09090769259999999	0.0020658	-0.0295049447	0.074701214	0.0110733484	-0.0471764368	0.0204884237	-0.0125364055	0.0326733918	0.0125614741	-0.047282432400000005	-0.1028079263	0.0193566545	0.0720179264	0.0033868505	0.0647018201	0.10761484730000001	0.0187362888	-0.057224230999999987	-0.0613988565	-0.1090435191	-0.011315621299999998	-0.0706464456	-0.067115479	-0.02530384	-0.0160829716	0.0337835988	0.0130601055	0.0013492791000000001	0.0078618547	-0.0064862425	0.0087398975	-0.032185012799999996	0.0529800596	-0.0420544824	-0.128113857	0.037808713	0.022638107299999998	0.09910877259999999	-0.011111619	0.044278311900000006	0.0134072446	0.0867560297	0.029993613399999997	-0.0842791274	-0.0057778883	0.026801829500000002	0.0318359659	0.0702699341	0.024260816299999998	0.0239920788	-0.1025477756	0.1424365334	-0.0028972840000000004	0.04872704940000002	0.043150445999999995	0.0678685559	0.0403799475	-0.010414901800000001	0.0431184797	0.026025838	0.0260119706	0.06543214809999999	-0.0237432577	0.1301571124	-0.1227491223	0.0630867301	-0.0048379081	-0.0697455783	-0.0911592051	-0.0557250359	-0.021430200000000003	-0.0047203	0.0004592534720400002	2.228123209e-05	0.087733	0.005665000000000017	0.007697079289000002	3.20922250000002e-05	-0.116319	0.013442999999999984	0.013530109761	0.00018071424899999952	0.00135988	4.527000000000003e-05	2.049372900000003e-09	1.8492736144e-06	0.00100437	0.00011088100000000017	1.229459616100004e-08	1.0087590969e-06	0.000108099	-5.8789e-05	1.1685393800999998e-08	3.4561465209999994e-09	0.0	0.0
5426.501260463299	-10.504691695371546	29446915.92980977	110.34854761480796	5483.931614469461	22.58542533050695	30073505.952177636	510.101437359905	4485.6991794778605	1.9621093407477017	3.8498730650493815	20121497.12876835	4466.301526058486	5097.820987381634	1.104491	25.016739	0.044758099999999995	0.0259608	0.128034635	0.0823190752	-0.0360144899	-0.0749214369	0.1000556264	-0.0688616487	-0.043056121100000004	-0.0366129828	-0.0024840559	0.1106329561	0.0652955421	0.026979259	0.06169857860000001	0.024836098100000002	0.0831295713	0.133284711	-0.0307058151	-0.0642728001	0.023044542799999998	-0.1477637232	-0.0591168986	0.0896606566	-0.0287056401	-0.10954816710000001	-0.0194363487	-0.0008304133	-0.08782004	0.0276647194	0.0270428754	0.0880470426	-0.0373014948	0.042455415700000006	0.0526706354	-0.0517623879	-0.015684895	-0.16787350260000006	0.0034137815999999996	-0.0632645303	-0.1428993546	-0.0254556315	-0.067120434	0.0007221838	0.0084300121	0.0486067858	0.0264308537	0.11582747130000001	-0.0380577135	0.023650272400000002	0.008233917	-0.0206643353	-0.0205446079	-0.1241953745	-0.065861854	-0.0676944152	-0.0875188939	-0.0352190685	0.0881503908	-0.0882382395	-0.028118771	0.0040420205	-0.0986399217	-0.0310265974	-0.1148727693	-0.006741599599999999	-0.17496927350000002	-0.0417704978	-0.0087454488	-0.1665269912	0.0215181617	-0.0797730033	0.0583266263	0.0627414813	-0.0404564061	-0.0661383482	0.054729841900000006	0.11707444939999999	-0.13139972	-0.0735340202	-0.0904361128	0.052122959100000005	-0.0397438047	-0.009205143399999999	-0.0314941632	-0.1268237219	-0.0086024633	-0.13120178789999998	-0.017576838600000002	0.0138320703	-0.0207388063	-0.032077421099999996	0.0723881822	0.047314198200000004	-0.0194113749	-0.028824705099999997	-0.06981204440000001	-0.0047868889	0.043533595	-0.104495615	-0.09672703199999999	-0.1190146289	-0.0006959588	-0.148362394	-0.0567808847	0.0831012168	0.0163011702	0.1113723104	0.0314923784	0.0699536753	0.0714769512	0.0150245328	0.0408487114	0.08434162740000001	-0.0129111186	-0.0575677421	0.030182588	-0.055763560700000006	0.0640827913	0.1148364469	-0.0098906111	-0.14981805269999998	-0.08791851460000001	-0.06362289809999999	0.0513889908	0.0515040386	-0.0032973576	-0.0370232948	0.0322202676	-0.1040865127	0.0705262981	-0.029648657000000002	0.013635178799999998	-0.0669675715	0.0041721187	0.0676397575	-0.07367697150000001	-0.0798491623	-0.056004227999999996	-0.0285178523	-0.12082999539999999	0.0255110558	0.0186601447	0.04288672809999999	-0.0943199454	0.12731603519999998	0.0065393512	0.0636699799	0.068289132	-0.007558778100000002	-0.1333005609	-0.18201414789999998	-0.0216860543	-0.0612490889	-0.0184893217	-0.0388612221	-0.0400892643	0.058341325	0.0938896776	0.0015830557000000001	0.1655166879	-0.0489940625	0.1417661376	0.1262780143	0.014059868100000001	0.086678006	-0.043901476200000004	0.0141649867	-0.12553367140000002	-0.0656940916	0.011957273000000001	-0.0435995058	0.0190213913	0.046302124900000005	0.0162813372	-0.07734662070000001	0.0679582261	0.045889407300000004	-0.0614003466	-0.060311515	-0.09199423039999999	-0.0036939652	0.1080739209	0.014173799499999999	0.0389449265	0.062203345	-0.0072526474	-0.07204603429999999	-0.0905222337	-0.050803206600000005	-0.0214593	-2.9099999999997187e-05	0.00046050155649	8.468099999998361e-10	0.078554	-0.009179000000000008	0.006170730916000001	8.425404100000012e-05	-0.13833900000000002	-0.02202000000000001	0.019137678921000004	0.0004848804000000005	0.00135265	-7.229999999999997e-06	5.227289999999995e-11	1.8296620225e-06	0.0007770689999999999	-0.00022730100000000015	5.166574460100008e-08	6.03836230761e-07	0.000144168	3.6069e-05	2.0784412224000002e-08	1.3009727609999995e-09	0.0	0.0
5441.810938182569	15.309677719269528	29613306.28692345	234.38623186789783	5489.111584136458	5.17996966699684	30130345.98310105	26.83208575100735	4490.867626739655	5.168447261794427	26.712847097950306	20167892.04089826	4470.966565248984	5027.444299973213	1.066358	24.153017	0.04449714999999999	0.0252234	0.1189751553	0.1139184219	-0.0548216033	-0.0042883632	0.07371128610000001	-0.041890899599999996	0.023320639599999998	-0.1133867232	0.007750143599999999	0.0012000991	0.0112648349	-0.046382569900000004	-0.1032983883	-0.1293475701	0.0778925809	0.1297630347	-0.0335587429	-0.0048116584	0.032621382000000004	-0.0917174102	-0.0840621236	0.0121146049	-0.051755857800000006	-0.1134059266	0.04473694	0.13545645380000002	0.0469806199	-0.0342482902	0.0723652306	0.08366096940000001	0.0524860376	-0.022340427000000003	0.0153791358	-0.0661918024	-0.09237441019999999	0.028610962900000002	-0.0112382074	0.0334899675	0.0672751511	0.0576904947	0.0035876096999999997	0.0542949349	-0.0036618121	-0.047552726600000005	0.015507486000000001	-0.023980925400000002	-0.0324557294	-0.023941904700000002	0.0021308259	0.0252284627	0.11427241029999999	0.0016146309	-0.0652583692	0.08736139220000001	0.0359783423	0.0286098025	-0.0679700972	0.0365322989	0.1048578248	0.06973479	-0.036968525499999995	-0.0755089236	-0.0116120976	0.011531665	-0.09991296779999999	0.08424736630000003	-0.1154857101	-0.0374724571	0.0154113283	-0.0087937106	0.0293409067	0.0110538444	0.088649985	-0.025563082400000003	-0.0415168296	-0.1193156825	0.026009539100000003	0.07308303370000001	0.0191541389	0.0555321322	0.0105299539	-0.0337954761	-0.026105378	-0.1799820636	-0.0246705508	0.0699827583	-0.0327076668	-0.1124778719	0.0493977508	0.0080873191	-0.0727394785	-0.0398084475	-0.0076003515000000015	0.028127523300000002	-0.0890038458	-0.0439703845	0.062448906799999995	0.047449863700000004	-0.0022522294	0.1172165694	-0.08658676720000001	-0.09561244599999999	-0.0824494168	0.0249070591	0.0494786138	0.10607940589999999	-0.0342951596	-0.13657311689999999	0.0310849302	-0.021268409300000003	0.0219666139	0.0900677229	0.0636639348	0.0789369793	0.018401316799999998	-0.08175661349999999	-0.0338861709	0.0514448786	0.0047011912	0.09481550429999999	0.0419032542	-0.021184861800000003	-0.015938481299999998	-0.0325983957	0.0429250053	0.0322472379	0.0373983344	0.025115500099999997	0.0031770426	0.0390910223	0.0116407174	0.031183284	-0.0715561188	-0.0559811957	-0.0543223175	0.0350294931	0.08231143190000001	-0.0966358126	0.1318597334	0.0084358243	0.0257990775	-0.07419929139999999	0.0370206709	0.0903355673	-0.061606976699999996	0.028915133	0.0326881908	0.0809323404	-0.1523137557	0.0063207764	-0.050857863600000004	-0.0050093033	-0.028776626899999998	-0.0179506922	-0.0680655899	-0.047917357599999995	-0.0762328999	0.0612934442	-0.004433329000000001	0.0639028613	-0.0626539219	0.007582977199999999	0.05808928400000001	0.0302497557	0.0515273574	-0.1706227665	-0.0758337582	-0.0182923975	0.0983177159	-0.0349535424	-0.11200389359999999	0.0002394989	-0.04797585309999999	0.047999933200000004	0.010115171899999999	0.015079303700000001	-0.045144559699999996	0.0668679597	-0.0280894325	0.10959046060000001	-0.0239917122	-0.13777388289999998	0.062422974299999996	0.0613091217	-0.0096623322	-0.074233526	-0.08963296050000001	-0.04566016	-0.0214308	2.850000000000075e-05	0.00045927918864	8.122500000000427e-10	0.082482	0.003928000000000001	0.0068032803240000005	1.5429184000000008e-05	-0.117707	0.020632000000000025	0.013854937848999998	0.000425679424000001	0.00139968	4.702999999999999e-05	2.211820899999999e-09	1.9591041024e-06	0.0008612019999999999	8.413300000000003e-05	7.078361689000002e-09	7.416688848039998e-07	0.0004111780000000001	0.00026701000000000003	1.6906734768400007e-07	7.129434010000001e-08	0.0	0.0
5454.624770040889	12.813831858320556	29752931.381943624	164.19428689331082	5469.898584213006	-19.212999923452124	29919790.52157545	369.1393660585711	4503.001478800633	12.133852060977913	147.230365837698	20277022.318080686	4482.404403262587	5217.031820967432	1.250301	28.319332	0.1074979	0.0651881	0.0879396397	0.0182655068	0.057662151200000004	0.0738724967	0.1244102393	0.023072523799999998	0.0089072301	0.054240400700000004	0.07223679549999999	0.0273032733	0.0156505637	-0.0043056912	-0.0199686959	-0.14254430640000001	-0.144729737	-0.0138890724	-0.0097761737	-0.06795844919999999	-0.020129658600000003	0.0523248645	-0.1297913873	-0.09351523369999999	0.0063561592	-0.1063483286	-0.1002422298	0.0585132303	-0.0972046666	-0.0692128624	0.0384764083	0.0053450283	-0.0752280192	-0.0111398449	-0.018044988999999997	-0.0279288956	0.0097870532	-0.0049301931	-0.010828891100000002	-0.07584116240000001	-0.048784125	0.000492695	0.007700988699999999	-0.0461130597	0.0495599205	-0.08496464199999999	0.0283560805	-0.0260402046	-0.012830353899999999	0.072731305	0.0904209051	0.1232769674	-0.05481436889999999	-0.0115326471	0.0365441383	0.086182149	-0.028637184399999998	-0.0059431063	-0.0596296787	-0.059180105	0.0688087428	0.0088425441	-0.027943378199999997	-0.0020368495	0.042505552099999996	-0.0888997243	-0.0471901566	-0.0038604190000000004	0.051672862	-0.0500797921	0.0648849401	0.0251838318	0.1192887155	0.012628601599999999	0.030703523599999998	-0.0081902742	0.0360270778	-0.046775656900000004	0.054904559400000004	0.0544076663	0.0312412932	-0.0166619084	-0.08644101130000001	-0.0696166815	-0.030840331600000007	-0.010362994300000001	-0.0532550272	-0.10070879740000001	0.0385936679	0.0679000003	0.010213078	0.1120770489	-0.0538884871	-0.0111130768	0.0313820167	-0.048555277599999995	0.11801162970000001	-0.1427622443	-0.0333216882	-0.069397862	-0.0242631502	0.08081774230000001	0.0407958248	0.051731029500000004	-0.1279173485	-0.08887984310000001	0.0190204354	0.099375075	0.11346207960000004	-0.0054492261	0.098452753	-0.0738940515	0.035030204100000004	0.0237333789	-0.0875883968	0.0224757446	0.0076892253000000015	-0.0415928949	0.012198442700000001	-0.0079668442	-0.0054645914000000005	-0.0883408789	0.0057809877	-0.0191492974	-0.0523484513	0.08464360480000001	-0.0067226110999999995	0.0785929455	0.045266778	0.029110535299999997	0.0232724398	-0.04826783	-0.1283981167	-0.06961276799999999	0.0695911448	-0.0645338342	0.053596550300000004	0.018542647199999998	0.0673842445	-0.067831822	0.0714626717	0.0764602668	0.029522954700000006	-0.035540182000000003	-0.06156565360000001	0.09065597460000001	-0.033955370299999996	0.07128036160000001	0.0023321059	-0.08384062910000001	-0.0103493672	-0.0083446805	0.06711798320000001	0.0040077561999999995	-0.0311434559	-0.1118835	-0.0625126473	-0.0545838682	-0.0121351584	0.050417004	-0.08650836029999999	0.0520733254	-0.0056077594	0.0059074858	0.112263553	0.046447196100000004	0.007647022099999999	0.0761608632	-0.0367428134	0.0089229796	0.0106216677	-0.0099160629	0.0789323205	-0.0476176739	0.0198317891	0.044094124299999995	-0.126154206	-0.0312224337	0.09793104009999999	0.1111718273	-0.0637071303	-0.12228005509999999	-0.0546162238	-0.07651366650000001	-0.0982716275	0.06040421610000001	-0.012065283100000001	-0.0763046233	-0.0884938642	-0.040318290699999995	-0.014668100000000003	0.006762699999999997	0.00021515315761000005	4.573411128999997e-05	0.0860938	0.0036117999999999983	0.00741214239844	1.3045099239999988e-05	-0.16403199999999998	-0.046324999999999984	0.026906497023999998	0.0021460056249999987	0.00215346	0.0007537799999999999	5.681842883999999e-07	4.637389971599998e-06	0.00108631	0.0002251080000000001	5.0673611664000046e-08	1.1800694161e-06	0.000374098	-3.708000000000005e-05	1.39949313604e-07	1.3749264000000031e-09	0.0	0.0
5447.546174756627	-7.078595284262519	29675759.32610556	50.10651119838358	5482.681603507773	12.783019294766744	30059797.56544256	163.4055822903789	4502.159341903097	-0.8421368975359655	0.7091945541915013	20269438.739885326	4482.0253304897715	5179.36983071149	1.2101540000000002	27.410004	0.08453085	0.0519439	0.0955923378	0.0086035334	0.0608632063	-0.0702377379	0.0184637161	0.0680762825	-0.020974840499999998	0.082133757	-0.0800917708	0.0089160531	0.0017354838	0.043698596900000004	0.0033562721999999996	-0.1101798241	-0.014387461399999999	0.0912735492	0.050093007	0.0794667872	0.1602430297	0.08156395059999999	-0.111045442	0.0704866686	0.09902138740000001	-0.1025280716	0.0473696343	0.0120518976	-0.0356923693	-0.0141063382	-0.0896337814	0.0022382303	0.108902405	0.11880286970000001	-0.024293693199999997	0.035993752999999996	-0.0611698996	-0.041027693	-0.05194183769999999	-0.059629075499999996	0.035857254500000005	-0.09502994880000001	-0.010920253100000001	-0.0788710933	0.033474897999999996	-0.0411378369	0.0300509796	0.1228610151	-0.0552429213	-0.0667213509	-0.08093260570000001	0.0065846065	-0.0446246162	0.18945926800000001	-0.0525973175	-0.064008853	0.0884176675	0.0542746963	-0.1216317125	0.14708729339999999	-0.030825712400000007	0.09152433210000001	0.0440119326	0.036461118	0.04950836769999999	-0.0370078888	0.0833745707	0.0097597366	0.1142276051	-0.0170803038	0.051796122	-0.07737163820000001	-0.0269342491	0.049373840999999995	0.01669421	0.0972706442	0.0522414686	-0.0435686581	0.0848843844	-0.0736798603	-0.062214882699999995	-0.0046529990000000005	-0.04803487730000002	0.0623930489	-0.0133675399	0.0002813092	0.1089819067	0.04840378769999999	-0.026402897400000003	0.139696714	-0.1614917027	-0.0623341824	-0.08971252240000001	0.06101711150000001	0.042238396399999996	0.0069252714	0.0849861856	0.0684150941	-0.0659446241	-0.0253775054	0.1217142692	-0.09393744970000001	-0.0704573086	0.0823807398	-0.1081390577	0.0535871029	-0.0925849851	0.1086407237	-0.0243649899	0.019344031299999998	0.04844468440000002	-0.0102636172	-0.085075968	-0.0079626964	0.1155481332	-0.0785524245	-0.0831063216	0.0282536231	-0.0370214106	0.059689441100000004	-0.0839950941	-0.0538753309	0.017953132099999998	0.07293369940000001	-0.0326457848	0.062352414400000014	-0.0918048748	0.0314368252	0.06839397030000001	-0.10014320730000001	0.0407908451	0.0307177513	0.1298386614	0.1772622584	0.0525702387	-0.0955019524	0.0074350151	0.0203818247	-0.016589603300000002	0.072554374	0.1858841543	-0.0798375667	-0.049789901799999994	0.010941013500000001	0.0396061459	-0.1023543405	0.0614629615	0.0263081431	-0.052042711	-0.08591925119999999	0.09254810460000001	0.024742578900000003	-0.0279769008	-0.1404896958	-0.010605008999999999	-0.0171426589	-0.00447449	-0.0488729013	-0.044671647599999996	-0.006950791600000001	-0.10219272720000001	-0.09190273859999999	0.0179442426	0.0857067684	0.013592933400000002	-0.05766805110000001	0.0238279588	-0.0157704401	-0.0015313381	-0.035188535	-0.0832403962	0.1581773914	0.1077060892	0.126269976	0.08513386419999999	0.0302190983	0.0176363949	0.0202318878	0.0217147636	-0.0542436012	0.0737706793	-0.0369600572	-0.0759940418	0.1377681245	0.0754461594	0.059488785999999995	-0.0144598255	-0.078256079	-0.0871081196	-0.0348008596	-0.0213938	-0.006725699999999996	0.0004576946784399999	4.523504048999994e-05	0.07987319999999999	-0.006220600000000007	0.006379728078239999	3.869586436000008e-05	-0.14819200000000002	0.015839999999999962	0.021960868864	0.0002509055999999989	0.00125921	-0.0008942499999999998	7.996830624999999e-07	1.5856098240999996e-06	0.00106237	-2.394000000000007e-05	5.731236000000035e-10	1.1286300169e-06	0.000177397	-0.00019670099999999997	3.1469695608999995e-08	3.8691283401e-08	0.0	0.0
5449.655006122163	2.108831365536389	29698739.685752355	4.447169728270072	5490.05974586024	7.378142352466966	30140756.013115004	54.436984573266784	4495.0859607764205	-7.073381126676395	50.03272056322183	20205797.79476928	4475.037739736484	5161.090513414784	1.255729	28.442286	0.05247584999999996	0.0276422	0.138438074	0.0343992464	-0.08677200339999999	-0.0328308908	0.1279552182	-0.049225047599999995	0.0012168691	-0.058243092300000014	-0.038291066	0.0739734424	-0.1266529757	0.038216673799999996	0.0774744193	-0.1193083775	0.0403599745	0.0454029794	-0.010975757	-0.049170169699999995	0.124795659	-0.017209423300000002	-0.1426626204	0.0769074431	-0.08845713320000001	-0.1381490395	0.0360645621	-0.0331529717	0.0040854179999999995	-0.0803032451	0.0497167455	0.0777738174	0.0170176533	0.0567845668	-0.0248192214	-0.0168653116	0.0951729713	0.08280430150000001	-0.054865807	-0.011548666200000002	0.06309982089999999	-0.0385699637	0.05603489440000002	-0.0738099627	0.09373094900000001	0.1008305273	-0.0793101251	-0.0272834599	0.0498752767	0.12348145349999999	0.013321616599999999	-0.1063045852	-0.0084725262	0.0275491539	0.0110339026	-0.055449945	-0.1039094092	0.1110881086	-0.09085675730000001	-0.14015187880000002	-0.016560383600000003	0.023663399300000002	0.002135713	-0.0353652534	0.0195427648	0.11107115869999999	-0.0101643351	-0.07088013	0.0559378443	0.0895969269	0.08429224589999999	-0.0501147887	0.013448858700000002	0.035754906	-0.030757672599999997	0.0649237151	-0.007949826	-0.0071189745	0.0845509118	0.032807505	0.0302229825	0.0140034275	-0.0029075596000000003	0.12788970119999998	0.007503592099999999	0.08582254939999999	0.0140880976	-0.0396203438	-0.0446309134	0.05741285240000001	-0.0415046873	-0.15733475019999998	0.08769609140000001	-0.11143244810000001	0.0079433899	-0.0531731752	0.021614013999999997	-0.0265273504	0.054723992	0.001759691	-0.0574530159	0.0816337696	-0.021748041200000002	-0.0214700696	-0.14178764119999998	0.0995886784	0.07424875110000001	0.13423386369999998	-0.0324163223	0.011084908300000001	-0.0358033954	-0.08903003220000001	0.0385333312	0.0736656473	-0.0069744502	-0.0114794194	-0.0776303054	-0.0185821249	0.0714379487	-0.0946767408	-0.0645473922	0.061132285700000004	0.06165295570000001	0.0416307461	-0.0411418546	0.0561253626	-0.023062541000000002	-0.0751254682	-0.11858840150000001	0.0343284807	-0.0396467963	-0.14529877130000002	-0.0381079423	0.0616187538	-0.058237812	0.0644306801	0.0048379154	-0.13203883689999998	-0.0754986886	0.10704054439999999	0.0657439563	0.10768668810000001	0.0897029016	0.0285950783	-0.0635695842	0.0204408777	-0.0170460826	-0.0323158604	0.05191143610000002	0.0861428194	0.11972015050000001	0.038678742099999996	0.0434312507	-0.09650944480000001	-0.0099807242	-0.0349646787	0.0092565844	0.0069100073	-0.07113167349999999	-0.0254433235	-0.0705317574	-0.012419828400000001	-0.0891425552	0.0456337246	-0.0826954946	-0.0920830859	-0.0369943278	0.0439930031	0.0222051721	0.0189123707	0.0073171778000000005	0.0227368818	0.0999506318	0.0624769864	-0.0592004902	-0.2277785518	-0.057024263099999986	-0.0329402313	0.0028000039	-0.0170341499	-0.06511786509999999	-0.0053749515	0.0456748999	-0.12178445710000001	-6.01181e-05	0.05856299070000001	-0.0168442907	-0.0800848332	-0.0854795891	-0.0291318917	-0.0258013	-0.0044075000000000026	0.00066570708169	1.9426056250000016e-05	0.06585770000000002	-0.014015499999999972	0.004337236649290002	0.00019643424024999925	-0.127039	0.021153	0.016138907521000005	0.0004474494090000002	0.0011983600000000005	-6.084999999999945e-05	3.7027224999999328e-09	1.4360666896000014e-06	0.0009424390000000002	-0.00011993099999999976	1.4383444760999945e-08	8.881912687210005e-07	0.000100181	-7.7216e-05	1.0036232761000002e-08	5.9623106560000005e-09	0.0	0.0
5449.066594862154	-0.5884112600097069	29692326.75524263	0.3462278109062109	5492.260285990711	2.2005401304713814	30164923.04907077	4.842376865815004	4492.5212042672365	-2.5647565091840083	6.577975951401736	20182746.77079074	4472.546594240095	5152.405249927179	1.114862	25.251646	0.07439254999999997	0.0388962	0.113933218	0.0485507363	-0.042214644	0.0961993748	0.10890465070000001	0.012263773200000001	0.0794625094	-0.006655033100000001	0.0835694328	0.0605090804	-0.0006476041999999999	0.0258036089	0.1201848439	-0.0964126451	0.0271141127	0.09259677300000001	0.066084725	0.0713095451	-0.019701516000000002	-0.0674906794	-0.1103599276	-0.09580969730000001	-0.0655169779	-0.055405232	-0.030145527400000007	-0.028767467400000007	-0.0451993771	0.0222996223	-0.0690534629	0.027766151200000002	0.0842914738	-0.0496929165	0.0043816431	0.10677124660000001	0.1452123936	0.0376232288	-0.009134242800000001	0.042916293099999996	0.049723661399999994	0.0613792402	0.1252423716	0.0396067416	0.007387875699999998	-0.0049560313	0.0607912095	-0.07027940440000001	-0.0519305903	0.09110431349999999	-0.0559957772	0.0532945325	0.0442797704	-0.0338991207	0.0344668251	0.18108929140000002	0.031810026400000004	-0.0118991193	0.0235339576	0.0934864891	0.0378212461	0.06139442730000001	-0.0003515712	0.031729621	0.0111891401	0.1648444699	0.0407391683	-0.0211738783	0.0014753003	0.0022902298000000002	-0.054890769000000006	0.1683263282	0.0665522716	0.1312320729	-0.0426252913	0.0126853071	-0.09731643390000001	-0.0565493313	-0.0568146641	0.1051443948	-0.0346540452	0.0814719526	0.0150279907	0.0224579529	0.050192672599999995	0.0742330519	0.065645095	0.1007963233	0.0248895017	0.18526455690000002	-0.027298306	0.1561313564	0.1508076223	-0.0517173016	0.0606660944	0.0491284166	0.0038407732	-0.044866520800000004	0.0230376487	0.0167923743	-0.0586867303	-0.0271147029	0.0262755228	-0.069463947	-0.1088017396	-0.09165476480000001	0.0750574363	0.047022745	0.0473609045	0.0611878386	0.0383229421	0.009168998499999999	-0.06514780839999999	0.018070858000000002	0.07482452099999999	-0.0091309365	0.009124189	0.10947911869999999	0.0726991018	-0.12489512720000001	0.0602348693	0.0609906678	0.0159657754	-0.0280148233	-0.1174639298	-0.0424356588	0.058245513099999986	-0.0068788826	0.0464197682	0.0961096316	0.024042512400000004	-0.0805832745	-0.0043501693	-0.09102723089999999	-0.020144576799999998	0.0045013608000000005	0.015072367199999999	0.0758957892	0.1288789336	-0.0341364917	0.08427478460000001	-0.1305700708	0.0150974498	-0.09684110480000001	0.050306152300000004	-0.0789247466	-0.0031688909000000005	-0.09966492869999999	0.1226414443	0.0589322596	0.056870598499999994	-0.0216943939	0.0117206553	0.08019729240000001	0.12323581980000001	-0.1183148115	0.019945311599999998	0.0355379316	-0.1040479576	0.0612859124	0.045831548	0.1321462741	0.0010319233	0.0042099318	-0.0950092224	-0.0067743594999999995	-0.0086927059	0.010041065200000001	0.085341981	-0.027261446	-0.0517503431	0.0566667194	0.1816633632	-0.221249179	0.0844254302	-0.00015025719999999998	-0.0324859314	-0.0554473479	-0.0764650775	0.059580212	-0.0177866676	0.0099405349	0.0553435195	-0.049737041600000004	0.019385746399999997	0.0576269915	-0.0192170168	-0.0817880187	-0.0836128117	-0.023336071899999998	-0.0182088	0.0075924999999999986	0.00033156039744	5.7646056249999975e-05	0.07603170000000001	0.010173999999999987	0.00578081940489	0.00010351027599999975	-0.158882	-0.03184299999999998	0.025243489924	0.0010139766489999991	0.0013032400000000006	0.00010488000000000012	1.0999814400000026e-08	1.6984344976000015e-06	0.00108306	0.00014062099999999982	1.9774265640999962e-08	1.1730189636e-06	0.000350341	0.00025016	1.22738816281e-07	6.258002559999999e-08	0.0	0.0
5456.051263482464	6.984668620310004	29768495.38974859	48.785595735543254	5477.685110828525	-14.575175162186493	30005034.173392504	212.43573100841817	4487.486820256745	-5.034384010491522	25.345022365092696	20137537.961977992	4467.534015764079	5217.192175089796	1.120873	25.387802	0.0548428	0.033113	0.11236548019999999	0.006215095899999999	0.07030277780000001	0.1133618003	0.07447820200000001	-0.0243463061	-0.0453106616	0.0207124229	0.0779532517	-0.0312609431	-0.043817433899999994	0.0202855886	-0.0928791473	-0.053431166399999994	0.1009791857	0.0824587075	-0.0049418581	-0.0336188599	0.0810672846	-0.11822571400000001	-0.0846203243	-0.0667241601	0.0590313099	-0.1253723229	0.071568149	0.0495159293	0.052450783499999994	0.0379224279	0.021603266200000002	0.0653947762	0.011836431000000001	0.0107296908	-0.003759465	0.06374706179999999	-0.047787055700000004	0.0331346554	0.0006284267	0.0476768262	0.0765594037	0.024928025	0.070803786	0.0389419873	0.024082169599999998	0.0608511398	-0.0051634954	-0.1484127431	0.0757296991	0.059560983	-0.050610082800000004	-0.0254511505	0.09203137060000001	0.0124565692	0.0080682181	0.0499852994	-0.06980854759999999	0.0866260349	0.006866276	0.041104913300000004	0.1106867021	0.0579236842	-0.0853570779	0.17422396989999994	-0.037271314	0.0163987816	0.0313681717	0.0281058873	-0.0718107764	-0.0408884844	-0.0038284124	0.1196213027	-0.08014092169999999	-0.1549348044	-0.0065120785	0.0614924837	0.0682573646	0.0650481252	-0.0499688953	0.029751965	0.02640458	0.0342838093	-0.0088913152	0.0262201708	0.0021146028	0.0387529009	-0.003417362	-0.041669779	-0.1066430705	-0.0673882596	-0.0191371129	-0.08438753730000001	-0.0406354831	-0.023271432	-0.0050934110999999995	0.0198077052	0.1101779922	0.028478191899999998	-0.1126953137	0.12463385960000001	-0.006839097	0.0557753884	-0.1530342659	-0.1155101438	-0.08791762980000001	-0.0763405348	-0.0542861425	0.1324789842	-0.0638235726	-0.0632992795	0.0016870935000000001	0.0403367695	0.0058568437	0.0684685012	0.0376214437	-0.0206185985	-0.0068641334	0.0519581109	-0.049614060700000004	0.0139363449	0.0152501924	0.0952533993	0.0319874411	0.0132623468	-0.0166394144	-0.030612732	0.0441658458	-0.07203321480000001	-0.0378025715	0.14016232550000002	-0.10346880289999999	-0.06585714200000001	-0.0007124425	0.00030385009999999997	-0.0780571942	-0.023557102200000003	0.0112455733	-0.0181831064	0.0016881632999999998	0.0100874481	0.042190366900000005	-0.039371676800000005	-0.025238492799999998	-0.21980207	-0.08476966179999999	-0.041189120499999995	0.0868935507	-0.0296357573	0.0548642445	0.0133785154	-0.0829730158	-0.0081246268	0.0151665873	0.11611853550000001	0.0255425767	0.06596160849999999	0.1128622457	-0.05916866570000001	0.0660329453	-0.1251082362	0.0175627519	0.0373781622	-0.039064394100000004	0.0131291299	0.018692573400000002	-0.0394245821	0.0091341099	0.0473971968	0.026048123700000002	0.0397106758	0.08816797679999999	-0.0099163325	-0.032708072000000005	0.08193907219999999	0.018406302	-0.0505278299	0.052234681100000006	-0.0862763528	0.135190748	-0.0081352363	0.1389715029	0.0471538209	-0.0828200243	-0.0498231286	0.1038742631	0.0566809517	-0.0215763502	-0.0833629647	-0.0815129903	-0.0174386375	-0.021381	-0.0031721999999999996	0.000457147161	1.0062852839999999e-05	0.0918463	0.015814599999999998	0.008435742823690001	0.00025010157315999995	-0.131144	0.027737999999999985	0.017198748736000004	0.0007693966439999993	0.0011983600000000005	-0.00010488000000000012	1.0999814400000026e-08	1.4360666896000014e-06	0.00103978	-4.328000000000014e-05	1.873158400000012e-09	1.0811424483999998e-06	0.000336141	-1.4200000000000022e-05	1.12990771881e-07	2.0164000000000056e-10	0.0	0.0
5456.84522333024	0.7939598477760228	29777159.79138205	0.6303722398805253	5482.485105572508	4.7999947439830075	30057642.93282439	23.03994954226449	4490.7880910433805	3.3012707866355413	10.898388806693246	20167177.67865705	4470.559888693978	5272.902600776984	1.092048	24.734915	0.14093424999999998	0.0802796	0.1109878006	-0.0408168498	0.0862543013	-0.0017299873000000002	0.115732104	-0.033105082599999995	0.0186059071	0.050362121100000004	-0.012121256499999998	-0.0811501475	0.0513936059	-0.0023766059	0.024856467099999998	-0.09398653439999999	-0.0213635621	0.05797332490000001	-0.012637914299999999	-0.0749312261	-0.1080295549	-0.08778455289999999	-0.07071598679999999	0.0030801615000000003	0.10600068039999999	-0.011467273	-0.0429799896	-0.027672861400000002	-0.1904474393	-0.019177441200000003	0.1537404068	0.0150235914	-0.0651631507	0.0053297439	0.0651365486	-0.0080732646	-0.008940100999999999	0.0184622535	-0.0354291616	-0.0066820594999999995	0.013941764399999999	0.1001163818	0.029440782599999996	0.08402102730000001	0.0822992239	0.0479647337	0.0100428714	-0.07657623179999999	0.038871740099999996	-0.08718719119999999	-0.0277452584	0.0991373697	0.1185714655	0.026886268300000002	-0.1990987732	-0.0404408427	0.0692822971	0.0068622956	0.0546639286	-0.0192122961	-0.0893755342	9.54593e-05	0.10592953140000001	0.0204232574	-0.0606870525	-0.014674350400000001	-0.0625826057	0.0020867998999999997	-0.0762363484	0.15301262470000002	-0.043048146600000003	-0.094239719	0.0564468151	-0.082092257	0.0137892984	0.11908346630000001	0.0094378626	-0.019985937	-0.0017425919	-0.0218636031	-0.0875631446	0.004699807	0.058690148	-0.2200959024	-0.011557005	0.0015529153	0.10250100570000001	0.0046935679999999995	-0.1484760508	-0.0511336929	-0.0509904844	-0.0871950606	0.030211662599999998	-0.11160406699999999	0.0264887627	-0.0278024475	0.053379805999999995	0.0548212359	-0.013279516100000001	-0.0853585899	0.0716941689	-0.0368644462	-0.0113101782	-0.08563497810000001	-0.0721098666	-0.013319013300000002	-0.100534902	0.0108002432	0.0550773375	0.1007842009	0.1314325941	-0.057615370199999995	0.17710413739999994	0.0118333962	-0.03744726	-0.019395863500000003	0.057777860800000004	-0.0486584671	0.0171383033	0.0081019283	-0.0136838775	0.0434661999	0.0426335388	-0.0653445836	-0.0235932398	0.0094700115	0.11224537359999999	-0.0632444372	-0.0087007113	0.0584691522	-0.07076732919999999	0.0762474313	0.1143798058	-0.0161919835	-0.0368892263	-0.1708988879	-0.1682260207	-0.0056364672	0.029397339900000007	0.0647832692	-0.0672030473	0.0336155624	0.0253964793	0.0555945133	0.027799766	-0.033845576	0.0127457621	0.0857941383	0.0659033778	0.0598564019	-0.0072490551	0.1161233918	-0.06800308070000001	0.04465631690000001	-0.1281634266	0.027718390899999997	0.0560031104	-0.0897784854	-0.055064218899999996	-0.0205202149	-0.0525749557	-0.0770783672	0.089651724	-0.0552853903	0.0142505255	0.1949524408	0.0508208657	-0.05957563730000001	0.1349389395	-0.058763875599999994	0.123088968	0.035578326800000004	0.0635526065	0.0772606104	-0.0474226605	-0.057275354699999996	0.031225312400000007	-0.0479979888	0.0040907246	-0.1107723531	0.0372139723	-0.0387542542	-0.1131094666	0.0642276257	0.0344543412	0.0557250359	-0.0239206467	-0.084807202	-0.0791859776	-0.011465268300000001	-0.0192133	0.0021677000000000016	0.00036915089689	4.698923290000007e-06	0.0495857	-0.04226060000000001	0.0024587416444899995	0.0017859583123600007	-0.162487	-0.03134299999999998	0.026402025169	0.0009823836489999988	0.00233946	0.0011410999999999993	1.3021092099999985e-06	5.473073091599998e-06	0.0008827069999999998	-0.00015707299999999998	2.4671927328999992e-08	7.791716478489999e-07	0.000341227	5.086000000000012e-06	1.16435865529e-07	2.5867396000000122e-11	0.0	0.0
5457.189761480929	0.3445381506890044	29780920.092812274	0.1187065372801991	5476.137985518933	-6.3471200535741445	29988087.236443367	40.285932974483046	4493.006067993966	2.21797695058558	4.919421753328909	20187103.527030602	4472.773271132056	5311.0972333912405	1.057086	23.943012	0.14434779999999994	0.07524199999999999	0.10457708130000001	-0.0500205249	0.0219654747	-0.0623635252	0.061371326500000004	0.0702788319	0.059996000199999996	-0.015448051499999999	-0.08489837060000001	-0.0276811104	-0.0442183415	0.0142573609	-0.0539514996	-0.0576853325	0.034122820400000003	0.0386438461	0.0831360101	0.0057778829000000006	0.007629378199999998	-0.049395607599999995	-0.0956119034	0.044952424500000004	0.0745707203	-0.1112489533	-0.0107989221	0.022481119	-0.044508245599999996	-0.0204480785	-0.1291214508	0.063163891	-0.0619686645	-0.23394262010000005	0.0856404987	0.0835706941	-0.0151359592	0.013775325500000001	-0.014577203300000001	0.0021274041	0.0072025263	0.095919486	0.0154430186	-0.0159935185	0.038449081600000004	-0.0591394387	-0.13057423099999999	0.029316741	0.16140491029999998	-0.0346205318	-0.017134655500000002	-0.0504216529	-0.012310863200000001	-0.027486887400000003	0.08401606060000001	-0.1555472791	0.1566716068	-0.1820790123	0.0753261385	-0.0499957655	-0.0905466325	-0.0201895747	0.0446185068	-0.0281564287	0.1669343742	0.0139324673	-0.067196168	-0.0611824345	-0.1398768704	-0.0162180666	0.0038526297999999996	-0.060386435599999996	-0.0116189492	-0.15405425849999999	0.09061744460000001	0.034651432999999995	0.0385353865	0.0075955299	0.0612871287	0.0110161844	0.0188926459	-0.0127903622	-0.009568703000000001	0.04293894	0.055889184800000005	-0.0226677159	0.0857126498	0.0428984381	0.0350742235	-0.1145351942	-0.0089744775	0.1044186375	-0.1034149761	0.1152326255	0.0076947813	0.061912125	-0.052275744000000006	-0.0066382326	0.05091981190000002	-0.062040549199999996	-0.0705505265	0.0833945037	-0.0026110131	-0.0480222749	-0.0969112566	0.0389730027	-0.0796666493	0.1087973533	0.029009010699999997	0.0188115835	0.0458333307	-0.0295368418	-0.1457453503	0.053928171799999994	-0.0824445142	0.0522594788	0.2200887438	0.10378317779999999	-0.0075211162	-0.0198646142	0.0024592253	0.0112487142	0.039381848399999995	-0.042097823099999994	-0.03937686	0.0257100171	0.0427724947	0.081048629	-0.1321762466	-0.04894251	-0.1436329623	0.046666438600000006	0.0342572179	0.015160628700000001	0.0611458863	0.004955018	0.006283938100000001	0.1401795535	-0.18699071469999998	-0.0806276108	-0.1535693691	-0.0197991448	0.0448515918	0.0939654847	0.0140302249	-0.091454602	-0.172655964	-0.0208647184	-0.05123211230000002	0.10400797210000001	-0.016953096	-0.028518101400000002	-0.0296783728	0.0053576195999999994	-0.128049192	0.0747956737	-0.0084200619	-0.12747396800000002	0.0260822196	-0.12092810820000001	-0.025127386499999998	-0.0359785902	-0.0553275984	-0.0023691674	0.0302824073	-0.047146649299999996	-0.025510168599999997	-0.026173216200000002	0.042567308600000006	-0.085307335	-0.0065232898	-0.024925075499999998	-0.07970123400000001	0.019499031599999998	0.0612301418	0.1690825146	0.023377708900000002	0.0495021671	-0.0080797876	0.0358551087	-0.10062822519999999	-0.0085008641	0.0222242416	-0.08464394900000001	0.0244048392	0.0547594108	-0.026248272599999997	-0.0861184661	-0.0766382594	-0.0054419748	-0.00991225	0.00930105	9.82527000625e-05	8.65095311025e-05	0.106135	0.056549300000000004	0.011264638224999998	0.00319782333049	-0.141631	0.020855999999999986	0.020059340161000003	0.0004349727359999994	0.00154236	-0.0007970999999999997	6.353684099999997e-07	2.3788743696e-06	0.00103419	0.000151483	2.2947099288999997e-08	1.0695489561e-06	0.000545473	0.000204246	2.97540793729e-07	4.1716428516e-08	0.0	0.0
5451.015772307359	-6.173989173569679	29713572.94994359	38.11814231535561	5509.455039048937	33.31705353000325	30354094.82730172	1110.026055921102	4497.150260247276	4.144192253309484	17.174329432390337	20224360.46324214	4477.542878816901	5187.380168259557	1.168513	26.466837	0.07742494999999998	0.0437732	0.1058385646	0.0177598325	-0.0626604229	-0.0527579387	0.0739136079	-0.0692401495	-0.047354435300000004	-0.054607489599999996	-0.015064871100000004	0.0345170468	-0.0776316941	-0.0430975443	0.0121494455	-0.0178011124	-0.012243651000000001	0.0632951153	-0.011176791399999999	-0.0655772544	0.0332300406	-0.0035098940000000004	-0.12078819789999999	0.0991412369	-0.06469289	-0.1067256171	-0.010565311899999999	0.046297448899999996	-0.0389139322	0.015644603700000002	0.0212562473	0.0155727053	-0.1064064862	0.0123420629	0.0546833315	0.049130187199999995	-0.0604723326	-0.0027686851	0.0395639631	-0.098335133	0.0379311608	0.0076283603	-0.0477585741	0.0850740458	0.0157517049	-0.054112056500000005	0.016113393700000003	0.07655175780000001	0.010672353300000001	-0.011599227	0.06543573059999999	-0.10626983109999999	0.10783908369999999	-0.0246175889	0.0673805925	-0.0227761585	0.1588265866	0.0469631495	-0.0032849933	0.021916381000000002	-0.1131750592	0.046582112099999996	0.0022116218	-0.12142976970000001	0.0781473731	0.0491591103	0.1085968182	0.0456901667	0.08090493509999999	0.060889417	-0.1635282741	0.0262686606	-0.0039530681	0.074491864	-0.0093431457	-0.030816075800000002	0.1031858717	0.0320436741	0.035959266600000005	-0.026596072999999998	0.0443341689	-0.0265448581	0.1102266165	0.0497269764	-0.0794199514	-0.0201603162	-0.1634078296	-0.1012565661	0.0110672229	0.0079755358	0.1207156777	-0.10464307699999999	0.0579762488	-0.1521084027	-0.0965737871	-0.0630967619	0.0336178888	-0.0220463595	-0.0328288408	-0.013965658700000001	0.0498290602	-0.023942337299999998	-0.028039235899999997	-0.0085359903	-0.118308433	0.1084646999	0.0635880818	0.10141399289999999	0.018831171299999998	-0.0214749819	0.051899667999999996	-0.0044878691	0.0523891329	0.017399138	-0.0560597434	-0.0884932862	0.0582546013	0.0141638881	-0.0435917605	0.0398611257	0.0132852988	-0.025703603199999998	0.1286627985	-0.0081711396	0.047937674900000005	0.0172398144	0.0655982109	0.0344101377	0.0630287825	-0.0929362373	0.0002453996	0.015344713500000001	-0.0247286864	0.0388565747	-0.1106345381	0.0699925393	-0.0265781105	0.1294623225	-0.0710437702	0.05652390230000001	0.0643960022	-0.040503909399999996	0.0742162581	0.0855768816	0.0544024063	-0.029067051200000006	-0.0795580744	-0.1039864206	-0.04185643	-0.0373344491	0.10117548369999999	0.0741944052	-0.1169332416	0.0154227868	0.1225365616	-0.006460891	-0.0644071564	0.0206220566	0.12230406960000001	-0.0056737601	-0.0348915144	-0.0183533764	0.0168831644	-0.1033441907	-0.0226385611	0.045285409699999994	-0.0008024483	0.0319112663	-0.18429487670000005	0.0486710829	0.0319764646	-0.057774557699999986	-0.0603742415	-0.0254530579	-0.2006202682	-0.16977089999999995	-0.0757419843	0.0200059252	0.018793525800000002	-0.0235694852	0.0251679039	-0.066515911	0.0352979892	0.11755175529999999	0.054201647699999994	0.0537842446	-0.0285576056	-0.0872947008	-0.0738769366	0.0006050151999999999	-0.00825115	0.001661099999999999	6.808147632250001e-05	2.7592532099999956e-06	0.06950480000000002	-0.03663019999999997	0.004830917223040003	0.001341771552039998	-0.136059	0.005572000000000021	0.018512051481	3.1047184000000237e-05	0.00198882	0.0004464600000000001	1.9932653160000006e-07	3.9554049924e-06	0.000929778	-0.00010441199999999992	1.0901865743999981e-08	8.64487129284e-07	0.000425112	-0.00012036100000000005	1.80720212544e-07	1.4486770321000007e-08	0.0	0.0
5450.694569298045	-0.3212030093136491	29710071.287775204	0.10317137319214413	5501.479116833164	-7.975922215772696	30266272.47295141	63.61533519205646	4498.145976553399	0.9957163061235406	0.9914509622803084	20233317.226383533	4477.912558636052	5194.497505279354	1.1277620000000002	25.543823	0.181639859	0.0914221	0.0656810532	0.0482580163	-0.0631582004	0.0116841784	0.0446535954	0.0713481161	0.0517845	-0.0008292047	0.0339153897	0.055108912	-0.0894985592	0.012721331499999999	0.1094878727	-0.0089400105	0.0101022152	0.0089832002	0.0511762241	0.0506085557	-0.019935021100000002	0.0119494598	-0.047733789299999996	-0.05532479059999999	-0.1123699136	-0.0604500489	-0.11110414800000001	-0.0376599042	-0.04177113	-0.0020106891	1.2687799999999999e-05	0.066608193	0.060977667699999995	-0.0064049381	-0.044358448200000004	0.0407704553	0.0713560904	0.0350046148	0.1562258127	0.0467606263	0.0837976835	-0.0128676636	-0.0764988612	-0.0468502	-0.07025489230000001	-0.0136995266	0.1147480639	0.0587323666	0.046688235599999996	-0.0414489495	0.0626613988	0.1279936173	0.0673456961	0.0698731732	0.0197442298	0.1765151409	0.024248678500000002	-0.030575081299999998	-0.0112886889	-0.031276649100000005	0.0121846061	-0.11904354240000001	0.0579735625	-0.0122570392	-0.1194459686	0.0008082275	0.0902730146	-0.045401589299999996	0.1554717806	-0.0712729941	-0.0307126131	0.0933010405	0.0714328632	0.0171338891	0.0631943814	-0.06675642429999999	0.050694200300000006	-0.0254944335	0.0398693269	-0.11300867740000001	-0.005665639	0.035583297400000005	-0.014640542099999999	-0.0967070607	0.0146807702	-0.0393974987	0.0640383656	-0.1097972927	0.044750100300000005	-0.026085559300000002	-0.0001140203	0.1182166624	-0.0992564474	-0.0009309835000000001	-0.0803172809	0.0307068896	0.0254981885	-0.0327166161	0.10754699960000001	0.044423367400000004	0.0017915335	0.0296862429	0.0147966469	0.0090327484	-0.0434854649	-0.0361212576	0.1189328981	0.0425524208	0.1212085747	0.0633605655	0.021027129300000003	-0.0084179443	-0.0036385594	0.0682462458	0.0670738625	0.016549525500000002	-0.0423600246	0.046781297400000005	0.033893354199999996	-0.0709536645	0.168124721	0.06265234559999999	0.0348849765	0.0487190501	0.073380264	0.006204213	-0.0955864353	0.0465494445	0.1195341226	-0.0378919282	-0.050366000999999994	0.0512189479	-0.0446369171	-0.0515034235	-0.0537110393	-0.0932158059	0.0665902091	0.0286408511	0.16977067899999998	-0.018247406299999998	-0.0108144969	0.06665026269999999	0.0090067009	0.0395761675	0.11937889230000001	0.0029951652000000002	0.1104730658	-0.046075951600000005	0.019772760900000002	-0.11003114720000001	0.0451546182	-0.0734929478	0.1052733545	0.0780089895	0.0534556784	-0.024739538999999998	-0.1365965885	-0.0252375969	0.0301248939	0.06879905509999999	0.014403348	-0.07130280530000001	0.0053266334	0.016233298700000003	0.0265935154	0.1172633149	-0.0563533663	0.0874094704	-0.041591587	-0.08077179179999999	-0.017455810800000002	0.0343136839	-0.0254373012	-0.010179719	-0.043515477000000004	0.1453310366	0.0358806921	-0.019903594099999998	0.10949158880000001	0.08781070810000001	-0.043429782800000004	0.049169935	0.042169275	0.056230720199999994	0.0360197915	0.0527997072	-0.0308470363	-0.08833406210000001	-0.0709097055	0.006649370799999999	-0.000343941	0.007907209	1.1829541148099999e-07	6.252395416968101e-05	0.12569	0.056185199999999984	0.0157979761	0.003156776699039997	-0.189689	-0.05363000000000001	0.035981916721	0.002876176900000001	0.00244541	0.00045658999999999983	2.0847442809999982e-07	5.9800300681e-06	0.00156822	0.0006384419999999999	4.0760818736399994e-07	2.4593139684e-06	0.0006084290000000001	0.00018331700000000006	3.701858480410001e-07	3.360512248900004e-08	0.0	0.0
5449.166280733056	-1.5282885649894524	29693413.155078124	2.33566593787752	5492.804798341447	-8.674318491716804	30170904.552682824	75.24380129574008	4493.598221550193	-4.547755003206476	20.682075569189532	20192424.97671905	4473.560074771002	5162.5305425574215	1.254875	28.422939000000003	0.07781415100000001	0.041443699999999986	-0.0009296416	0.0708008895	0.0665911215	0.0727512739	-0.049417752300000006	0.0342057058	-0.050058093399999996	0.0829249001	0.0812193736	0.0058165308	-0.0460490639	-0.0815835245	-0.1311868552	0.0212537141	-0.05097450110000002	0.0118564122	0.056430713099999995	0.0086875942	0.10605234039999999	-0.0004028652	-0.025229766400000003	-0.0379198983	0.0278487761	-0.05832688990000001	0.09072721339999999	0.041295587200000004	0.12133864330000001	-0.0352180057	-0.0575151176	-0.0079265473	0.0791816575	0.16184376960000002	0.0473766053	-0.008231355899999999	0.0160146548	-0.009115145699999999	0.0350893936	-0.0147796145	-0.0182850842	-0.028522989300000006	-0.0359037402	0.09102151630000001	-0.0809282624	0.0327076735	-0.032653119	-0.1842165685	0.0301635111	-0.025612340499999997	0.118133426	0.0458662064	0.0326869598	-0.0007294004	0.0025101529	-0.036471023	0.026949121	0.0808570392	-0.0694649766	-0.051810037	0.0183454934	0.0149415086	-0.0075076356000000006	-0.00932953	-0.0716098863	-0.1614032151	-0.041975197	0.0015758285	-0.012882723700000001	-0.1033880477	-0.0487451017	0.1313161068	-0.0016541939999999999	-0.0546587732	-0.021509125	-0.0588264162	0.0627342124	-0.050985997699999994	0.013678176499999998	-0.0464743781	0.0774260615	-0.0724931095	0.0482504195	-0.07455469099999999	0.1350766565	0.0366529285	0.1472298864	0.0068830170999999996	-0.007016437800000001	0.1279785897	0.1797374073	0.0273670648	-0.009365636	0.1345954385	0.044572681100000004	-0.0600183612	-0.0527488383	0.0478056604	-0.0488712441	-0.07885267950000001	-0.027374525	-0.0497747192	-0.0768103245	0.0006350432	-0.0254064058	-0.0507699609	-0.0258614616	0.0664288697	-0.0928445298	-0.0761539398	-0.0664765012	-0.0092147351	-0.0621891588	-0.0089567198	0.1130934024	-0.1342683627	-0.0863879431	-0.06274034860000001	-0.0014852543	-0.0036415552000000004	-0.0192851413	-0.0338220102	-0.0251667413	0.008724446700000001	0.10917912460000001	-0.0799094059	0.028984143599999998	-0.058181848499999994	-0.022567233500000002	0.11093533779999999	-0.0300132938	0.07897294839999999	-0.12692883800000002	-0.0354741375	-0.0331284254	-0.0827398198	-0.021881463700000003	0.051061986100000005	-0.050582049000000004	0.029456506099999998	0.0443164299	0.0812446209	0.037324089500000004	-0.0357204527	-0.0203749457	0.019754783300000002	0.0082183579	0.11332333509999999	-0.0744746016	-0.07070184809999999	-0.10629937240000001	-0.08708971210000001	0.0427618654	0.1083357875	0.0758410008	0.0014029357000000001	-0.0050623486	-0.0468375794	0.1014178077	0.0840512823	0.0167398979	-0.021617231299999998	-0.019987961000000002	-0.1492559471	0.027238217999999998	0.0030826557	-0.0750410449	0.0218519496	0.07924766230000001	-0.10172951699999999	-0.0391471629	0.16785587030000002	-0.11213886740000001	-0.1248997755	0.13676620539999998	-0.0463947813	-0.042080832400000004	0.09220620560000001	-0.0535780097	-0.10758437259999999	-0.0157264222	-0.062044557199999996	0.017994815	-0.0039070122	0.022702179	0.051805970199999996	-0.0331149692	-0.0892349201	-0.0677448364	0.0126647723	0.00488851	0.005232451000000001	2.3897530020100005e-05	2.737854346740101e-05	0.128672	0.0029820000000000124	0.016556483584	8.892324000000075e-06	-0.184917	0.004771999999999999	0.034194296889	2.2771983999999984e-05	0.00301929	0.0005738800000000001	3.2933825440000017e-07	9.1161121041e-06	0.00210546	0.00053724	2.8862681760000003e-07	4.4329618116e-06	0.000793863	0.00018543399999999995	6.30218462769e-07	3.438576835599998e-08	0.0	0.0
5452.864604082209	3.698323349152816	29733732.390452623	13.677595594888894	5483.421430071272	-9.383368270175195	30067910.579764877	88.04760009373068	4488.671715796051	-4.9265057541415445	24.270458945589752	20148173.772187464	4468.450978903779	5219.494151500682	1.223479	27.711828000000004	0.05374237	0.0307687	0.043457533799999996	0.011203796799999999	0.0793901978	-0.068393644	0.0400060356	-0.0407311661	0.0235577897	0.0565285919	-0.0460379328	-0.07437571009999999	0.0330909076	-0.0338470171	0.08178254230000001	-0.020271213700000002	-0.0404498721	-0.007641674399999999	0.0736787652	-0.0478876137	-0.0086201154	-0.0492896571	-0.0007421702000000001	0.0020318522	0.0864055319	-0.0124365702	-0.0633147792	-0.08692622720000001	-0.026422818100000002	-0.021003396400000002	-0.012098784199999999	0.1155590566	0.08563014279999999	0.1161485232	0.0887816084	0.0597289014	0.0947509992	0.0859930168	0.0693506795	-0.029240082200000007	0.0733806714	-0.1158999525	-0.13266986990000001	0.1102723805	0.0370778886	0.0331236904	0.064768132	0.038683624900000005	-0.171619018	0.056987728200000004	0.0610041828	-0.1283893252	-0.0923868417	-0.026468074900000003	0.1818662649	-0.0872239042	-0.0052384764	-0.0295622132	0.0360083869	0.0014190116	-0.0462692677	-0.0918318336	0.0041837935	0.0217097382	0.017483391	-0.022536156499999998	-0.07801132919999999	0.066424477	3.49761e-05	0.0589079886	-0.12514926140000002	0.0877514824	-0.008253083	-0.0718895764	0.051159955099999994	-0.21899300230000002	-0.0669519943	-0.0065770018	0.0447600666	-0.0458443864	-0.0940351845	0.11213130000000003	-0.0637800219	0.1051920583	0.0483319096	-0.0790122874	0.0921589269	-0.0369953598	0.0073316434	0.0196150927	-0.004387572100000001	-0.017320783	-0.059415147	-0.0630150541	0.016383415800000002	0.0686921542	-0.078176466	0.13711630630000002	-0.0199103971	-0.0033105683	0.08770705179999999	-0.0485527739	0.023929406	-0.0456426599	0.0001975996	-0.0106123175	-0.0991187882	0.0075293043	0.0688686846	0.0885477508	-0.019817648400000002	-0.014692706299999999	0.0048251344	0.1174555689	0.1010419945	-0.12006099960000001	-0.0390815523	-0.0130453219	0.0450542637	-0.1192952684	-0.0108120278	0.0237368273	0.065109079	0.1133143319	0.1170035119	0.035938168	0.0601023279	-0.0484215869	0.0535611652	-0.0391543336	0.22606538629999998	-0.0256826602	-0.0794572207	0.0604227778	-0.0004675072	0.1280199021	0.1397562359	0.049434195599999994	-0.1119323228	-0.0067272871	-0.0608923345	0.017107271599999998	-0.0885844108	0.0745850939	0.0165565305	0.0039982298	-0.0912893131	0.0319905258	0.023060832599999997	-0.030938269100000002	-0.014190541000000001	0.0541875454	-0.0285910867	0.212150785	0.0242481534	0.14676280349999998	-0.0784880004	0.042245400499999995	0.0206814827	0.08124174940000001	0.059397526	0.0177258875	-0.05632421360000001	0.1843467477	-0.0767936361	-0.0126079192	-0.047912320099999996	-0.0662205617	-0.040841974100000004	-0.0984455209	-0.0411609928	0.0630466568	-0.018265435	0.0495382812	-0.0505207754	0.083425581	-0.0002892282	-0.05563219639999999	-0.0678428247	-0.1174649355	0.0489867308	-0.029861089500000007	-0.0144657413	0.0637344511	-0.0233687635	0.050803206600000005	-0.0353598238	-0.0899958625	-0.0643911502	0.018625026399999998	0.00124584	-0.0036426700000000006	1.5521173056e-06	1.3269044728900005e-05	0.106404	-0.02226800000000001	0.011321811216	0.0004958638240000004	-0.190962	-0.006044999999999996	0.036466485444	3.654202499999994e-05	0.00301929	0.0	0.0	9.1161121041e-06	0.00170641	-0.00039905	1.5924090249999998e-07	2.9118350881e-06	0.0007571789999999998	-3.668400000000026e-05	5.733200380409996e-07	1.3457158560000192e-09	0.0	0.0
5461.056431959195	8.191827876986281	29823137.35304289	67.10604396616955	5484.844264518194	1.4228344469220249	30083516.60601813	2.0244578633479042	4491.914732324259	3.2430165282075905	10.517156202227612	20177297.96247172	4472.016275744019	5226.017792295007	1.169812	26.496252	0.14276371	0.068289	-0.0120362255	-0.0042091827	-0.0314006701	-0.06706184059999999	-0.0207536178	-0.0414304934	-0.008080899499999999	-0.1226543218	-0.0685992738	-0.045453411799999996	0.0188944918	-0.056242771	-0.022697178399999997	-0.0192957806	0.030515577599999996	0.0278168909	0.026668621400000002	-0.0097875142	0.0730110857	-0.0499039649	0.0191174046	0.0846127951	0.0484055109	0.0232735893	-0.0695849136	-0.0117963705	0.09162236609999999	-0.0018585467000000002	-0.03459042	-0.0157236446	0.0789813594	-0.09036582609999999	-0.0480353908	0.12350511509999999	0.0546752647	0.0512085005	0.1521931322	0.11351663109999999	-0.046373224000000005	0.06751683809999999	0.0592582165	-0.0013078261999999998	-0.052700623700000004	0.11060187949999999	-0.021176902	-0.0641237429	-0.0611070557	0.043436595099999996	-0.0686035254	-0.0484552632	-0.0979660046	0.028813227400000002	-0.0755063237	0.0355361531	-0.0116535709	-0.0174706555	-0.1979024556	0.1364890155	0.0737496552	0.0300747985	-0.005507988	-0.0432714055	-0.086302505	-0.09518524369999999	-0.0405013675	-0.0893348985	-0.0244665925	-0.0565864055	-0.0150031367	-0.0959785591	-0.062471914	-0.0184437237	-0.0085146525	-0.016809409299999998	-0.013080644099999999	0.024200230299999997	-0.038445030299999995	0.0528973426	0.0048691004	-0.0008553217	-0.017503832900000002	-0.010774588100000001	0.018357977	0.1346181797	-0.06267853429999999	-0.0515699851	0.026137685	-0.0772004127	-0.0047796632	0.0016343635999999998	0.014644059099999999	0.0103872546	0.0682365756	-0.024393264799999998	0.053191682000000004	0.051477975700000005	-0.058164873799999996	-0.11138616330000001	-0.0043654832	-0.0807386727	0.0043654471	-0.0499323176	0.020373432	0.0819502276	-0.0501508408	-0.0228117023	0.0594453383	-0.034359891000000004	-0.0763929367	0.030494305099999997	-0.0324488474	-0.006802208499999999	0.0614806172	0.0343707402	0.014562861000000003	0.1082440556	-0.0496220317	-0.1333770731	0.18970297690000001	0.0331934879	-0.08900955	-0.0371029895	-0.0096857683	-0.059637822199999996	-0.0413581691	-0.1104133977	-0.0777206025	0.0779607378	0.0521594295	-0.0220215539	0.0514383874	0.0627476776	0.10541654210000001	0.021162654700000002	-0.050077208600000006	-0.022232803199999998	0.014775390800000001	-0.0889336303	0.18328953879999998	0.020958572800000002	-0.0721473395	-0.014190610400000001	0.032248118900000004	-0.0028191965	0.09037050349999999	0.1346030091	-0.064200297	0.049624351500000004	0.0036702909999999996	-0.10797271259999999	-0.0166950957	-0.0537282714	-0.0350503459	0.0277961948	0.0302269575	0.0077418773	0.0323003579	-0.039215950299999996	0.0532245389	0.0348918333	-0.016891195300000002	-0.0235442446	-0.0231130998	-0.0331667129	-0.013246053	0.0774402827	0.0999961019	0.0680878058	0.002875789	-0.1210607397	-0.0289331907	0.0424429233	0.0348206084	-0.0072617851	-0.0736744162	-0.010922979499999999	0.0151498517	-0.0992108028	0.0015875675	-0.1193365644	0.0331773618	0.0517982054	0.0175301554	0.0497915913	-0.0375800356	-0.09061569609999999	-0.060857994400000004	0.024504179700000003	0.0159615	0.01471566	0.00025476948225	0.0002165506492356	0.155406	0.04900199999999999	0.024151024836	0.0024011960039999987	-0.213069	-0.022107000000000016	0.045398398761000006	0.0004887194490000007	0.00324113	0.00022184000000000009	4.921298560000003e-08	1.05049236769e-05	0.00212318	0.00041677000000000017	1.736972329000001e-07	4.5078933124e-06	0.00125735	0.0005001710000000002	1.5809290225e-06	2.501710292410002e-07	0.0	0.0
5462.637872985627	1.5814410264320031	29840412.531376936	2.5009557200823083	5501.414012095575	16.56974757738135	30265556.13248153	274.55653477813513	4489.933695253078	-1.9810370711802532	3.924507877390437	20159504.587768964	4469.988835449874	5247.1369916253225	1.154799	26.156212	0.1210599	0.0658078	0.006771951899999999	0.0015881173	-0.0960073304	0.006178818000000001	0.0589379687	-0.027793167599999998	0.049787619500000005	-0.0813463695	0.02887516	-0.0245686634	-0.0660591658	-0.0372916757	0.0801565473	0.0389805266	-0.0024042734	0.0084111202	-0.065426791	0.0096938898	-0.026675886200000002	-0.044133507999999995	0.046622104000000004	-0.0321102484	-0.0813717021	-0.007313523499999999	-0.1663526764	-0.0513914742	0.0072595916	-0.11851460119999999	0.025267318100000002	0.0317420442	0.0760665546	-0.0302796671	0.0763467068	0.0499570807	0.0441116037	0.040237986600000004	0.0031566833	0.0782712584	-0.041092889199999996	-0.0188811802	-0.0081990562	-0.0283833784	0.014943978799999999	-0.0588380133	0.0234112289	-0.0375996581	-0.1863379111	-0.0338531151	-0.046233758	-0.043878539400000006	-0.0066903746	0.0159046466	-0.1395125036	-0.06099339030000001	-0.0184980418	-0.08036414019999999	-0.026012482000000003	-0.0953257944	-0.0926658958	-0.07545829400000001	-0.0381297652	0.0092083538	-0.0217098084	0.045148321799999995	0.0448320396	0.0096441992	-0.0637709183	-0.018861714499999998	-0.008539157700000001	-0.0417261788	-0.0189644232	0.0287162099	-0.0523071481	0.0462724433	-0.0348794219	-0.0458782399	-0.0118383106	-0.0528449551	0.1370297522	-0.0758301997	0.0572065833	0.0393974022	0.1240792687	-0.0181706149	0.0071319897999999994	0.069050618	-0.11311922529999999	0.0363471385	-0.09172023720000001	-0.0911182745	-0.013812154299999999	-0.0682581624	-0.0364602679	0.0714656421	-0.0169295992	0.024994825499999998	0.025994964500000002	-0.0814183351	-0.010541441200000001	0.0160465854	0.11085286130000001	-0.0474728564	0.0468301484	-0.017567748	0.0861985957	-0.0087083211	0.1421845559	0.019862093	-0.0752307053	-0.10996284029999999	0.034295418700000004	0.0402344777	0.06758795150000001	-0.0275995487	0.0712748148	0.0300147189	0.0212984981	-0.0821395041	0.0008950007000000002	0.016396565	-0.0821422217	0.0408475361	-0.0364323443	-0.0103621797	0.0138389225	0.0615710017	0.0128753758	0.0625291658	0.1832204114	0.0275987254	0.1100601752	0.050737414800000005	0.0040385512	-0.023953437299999998	-0.09951666349999999	-0.0787562294	-0.0106220847	-0.021470471600000002	-0.0775740191	0.0594864525	0.0245656599	0.1167393763	-0.0663530643	-0.0385573566	0.0422835342	-0.1031232252	-0.0344864713	0.041185930499999995	-0.021559983300000002	-0.01390649	-0.0370627716	-0.025128002200000003	0.007807735	-0.027276378700000003	0.0613633501	0.0008025552	-0.0371708606	0.0348116133	-0.026323531299999998	-0.045757262699999995	-0.023898037799999997	-0.13126336119999998	-0.033956870800000004	-0.0694320141	-0.12785248789999998	-0.100028719	0.0238023641	0.070684904	0.0407131921	0.1137285289	0.0685753283	0.1105992991	-0.0536273326	0.0304205717	0.0658665156	-0.0552820398	-0.0573232596	-0.0427905888	-0.0522041329	-0.060643347199999996	0.0227656702	0.0274028249	-0.0765439312	0.048771300499999996	-0.039774057200000004	-0.09109344890000001	-0.057155216399999986	0.030276632	0.017965900000000003	0.0020044000000000034	0.00032277356281000015	4.017619360000014e-06	0.127866	-0.02753999999999998	0.016349713956000003	0.0007584515999999991	-0.239466	-0.026396999999999976	0.057343965156	0.0006968016089999987	0.00423442	0.00099329	9.866250241e-07	1.7930312736400002e-05	0.00188452	-0.0002386600000000001	5.695859560000006e-08	3.5514156304e-06	0.00132777	7.042000000000007e-05	1.7629731729e-06	4.9589764000000114e-09	0.0	0.0
5466.501174275185	3.863301289557967	29882635.088351976	14.925096853900248	5489.698710497251	-11.715301598324006	30136791.932035185	137.24829153969296	4497.078472171231	7.144776918152274	51.047837210161504	20223714.78486593	4477.201282012271	5216.089872080151	1.176069	26.637991	0.12977106000000002	0.0573014	-0.0530294404	0.0293944421	-0.0536540582	0.1195440131	0.0073279586	0.0230714633	0.067661371	-0.041499932	0.09371767240000001	-0.056389907	-0.08968203710000001	-0.0401568437	0.0638911687	0.09557487960000001	0.0172710238	-0.0285613745	0.11351841720000001	0.07144737820000001	0.0472056536	0.0164911854	0.0150065793	-0.0819074659	-0.0377186027	0.0013542541	-0.1000919728	0.0354533064	0.0076897456999999985	-0.052062152800000004	-0.0975272119	-0.0001448304	-0.060810074400000004	-0.0309528205	0.0634187211	-0.0238645987	0.0100483558	-0.0171010371	0.034194816499999996	0.0326153233	-0.044489250300000005	-0.10959739140000001	-0.0180654999	-0.0359683856	-0.037073652	0.061377033899999996	-0.0914528988	0.0069089934	-0.1342418801	0.0652746928	0.011570968000000001	-0.0032499194	0.014212517	-0.0005103156	-0.0569566133	0.0505772329	0.061771066799999996	-0.0885745215	0.0725513515	0.032925161200000004	0.0437232308	0.0504663972	-0.0652560747	0.11153865660000001	0.0275134313	0.017865558	0.1278326617	0.049868313899999996	-0.007624240999999999	0.0666907586	0.0196073718	0.0043504042	-0.043726901	0.021528460299999996	0.0453284412	0.074262479	-0.0047656864	0.0837012939	-0.1029637555	-0.07051642450000001	-0.0410754898	0.045503178899999996	-0.0286407756	-0.0252529055	-0.024231102	-0.0335848184	-0.0791800938	-0.0222718989	0.0086954062	-0.06412503139999999	-0.0146669466	-0.06959389469999999	-0.0208843678	-0.11305320460000001	-0.0434778498	-0.0702025869	-0.0797333023	0.1392213963	-0.0660960429	0.054549236900000006	0.0623448786	0.01898685	0.012379876000000001	0.0143220597	0.0158808975	-0.0781746804	0.0583827987	-0.0110148792	0.09809141099999999	-0.0426908652	-0.0061046117	-0.0483090642	-0.1064873974	-0.0126048709	-0.035856990899999996	-0.022512922799999998	0.0658812058	-0.028046259700000003	0.021167171600000003	0.005112930999999999	0.0110227725	-0.0124641218	-0.074021332	0.0898520628	0.0540202908	-0.011582581699999999	-0.0738279795	-0.06765249429999999	-0.062197145599999996	-0.042399643	0.1345947625	-0.0457834196	-0.0145373102	-0.0171953846	0.0003675404	-0.0299489696	-0.08616767300000001	0.0866381277	0.0226140524	-0.0510407467	-0.0522837258	-0.113472935	-0.013532292900000001	-0.11469678369999999	-0.0564293812	-0.0637553857	0.1056231957	-0.1079536441	-0.0422526058	0.0061978603	0.027830784700000003	0.09377743599999999	-0.0241771317	-0.0218928225	0.040344754100000005	0.030347175499999997	0.0155325139	0.0005943532	-0.0356333464	-0.0927151581	0.0716417372	-0.0208748053	0.074155395	0.0594427575	0.0481485152	0.0771330119	-0.017638421	-0.047430586	-0.0243974885	0.042035707699999994	-0.0020137101	-0.0485326146	-0.013347422900000001	0.08253134690000001	-0.1466206632	-0.0267686623	-0.0574964984	0.0387769731	-0.021571464900000004	-0.134472747	0.1146355107	0.0630880381	0.0635679089	0.0626329053	-0.0253601454	0.047742511900000006	-0.0419403596	-0.091428372	-0.0532931366	0.035917247799999996	0.00598434	-0.011981560000000002	3.58123252356e-05	0.00014355778003360004	0.165459	0.03759299999999999	0.027376680680999996	0.001413233648999999	-0.25502	-0.015553999999999985	0.06503520039999998	0.0002419269159999995	0.00370013	-0.0005342900000000002	2.8546580410000023e-07	1.36909620169e-05	0.00241023	0.0005257100000000002	2.763710041000002e-07	5.809208652900001e-06	0.00109492	-0.00023284999999999994	1.1988498064000002e-06	5.421912249999998e-08	0.0	0.0
5476.990051841059	10.488877565873736	29997420.02796592	110.01655259188936	5487.92075929985	-1.7779511974013076	30117274.260354243	3.161110460340744	4501.121356934713	4.042884763482107	16.34491721079577	20260093.46985379	4481.144022235404	5338.234624690354	1.2661360000000002	28.677996000000004	0.08081232999999997	0.0421352	-0.0534382029	-0.0596990339	0.0842812241	0.0318466871	0.0395466817	-0.0243207386	-0.08725812880000001	0.0608573238	0.0651336441	-0.10152807650000001	-0.046602789299999996	0.0169224488	0.053174342	0.0290403971	-0.0811523839	0.0074874088	-0.0124773212	0.0184832169	0.0522060467	0.10173870859999999	0.023687887999999997	-0.0565282765	0.0331347179	0.0476384658	0.007771044	0.060319486799999995	0.0373223423	-0.13401272949999998	0.0008254810000000001	0.0463024326	-0.0141454589	0.031779610699999995	0.07186059809999999	0.043559014900000005	0.016900201299999997	0.022650599100000002	0.0891406553	0.0531393534	-0.0035060359999999997	-0.09119059789999999	0.0444645953	-0.0543592357	0.1286164951	-0.0001542722	0.0401564533	-0.0887402592	0.0091840568	-0.0064711471	-0.017953808300000002	0.0681414143	-0.0669744958	-0.0090339923	0.0852238765	0.0040718795	-0.0405705274	-0.09981642810000001	0.0929778944	-0.034344633799999996	0.0089034098	0.0655892635	-0.060009154599999996	-0.043350362999999996	-0.023456867200000002	-0.06399453990000001	-0.0341580569	0.021364409100000002	0.0396601319	-0.0254431946	0.0392011837	-0.0806811529	-0.09675941019999999	0.0914568897	-0.12376790689999999	0.018730614399999998	0.024702068799999997	-0.0499725417	-0.0995555882	0.023232089900000003	0.036303649199999996	-0.027901907099999998	-0.058593417099999996	-0.0328188941	0.0483332896	0.0048797639	-0.0752955584	0.0297810754	-0.0545034966	0.0699849805	0.0401975802	-0.0054562587	-0.1235566717	0.0252882014	-0.034164416499999996	0.0639891822	0.025225141200000002	0.0691807909	-0.0183108252	-0.1400717973	0.084150379	0.0527962776	-0.0610070154	0.1028829217	0.0189034122	-0.06549401099999999	-0.0215305492	-0.0460945884	-0.015603281	-0.06925802589999999	-0.015822498	-0.104472176	0.0043828773	0.0661535041	0.00032199189999999997	-0.0943055955	0.035253732	3.86872e-05	0.0082232358	-0.0357812911	0.0721751196	0.0089000143	-0.068675764	0.11652828009999999	-0.046438111399999996	0.1361813404	0.0202061077	-0.0138397592	-0.005306654300000001	0.1063507351	0.010089580899999999	-0.0018803548000000002	-0.0164747281	-0.029520542799999997	0.07316830099999999	-0.014334871	0.1001952127	0.019338363600000002	0.0026732183000000003	-0.0384984738	-0.0877023016	-0.0752433296	0.0703273202	0.0132398	-0.0595810299	0.08897844740000001	0.0089830262	0.045462065	0.0024345237	-0.0329892519	-0.0013484047000000001	-0.0345708054	-0.0086681926	-0.1543018773	0.046563514900000005	0.0085152333	0.1211561427	0.0101093811	-0.0042975613	0.051717598600000005	0.0018935804	0.0774409637	0.059316719800000015	-0.0181101502	0.0501890708	-0.0110933229	-0.0454484661	-0.0080609957	-0.0002354772	0.1255003663	-0.0039046859999999997	0.11486059300000001	-0.08386925	0.0184367034	-0.0222588788	0.0697165406	0.0070245755000000005	-0.0090301534	0.026079817400000004	-0.1099280564	-0.0213482766	-0.1398333515	-0.06041379190000001	0.0080197175	0.0651092541	0.0467054048	-0.044077433099999994	-0.0916199402	-0.049282519299999994	0.0414014655	0.00438351	-0.00160083	1.92151599201e-05	2.5626566889000005e-06	0.136571	-0.028888	0.018651638041	0.0008345165439999999	-0.261469	-0.006449000000000038	0.06836603796099999	4.158960100000049e-05	0.00417531	0.00047518	2.257960324e-07	1.74332135961e-05	0.00251776	0.00010752999999999978	1.1562700899999952e-08	6.3391154176e-06	0.0008001399999999999	-0.00029478000000000024	6.402240195999997e-07	8.689524840000014e-08	0.0	0.0
5478.035991908483	1.0459400674244534	30008878.32864476	1.0939906246438702	5483.311343878624	-4.609415421226004	30066703.293908004	21.246710525436093	4503.742013994914	2.620657060200756	6.867843427180069	20283692.12862296	4483.177309163971	5394.532957012162	1.179202	26.708952000000004	0.13789548999999998	0.0725615	-0.0648661704	-0.1173835523	-0.0021879716	-0.057034142999999995	0.0098903866	0.12695157880000002	-0.0351699324	0.0255077106	-0.1012548899	-0.11299321710000006	-0.1178106248	-0.033439301	-0.082644417	0.0404004629	-0.0861555584	-0.046205740999999995	0.1053930456	0.1071074544	0.0387272338	0.14628387199999998	0.0230884693	0.046439134699999995	0.08142499	-0.014483041299999999	0.0026028613000000003	0.021544621200000003	0.0953795563	0.0149017853	-0.0925310811	-0.0025612992	0.05783061780000001	0.0307064902	-0.1149459877	0.011726648000000001	0.0002759447	0.0543659869	0.0167766121	0.0195969366	0.0050012278999999995	-0.0339278617	-0.0811336975	0.042786158600000006	-0.0859425432	0.10216208310000001	-0.07076763009999999	-0.046130587800000004	-0.0191261931	0.0054400814	-0.0060193917000000005	0.019728336000000003	0.1289823463	0.0111949848	0.0160304249	-0.0150371321	0.1350864307	0.0324599194	0.1559959991	0.0195812454	-0.0712589288	-0.0500922861	-0.1349979575	-0.0650046406	0.067917913	0.1175100688	-0.09533748539999999	0.060064031	-0.0095973399	-0.0159906491	-0.0654268697	-0.0153449165	-0.0574322927	0.11091537580000001	0.0474935904	-0.06944360570000001	-0.0323129036	0.0589860929	-0.0794937684	0.0990166342	0.07471753240000001	-0.0947549247	-0.1471812532	0.015492368400000001	-0.09583985769999999	-0.0316738882	0.1319705486	-0.016516960900000002	0.0266909969	-0.046754768200000005	0.0113981228	-0.0534210058	-0.0020099566	-0.0397593185	0.046188764800000004	0.006772379300000001	-0.0753223524	-0.0032947663	-0.07107309490000001	0.0102676602	0.052578409699999995	0.0171284353	-0.0049540962	0.1486523239	0.02270471	0.0366034571	-0.0788782342	0.019517612099999998	0.0038514634000000004	-0.055119952699999995	-0.056048208200000005	0.0446377393	-0.1037496909	-0.0059282629	0.021506217299999998	0.0279747105	-0.1129079931	0.031252322799999996	-0.0588590348	-0.05763738190000001	0.010510606200000001	0.012153983200000001	-0.0182655491	0.0157878995	0.1041838213	-0.07099331	-0.0330431994	-0.0726875273	-0.0341767832	-0.0033424184000000003	0.004494699699999999	-0.0070699817	0.04238761059999999	-0.0345252582	-0.08875383220000001	-0.0821427518	-0.0327976591	0.1375400474	-0.027417002599999997	0.0515690907	-0.0511819601	-0.0786984788	-0.053420705199999995	0.0704467398	-0.043495838700000004	0.085930781	-0.1655193952	-0.1337782716	0.10664562720000001	0.0463689817	-0.0515324241	-0.0263850582	-0.0862025335	-0.0386896582	0.0789585761	0.046695194	-0.0709116469	0.1045713281	0.022458827	0.0320631108	0.0865221107	0.087385727	0.0277940998	0.0074890969	0.1571925403	-0.1065535807	0.05658689240000001	0.0096916581	0.0237044184	-0.0784981256	-0.0033647435999999997	0.0071115434	0.0197872246	0.0402001815	-0.0925482026	-0.0130878671	0.0284572375	-0.027323258700000002	-0.0806594657	0.0015060806	0.0629507666	0.0077559308	-0.15132674869999999	-0.034448546499999996	-0.026191945499999997	0.04566016	-0.0461837883	-0.0916678532	-0.045134542699999995	0.0467054048	0.022966	0.01858249	0.000527437156	0.0003453089346001	0.188226	0.051655000000000006	0.035429027076	0.0026682390250000005	-0.268512	-0.007042999999999966	0.07209869414399997	4.960384899999952e-05	0.00464833	0.0004730200000000002	2.237479204000002e-07	2.16069717889e-05	0.00258215	6.439000000000011e-05	4.146072100000013e-09	6.667498622500001e-06	0.00147503	0.0006748900000000001	2.1757135009e-06	4.554765121000002e-07	0.0	0.0
5474.344112132735	-3.6918797757480206	29968443.458042346	13.629976278577256	5482.956227128144	-0.3551167504801924	30062808.98860329	0.12610790647161124	4496.629012126814	-7.113001868099673	50.59479557558944	20219672.472700566	4476.5376410820645	5366.85502845812	1.203987	27.270317	0.12652339999999998	0.07421519999999998	-0.0695017667	-0.0912398125	-0.0854130205	-0.024975114700000002	0.023162943300000002	-0.0323510017	-0.1385449569	-0.0594213813	-0.0334216436	0.0233072908	-0.0386559379	0.0106539467	0.052701771200000004	0.0155434544	-0.0999588725	-0.0561432903	-0.0368115687	-0.08926038359999999	-0.009754512199999999	0.0577476949	0.033484644	0.0801645181	-0.0394006421	0.0493116052	-0.053564868200000004	-0.01168275	-0.0095019337	-0.012851320900000001	-0.029941554	-0.0147491091	-0.1077570174	0.0847786631	0.0103018291	0.0001090708	-0.0363825678	-0.0641606519	0.0432979704	-0.1304597162	-0.0854103604	0.018039921599999998	-0.0531252801	0.0031037668	0.0635551208	-0.0005024685	0.013633659199999999	-0.0603988416	0.0138808751	0.082404971	-0.009068859399999999	-0.031269145400000004	0.060163828899999994	-0.0345275418	-0.0694309748	-0.051432295700000005	-0.1525589936	0.0561395624	0.0033811809000000004	0.0230210538	-0.0648376298	0.052908350199999996	0.0659390331	0.0021919301	0.08003526	0.0024249347	0.0708948221	0.1593096479	-0.08950798019999999	-0.0061603648	-0.0004941074	-0.0069734879	-0.0828922024	0.061036573499999996	-0.0473625092	0.0093067801	0.0147143166	-0.1295844425	0.1528443941	0.0193341369	0.0021965167999999998	0.06935305230000001	-0.11482647210000001	-0.0489224013	-0.044319446500000005	-0.023242027999999998	0.102177467	0.09432676429999999	0.0053392812	0.0566932911	0.10564350859999999	0.08360358650000001	0.06664770490000001	0.2040897452	0.011533226	-0.0028747531	0.014026300700000001	0.043186740700000004	-0.0265652652	0.0918249274	-0.010364683199999999	0.0549215817	0.0745755862	0.0558187889	0.0363352734	0.0906501175	0.0331901182	-0.0503529203	0.043909059400000006	0.0110310857	-0.0095645515	-0.0051366044	0.0160267659	-0.008719327399999999	-0.08912610050000001	-0.1110316848	-0.024063544500000002	-0.0374992096	-0.0466156722	0.045503996799999995	0.0043829965	-0.1420983565	0.0183796875	-0.06589045389999999	0.06342948849999999	0.07825637839999999	0.0316589914	-0.0010890566000000001	0.0029679290000000002	0.051264952	0.0009722730000000001	-0.0683111728	-0.0217261849	-0.0261711769	-0.0764468004	0.0256016173	-0.0640905397	-0.15445629789999998	-0.0188960319	0.0184653029	0.0085709706	-0.0574687401	0.0405347608	-0.0328332077	0.0118647248	-0.0860072009	-0.0603701943	-0.0085478037	-0.0995019237	-0.0042960467	-0.07241920019999999	0.0663285629	-0.0818698617	-0.040251271	0.0497532781	0.0162890631	0.061155760199999985	0.0003377959	-0.0389213654	0.1119452344	-0.11268703960000001	0.0202273772	-0.12038184810000001	0.1086616807	0.11908539359999999	0.0011671408	0.0689155922	-0.0262007662	0.029314685400000002	-0.08060774429999999	-0.036036648	0.0672971011	-0.0444731115	-0.1813096086	0.1607605242	0.0062900312	0.0982742878	0.0506898295	0.0028023952	0.0097951766	0.024323758100000002	0.0400447223	-0.0158626184	0.0098767105	-0.1161856041	0.04460695940000002	-0.0482579572	-0.0915720357	-0.0408607681	0.051805970199999996	0.016151099999999998	-0.006814900000000002	0.00026085803121	4.644286201000003e-05	0.120977	-0.067249	0.014635434529	0.004522428001000001	-0.280829	-0.012317000000000022	0.078864927241	0.00015170848900000056	0.00447989	-0.00016843999999999974	2.837203359999991e-08	2.0069414412100007e-05	0.00287438	0.00029223000000000015	8.539837290000006e-08	8.262060384400001e-06	0.00113285	-0.00034218000000000014	1.2833491225e-06	1.1708715240000005e-07	0.0	0.0
5464.899672537655	-9.44443959508044	29865128.430902164	89.19743926512318	5492.6213213536985	9.66509422555464	30168888.97978925	93.41404638884964	4491.330816743971	-5.298195382843005	28.070874314778933	20172052.505434066	4471.214040824056	5281.528213934605	1.19702	27.112522	0.12174330000000005	0.0812567	-0.0551042642	-0.030256141	-0.1233502302	0.0768204684	-0.0290078237	0.0924921759	0.0233443882	-0.0307991115	0.0643824559	0.0249041842	-0.0206155369	-0.0029438502	0.0616186006	-0.0251808275	0.0230341188	-0.056307644000000004	0.0722882267	0.11425660119999999	0.0759648064	-0.0166244901	0.0703092133	-0.0547604475	-0.08770753419999999	0.0707654279	-0.032249275200000004	0.061259613399999996	0.0134457862	0.0341213541	-0.0961611282	0.0223907207	-0.1055604525	-0.0096750988	0.0189084498	-0.0566675258	0.0393215612	0.0162724874	-0.0274498234	-0.1116135749	-0.0721390593	0.0155102197	0.0568313041	-0.0921296706	-0.0371752957	0.1701965147	0.0246757336	-0.051811089000000005	-0.027868806099999997	-0.08201848519999999	-0.0283171327	-0.0492506266	0.1108262177	0.0188716006	-0.010937560700000001	0.0319599884	-0.1451857945	-0.0156965137	0.0457366998	0.0330853998	-0.026808875899999998	-0.0005694005	0.0225573814	-0.14640968070000002	0.11517856039999999	-0.026368282799999997	0.0015474173	-0.0936840227	-0.0092492289	0.07120448780000001	0.0660174377	0.1577628026	0.05818164	-0.0100348368	0.017853556200000002	-0.0305551439	0.0389796592	-0.0206984803	-0.052957449000000004	-0.0109512213	-0.0175479474	-0.052206844100000004	-0.20171244730000001	-0.0180453484	-0.0571591519	0.0254916874	-0.0787952559	-0.0126643172	-0.0416666085	-0.0682791233	0.022896967	-0.119380093	-0.1757656936	-0.045935648499999995	0.13828065369999998	-0.0987177298	0.1278229966	0.0677985111	0.0374525159	-0.1451019848	-0.0749103692	-0.046585633	0.0324661704	-0.017837826799999998	0.0713166685	-0.0417644447	0.09466233939999999	-0.0711712323	0.0224863883	-0.052453043600000006	0.017346197600000002	0.040317166099999996	-0.0915135429	0.017196973600000002	-0.1062266191	-0.0156753886	0.0202326759	-0.0807256329	0.0116275719	-0.0475033696	-0.0346774901	-0.079096652	0.016197997	-0.0908415956	-0.030795096	0.0210676619	-0.1390193899	-0.1454095727	-0.012012858400000001	0.0466044866	-0.0100423445	0.0728353654	0.047817697400000005	-0.0183310367	-0.13817124960000002	0.0202971183	-0.0032853301	-0.0858187197	0.06422566190000001	-0.0090578649	-0.0422318136	-0.0730903619	0.011964138999999999	-0.0259583222	-0.011365528500000001	-0.0172273244	-0.1578684624	0.030590057900000002	-0.0683337114	0.0753950821	0.10996754199999999	0.0069405724	0.18690341219999998	0.0566320483	0.060303967699999995	-0.030354385499999997	-0.0113822702	-0.0294149854	0.0271353522	0.042876623899999994	0.055518325099999995	-0.0124909125	0.0338520768	0.1115009691	0.17841695149999998	-0.0348373161	0.0512896922	0.005054197	0.028604719100000002	0.0689886073	0.0394366215	-0.0070295248	-0.0686954855	0.1665955392	0.0135114226	-0.050929350400000004	-0.1928992906	-0.046367127800000005	0.0823836442	-0.123561475	-0.0536411234	-0.0532812834	0.0584420358	0.004092592700000001	0.041090206000000004	0.0435459867	-0.0502984945	-0.09133263800000001	-0.0364731072	0.0566809517	0.0163499	0.00019880000000000245	0.00026731923001	3.9521440000000974e-08	0.196526	0.075549	0.038622468676	0.005707651401000001	-0.271521	0.009307999999999985	0.073723653441	8.663886399999968e-05	0.00421653	-0.0002633600000000007	6.935848960000036e-08	1.7779125240899998e-05	0.00291954	4.5159999999999825e-05	2.039425599999984e-09	8.5237138116e-06	0.00155808	0.0004252300000000002	2.4276132864000003e-06	1.8082055290000016e-07	0.0	0.0
5473.8925706544205	8.9928981167659	29963499.875065666	80.87221653853167	5476.6079233520695	-16.013398001628953	29993234.34612267	256.42891555857426	4492.5715147631545	1.2406980191835828	1.5393315748060659	20183198.815261304	4472.270268878775	5319.581089294081	1.067482	24.178488	0.12060220000000002	0.0784865	-0.0914065577	-0.040817078900000005	-0.0362638526	0.09441175480000001	-0.00038378779999999996	0.0267341785	-0.053237976799999996	-0.0071162110999999995	0.0683761945	-0.028286214700000006	0.0372492175	-0.0171661145	-0.0903351648	0.1074780498	-0.0160164368	-0.0310868905	-0.024370428599999997	-0.0107958265	-0.1113198259	-0.0197568499	0.0805420515	-0.0674346465	0.0092049087	0.0740787457	-0.0785739652	-0.0008979644	0.1162443609	-0.046463202099999996	0.057234564	-0.014620891399999999	0.07290685	0.11014433929999999	-0.0460902884	0.0032675053	0.010698777900000001	0.022417992400000003	0.067708614	0.11693969789999999	0.08587587199999999	0.0069447379	-0.0187721896	-0.015395650600000001	0.0482540928	0.0571211347	-0.0461205088	0.0190953611	0.0273859798	-0.0612573087	-0.0234398631	0.0924451599	0.0421454558	-0.0919739282	-0.10701304310000001	0.0433908615	0.0007707739999999999	-0.0367797293	0.1268641062	-0.0217214166	-0.023729092400000002	0.058942375899999996	-0.0219408561	-0.057478803700000004	0.1086967703	-0.0354120396	-0.0704479186	0.0928116813	0.0382270108	0.0852845125	-0.0905988348	-0.0093717685	-0.0293386215	-0.028582110299999998	-0.0674144017	0.0354240279	0.0033219757000000003	0.0966945664	0.10509206630000001	0.0386740802	0.040460330499999995	-0.06857848	0.06523432230000001	-0.0085291108	-0.0250677391	-0.0055648015	-0.0204330067	-0.0537795796	0.0477519408	0.0630309821	-0.0387116905	0.017370036999999998	0.04578018230000002	0.0674839506	0.0528962394	0.0256416376	-0.0084146435	-0.018570613200000002	0.0933793799	-0.0518227393	0.1060184351	0.10326175359999999	0.0637674062	-0.0182172824	0.0801707557	-0.0738674792	-0.001767264	-0.0785631738	0.060987200599999986	-0.061483539800000014	-0.1042962719	-0.0180747213	0.0588827921	-0.0113880952	0.0807961851	-0.0404785626	-0.11546984369999999	-0.004971175	0.0332833977	0.0015269003	0.07845261349999999	0.10836248289999999	-0.0281245675	0.0542270922	0.0006740249	0.0526141216	-0.0053923569999999995	-0.0268925317	-0.060270615	-0.025658541899999998	-0.0285558362	0.057090815499999996	0.0764240168	-0.066510823	0.029569406	-0.06926664099999999	-0.0815198518	-0.028987170299999997	0.052529732	-0.0595515351	-0.0811362832	-0.0373034523	0.047205029	0.0094766417	-0.0322913477	0.087431004	-0.1603385191	0.036675219	0.0681559503	-0.0845187402	0.0211887179	0.0997972991	-0.11153726359999999	0.0520835446	0.0135367679	0.019006490600000002	0.04654398480000002	0.097136	0.0532138128	-0.06569807700000001	-0.1182518175	-0.0014960859	-0.014717878500000003	-0.0976476341	0.0060235971999999995	0.0099205302	0.0085315438	0.0727288203	-0.0657798836	-0.0043197225	-0.0502478979	0.0006062794000000001	0.0405254331	-0.0041711998	0.0402214834	-0.0076203151	0.0073040654	-0.023393528700000003	-0.0329882448	0.0028537293	-0.122330794	-0.0269603803	-0.16599331609999998	0.0320538378	-0.0714593074	0.0424774267	-0.0523039779	-0.0909500356	-0.0319837892	0.0613091217	0.0210946	0.0047446999999999975	0.0004449821491599999	2.2512178089999976e-05	0.126763	-0.06976299999999999	0.016068858169000003	0.004866876168999999	-0.277659	-0.006137999999999978	0.077094520281	3.767504399999972e-05	0.0049159	0.0006993700000000004	4.891183969000005e-07	2.4166072810000002e-05	0.00293177	1.2230000000000227e-05	1.4957290000000556e-10	8.595275332900003e-06	0.00147055	-8.753000000000016e-05	2.1625173025e-06	7.661500900000027e-09	0.0	0.0
5469.976102865135	-3.9164677892858886	29920638.565915644	15.338719944513901	5459.313737603709	-17.294185748360178	29804106.485588584	299.0888606987843	4492.402243971825	-0.16927079132983636	0.028652600797429	20181677.921643086	4471.9785122364365	5377.058743728074	1.156528	26.195372	0.12948929999999995	0.07593369999999999	-0.0505961868	-0.10531210210000001	0.0474518434	-0.0058640235	-0.0290147253	0.053904014800000004	-0.0368100792	0.10941193630000001	-0.029399969900000007	0.0108434547	0.0773975817	-0.012459420700000001	-0.07399306309999999	-0.09983482560000001	-0.0695582139	-0.0342980834	-0.0800567508	-0.0114259504	0.0780438438	-0.0064220541	0.0641239408	0.016681971599999998	0.09736119830000001	0.0254403318	-0.0559026475	0.0110551904	0.015388623700000001	0.0094601654	-0.1300713465	0.0557954536	-0.0495800675	0.0720284854	0.0595302339	-0.0177274378	-0.052019801500000004	0.09920725130000001	-0.047749146	0.060405006500000004	-0.0108563974	0.0777325319	0.1298658654	-0.07590164049999999	0.061863379	-0.028369636400000002	-0.042603656399999995	-0.0025542269	-0.1436829986	-0.1009391102	0.0036858459000000004	-0.0875300485	0.0532308811	0.012742876799999999	0.021196229100000002	-0.0642847145	-0.0220670878	0.0430324682	-0.021079184100000002	0.1483278487	-0.0454713216	-0.0206841762	-0.013139386599999999	0.0002688894	-0.0064653014	-0.0865967166	0.0892341858	-0.0912217192	-0.0279887238	-0.0814957118	-0.0252656295	-0.011332962	0.05572321400000002	0.0495037054	0.0539923426	0.0778048447	-0.0560524506	0.0574101419	-0.0089912994	-0.0382325704	0.06732558059999999	0.0442207658	0.1193489084	-0.0353357858	0.0371111902	-0.009309196700000001	0.0790160659	0.0075575083999999985	0.019016978799999997	-0.0554432563	-0.0100224753	-0.0407205188	-0.0364921691	0.03477736	-0.11267865699999999	-0.0344345142	0.0458586105	-0.0217184996	0.042086322999999995	0.0157600947	-0.0747039463	0.0517819079	-0.0051190079	-0.0013991729	0.0639621182	-0.0003431861	-0.1135489935	-0.0245353011	0.0574600153	-0.0197813848	-0.0099729922	0.026404243100000002	-0.09786974	0.0473038722	-0.0526435292	-0.0991422674	-0.0053728188	-0.0835612614	-0.0772699211	-0.0247658784	-0.0334601089	0.11263572220000001	-0.025628957200000003	-0.0406858939	-0.163228718	0.042846047000000005	0.0013194189999999998	0.023467501499999998	-0.0642680362	0.0348579171	0.09001910619999999	0.10108093369999999	0.039108923500000004	0.05167418360000001	-0.1067836776	0.0592082829	-0.0174018642	-0.0020765957	-0.0313261207	0.052926344400000006	0.0748857855	-0.12167866460000001	-0.10731190310000001	0.0318840394	-0.0007624035000000001	-0.0556038387	0.062364370999999995	0.0087777181	-0.1224386165	-0.016024568899999998	0.021562885299999997	-0.087376463	-0.0146411872	0.0171699796	-0.024432839799999998	-0.10849596439999999	-0.0339805854	0.0014267973000000002	-0.048232390199999996	-0.08584108550000001	0.044517090499999995	-0.0638466091	-0.045976853600000006	-0.105661987	-0.045270405199999995	0.0555938239	-0.017877091799999998	-0.0327058043	0.0366700443	-0.0570550311	0.0033063215000000003	0.0196223547	-0.0420673472	0.0389010024	-0.0225579539	-0.0014377326000000001	0.08828373269999999	0.020107322099999998	0.0864267118	0.052803753499999995	-0.0541139185	0.0061432366	0.0564081404	-0.07188136269999999	-0.0352754614	0.0414014655	-0.05427300980000002	-0.0904248282	-0.027405326600000002	0.0656703274	0.0231539	0.0020593000000000035	0.0005361030852100001	4.2407164900000155e-06	0.185922	0.05915899999999999	0.034566990084	0.0034997872809999987	-0.271409	0.006249999999999978	0.07366284528099999	3.9062499999999716e-05	0.00401922	-0.0008966799999999994	8.040350223999993e-07	1.6154129408400006e-05	0.00273403	-0.00019774000000000007	3.910110760000003e-08	7.4749200409e-06	0.00161655	0.00014600000000000008	2.6132339025e-06	2.1316000000000024e-08	0.0	0.0
5463.868686754693	-6.107416110441591	29853861.02609845	37.30053154608149	5473.781194018251	14.467456414541632	29962280.55998787	209.3072951066617	4493.527218043286	1.1249740714611107	1.2655666614597882	20191786.85929583	4473.686112873721	5295.558848757232	1.190275	26.959759	0.09274999999999996	0.056658300000000016	-0.0243057521	-0.0536812895	-0.07376402580000001	-0.0792796615	-0.021318353300000002	0.0299008929	-0.0926386043	-0.037036280299999995	-0.0372210434	-0.0094611582	0.0273852745	0.0219523452	0.0639980951	-0.029375460899999997	-0.042545266100000007	-0.0741180118	-0.045471013399999996	-0.05662650440000001	0.0652153351	-0.023384517999999997	0.0519402126	0.06519874120000001	-0.057345179	0.0622664262	-0.11524151490000001	-0.0015902685	0.1399567981	-0.030210406699999998	0.059732156200000004	0.0188912684	-0.0648829648	-0.0020285360999999997	-0.0169173548	-0.035407222599999996	-0.0008199217	0.1043774843	0.153215419	0.0243041226	-0.043739283	0.0741754798	-0.0030175760999999997	0.006549318199999999	0.015956792	-0.0927466346	-0.0812917693	0.1167098944	0.0248353111	-0.0140446276	0.0335893763	0.028178270699999997	-0.0538780989	-0.054762449500000004	0.016234474	0.005695358199999999	-0.10176493369999999	0.0488620351	0.0305325764	0.109379219	-0.060421703	0.1033810835	-0.0204306306	0.0153995939	-0.059673375	0.09929676220000001	-0.029332894300000002	0.0103791104	-0.0735703046	-0.0626254525	-0.0718794307	-0.1161215015	0.009102885600000001	-0.1014260634	0.100675969	0.0516330396	0.0366140692	-0.02641086	0.0201481883	-0.0202701099	0.0110363682	-0.06543851769999999	0.003108298	0.0848786742	0.10559794039999999	0.046895360999999997	-0.0230192015	0.116705274	-0.0897799101	-0.0411963426	0.0519713541	-0.0744566173	0.0404905026	-0.021134088500000002	0.0007025677	0.045392154500000004	-0.012426593400000002	-0.048848330999999995	0.050989054299999996	0.0154371625	-0.0045501984	-0.08166133	-0.159579385	-0.0270037621	0.051207799000000005	0.07531827320000001	0.0445838617	-0.0693499573	0.08512523539999999	-0.09050136339999999	-0.1382835854	0.0123565606	0.05942825860000001	0.045902959800000004	-0.0594000788	0.0065303824	-0.0152619412	-0.0759012093	-0.0660218741	-0.09221188150000001	0.1400778929	0.0208692027	0.014153685400000001	-0.020182190200000002	-0.0024076326	0.014994293300000001	0.034000684100000005	0.10905732779999999	-0.0542482757	-0.1249172971	-0.0104013734	0.015006791299999999	-0.0584560007	-0.0188496447	0.0365323236	0.05524615150000002	0.0104615522	-0.1099924424	0.015266161200000001	0.022306822400000002	0.0441533879	-0.14227075390000002	0.021855321400000002	-0.0045161578	-0.0079675965	-0.0301821495	0.0150888975	0.0045872012	0.0831947974	0.0559346333	-0.1010180837	-0.0193163401	-0.1074718008	-0.005462255300000001	-0.09965717939999999	0.055706204599999996	-0.0531428695	-0.1059859302	0.0240459535	-0.0631417217	-0.0232321685	-0.0808169321	0.0089842715	-0.0522922385	-0.0244514545	-0.10947246890000001	-0.0833127521	-0.0289922381	0.08985018970000001	0.0697523557	0.0433886667	0.013080565	-0.0577886259	-0.0347158481	0.0133715698	-0.0729876283	0.029571279300000006	-0.0033732803000000003	-0.0381385984	0.036720893	-0.0204973689	0.05825706360000001	0.0305145548	0.0379342186	0.1694411067	0.040318290699999995	-0.0562042179	-0.0897578394	-0.0227504805	0.0697455783	0.0143559	-0.008798000000000002	0.00020609186481	7.740480400000002e-05	0.134971	-0.050951	0.018217170841000004	0.0025960044009999995	-0.268695	0.0027140000000000497	0.07219700302499997	7.36579600000027e-06	0.00439399	0.00037477	1.4045255289999997e-07	1.9307148120100007e-05	0.00273403	0.0	0.0	7.4749200409e-06	0.00138558	-0.00023097000000000005	1.9198319364e-06	5.3347140900000015e-08	0.0	0.0
5464.22161980058	0.35293304588685714	29857717.91029607	0.1245617348789744	5482.769198972891	8.988004954640019	30060758.089205835	80.78423306463353	4493.788577637082	0.2613595937964419	0.06830883726944112	20194135.78050151	4473.7815759538025	5293.274065676755	1.165987	26.409624	0.14698440000000002	0.07393330000000001	-0.0729325316	-0.0225714842	-0.0737276261	0.0960520275	-0.0508127388	0.1128962914	-0.12916180689999998	-0.0310144044	0.0663417344	0.028897159300000006	-0.013455840600000001	0.0717389361	0.1024595031	-0.0524008068	0.0099274956	-0.08735817230000001	0.023751746299999998	0.057464865899999995	-0.0109661425	0.0244738117	0.0723991306	-0.0840091266	-0.0640291442	0.0669680337	-0.058596330099999996	-0.0392062741	0.0098475215	0.0957386196	-0.1110752383	0.028255962599999997	-0.069718272	0.0302375379	-0.0099550922	0.011614717	0.0987012064	-0.04573046769999999	0.0187358038	-0.0591302499	-0.0017864709	-0.062488501900000014	-0.048202238499999994	0.0073541345999999985	0.0201268613	-0.0893424726	-0.0026107758	-0.141286051	-0.032838536	-0.0897553002	0.0200186625	0.0659949129	-0.0605042479	-0.057327195199999986	-0.044400493799999996	-0.0535505372	0.0740937082	-0.10848029	-0.026893804599999998	-0.046220893	-0.0028062516	0.09479014599999999	0.0096402349	0.028727843	0.0099293115	0.0995015886	-0.09078609730000001	0.0532713844	0.0158264248	0.0638156184	0.09253795869999999	-0.0313863894	0.013332569399999999	-0.0679885968	-0.016328020500000002	0.1626317703	0.0514303171	0.028955064	-0.0371763698	-0.0995394359	0.0730162014	0.0414740221	0.027845919900000002	0.071657061	0.0422984011	0.0869879086	-0.0227385324	-0.0185612928	0.123034418	-0.034989625499999996	0.06928860490000001	-0.056208374000000005	0.0634218569	0.05659175	-0.0146902022	-0.0426424809	0.1098596276	-0.1298098386	0.0440436245	-0.1161968032	-0.0668856082	0.08763044	-0.1234971845	0.0245809177	0.0704791979	-0.0791278347	0.0763266822	-0.0727375608	0.0546290892	0.0408781974	-0.0117336349	0.09771826	-0.0831852038	-0.0003468239	-0.0887490117	-0.0675248225	-0.032471610299999995	0.032075488199999995	0.086770561	-0.0094452761	-0.0033546021999999996	-0.087128853	0.0234577839	0.0611097337	0.0644667095	0.022870895699999998	0.05856659860000001	0.0656326703	0.0008635037	0.1120443596	0.052189207300000005	0.12097923070000001	-0.020545556200000002	-0.048014636	0.0751316906	-0.0455795584	-0.054330131799999994	0.0412008014	-0.0635579563	-0.0616698294	-0.0320818621	0.0251238248	0.07522249360000001	0.010720426699999999	-0.041035828999999996	-0.0430537573	0.0320450954	0.0020489976999999997	0.11957630529999999	0.0365264192	0.0087905337	0.0811519644	0.010992338300000001	-0.1261779848	-0.0232887554	-0.0161589516	0.0964576028	-0.0889585048	-0.0439483866	-0.1022307061	0.0741157434	-0.1288924732	-0.064187642	-0.0330370367	-0.033729726	-0.0065296642	-0.0428795384	0.055395898	0.0011829511999999999	0.027989384300000003	-0.1173420117	-0.0958456438	-0.059393076399999994	-0.060600031299999996	0.0459299859	-0.1325940235	-0.0179569786	0.0026646984	0.08675236060000001	0.0927558691	-0.112503382	-0.0686542995	-0.0343853857	-0.1257106901	0.0857940992	0.039228091	-0.0580962564	-0.088950115	-0.0180322247	0.0735171291	0.0179583	0.003602400000000001	0.00032250053889	1.2977285760000004e-05	0.189259	0.054287999999999975	0.03581896908099999	0.0029471869439999967	-0.297169	-0.02847400000000005	0.08830941456100001	0.0008107686760000033	0.00488288	0.0004888899999999996	2.390134320999997e-07	2.38425170944e-05	0.0031214000000000003	0.00038737000000000016	1.5005551690000016e-07	9.74313796e-06	0.00172172	0.00033614	2.9643197584e-06	1.1299009959999998e-07	0.0	0.0
5460.74222001645	-3.4793997841297823	29819705.59347019	12.106222857802374	5466.8433964363785	-15.925802536512492	29886376.72116004	253.63118643198771	4493.486224305872	-0.3023533312098152	0.09141753689367224	20191418.448026646	4473.119564413518	5300.8377275185385	1.142917	25.887081	0.0974122	0.0523004	-0.0536836109	-0.0271882042	0.0746923181	0.0342638084	-0.0537836308	0.08668414740000001	-0.1698544464	0.0959689362	0.0423449385	-0.0444443581	0.0084641773	0.0516142108	0.0190851883	0.0607000919	0.022932622799999997	0.027105738900000002	-0.0104190642	0.003316931	0.0793888573	0.019990663	0.0344359166	-0.056199503899999996	0.0545531226	0.0656900372	0.009526583199999999	-0.0313292804	0.0671634525	-0.0980248415	0.0263818221	0.0194575809	-0.0186832552	-0.0125036071	0.0338576352	-0.04443290230000002	-0.0019372182999999998	-0.022703523399999998	0.0146025154	-0.0531575362	-0.0161171728	-0.07631292349999999	-0.1054115364	-0.0586262238	0.052698364000000004	-0.0411690569	0.0346238403	0.070857002	0.0339804747	0.06325856860000001	0.0083582724	0.036671035	0.007532403000000002	-0.05619251559999999	-0.08462471710000001	0.0325145096	-0.05679325230000001	0.012427045	0.0005572285	-0.0123062368	0.0715381229	0.010360725999999999	0.011442178999999999	0.0011133776	-0.0196908248	0.08954996009999999	0.13995357320000001	-0.046669164900000004	-0.0833367193	0.0353675866	-0.0348603582	0.016411663400000002	-0.0298374213	0.0033999462	0.0165806613	0.0213003637	-0.0116325795	0.0398048077	0.0338324172	0.0366227562	-0.0532835192	0.035882719	-0.0650094042	-0.022495131600000003	-0.0686499646	-0.0238821822	0.0336055205	0.0891334511	0.055831884400000004	-0.0364900125	0.0527065987	-0.0307634596	-0.002001487	0.10716350179999999	0.0626226167	-0.1474186556	0.075875524	0.048750480199999995	0.0453563204	0.1090278101	0.0403088131	0.0203151505	0.074638727	0.0188660991	0.031234296600000006	-0.060467931100000004	-0.0440296589	-0.06070714150000001	-0.030351200699999997	-0.0405682579	-0.0990176179	-0.0811503131	0.017818517	0.0189004561	-0.004639433	0.018370666100000002	0.0325190215	-0.0423833782	0.0199357423	0.019322961899999998	-0.0175530472	-0.0628855905	0.0003124611	0.0649639575	0.0833500195	0.09661651630000001	-0.0202956636	0.0620816833	0.043919952400000004	-0.0802904111	-0.0098733359	-0.0478584317	-0.0071990688	-0.0640562846	-0.0044345134	0.014331211399999997	-0.079177309	-0.0880096892	0.045027475	-0.001118225	-0.0026652682000000002	-0.0241162148	0.020910171	-0.0809618439	0.066374423	0.0206343146	0.07606271	-0.0816468547	-0.0393047475	0.11904810810000001	0.07263359309999999	0.0055587414	-0.0129673801	0.0552665732	-0.0089365388	0.0173488127	0.0218674894	0.0382266856	-0.0084538894	-0.028229214300000006	-0.030802115699999997	0.0315748158	-0.014710247	0.1000450587	0.071756535	-0.0191830524	0.08005163559999999	-0.0693509066	0.047145778	-0.0349422804	-0.0630458712	-0.041662118	-0.0470892854	-0.0080233948	0.113373759	-0.070385364	-0.0347325587	0.0625067878	0.0848588365	-0.010787120400000001	0.0272283852	0.075860021	-0.007785878299999998	0.0279046861	-0.1143252628	0.0381310563	-0.0599478067	-0.0880029215	-0.0132637098	0.0769685571	0.013525100000000005	-0.004433199999999996	0.00018292833001000013	1.9653262239999955e-05	0.145643	-0.04361599999999999	0.021211883449	0.001902355455999999	-0.280827	0.016342000000000027	0.078863803929	0.00026706096400000076	0.00461413	-0.0002687499999999999	7.222656249999994e-08	2.12901956569e-05	0.0029507	-0.00017070000000000063	2.9138490000000215e-08	8.706630489999998e-06	0.00150075	-0.00022097	2.2522505625e-06	4.882774090000001e-08	0.0	0.0
5467.917535583635	7.175315567184953	29898122.17594301	51.48515348868671	5473.357421362678	6.5140249262994985	29957641.461985905	42.43252074045119	4495.638101306656	2.1518770007833155	4.630574626500197	20210761.937920112	4475.244001331199	5338.4225232297995	1.094099	24.781353	0.06632570000000006	0.0447611	-0.0397997366	-0.0659711562	0.026550549700000002	-0.080025475	-0.0074188793	0.078423496	-0.043687567000000004	-0.0038552193	-0.1031762775	-0.0838610629	0.026320549300000003	0.0221466019	0.014618228	0.0533918954	0.0451698943	-0.0304928732	0.06341636099999999	0.0700347118	-0.0615274106	0.0430383418	0.059551426	0.0656106179	0.10272578130000001	0.0597306631	-0.0582528173	-0.09556220439999999	-0.0394664548	0.0184294667	-0.0133292916	0.0389982112	-0.0318118894	-0.0654276904	-0.0010045343	-0.0837736353	-0.16171122699999999	-0.0171192063	0.0760154981	-0.0237248166	-0.0248860684	-0.06574654070000001	-0.025198415699999997	-0.1182873252	0.12149530539999999	-0.0505259828	-0.0119690401	0.037199428300000004	0.0728376602	-0.048098764599999996	-0.0246117371	0.0176642217	-0.0381555315	0.10205159119999999	0.0525677996	0.0616849432	0.0198220926	0.06428632150000001	0.0409418472	-0.0036223852	0.012448234399999999	0.0589645904	-0.0021653591	-0.0582423571	-0.0270253542	-0.0072753428	-0.0085240468	-0.0002606714	0.1264978064	0.0555271112	0.0173144145	-0.045703334500000005	0.07375286240000001	0.0585913346	-0.0893850281	0.051186918399999996	-0.0932919652	0.0468689105	-0.0454489345	0.09952283740000001	0.034507207799999995	0.0468959442	0.0177957079	-0.0237738111	0.038268525899999996	-0.0003724848	-0.043869029299999994	-0.021580582999999997	0.011900276599999999	0.0055375581	0.066283384	0.0017643285	0.040026021200000005	0.0022408867000000003	0.0126369768	-0.039298815200000004	-0.061273408499999994	0.0431437111	0.0191822986	0.06543144969999999	0.1254229319	-0.0275704679	0.0832741808	0.0469966655	0.060365165400000004	0.050721855700000006	-0.1052217072	-0.0531397355	0.064363545	0.0972193324	-0.018831436200000003	0.0229066923	-0.0103539272	0.0351229918	-0.050585490999999996	0.0768334172	0.0479663292	-0.08395598380000001	-0.1173847852	0.100578758	0.04123164	-0.055031822800000005	-0.007755309	0.07941097030000001	-0.0065197245	0.1588764065	-0.028709607999999998	0.0618273776	-0.0373999316	-0.032438882999999995	-0.066369909	0.0063170480000000005	0.0316832361	0.0639488344	0.0389083228	-0.020362483	0.0780562474	0.016908572900000002	0.0822705733	0.1096509581	0.0261334396	-0.0209428985	0.051297806200000004	0.0217574256	0.0265057976	0.0904198891	0.0117119776	0.0053820891	0.054707831500000005	-0.0839099518	0.0923449439	0.045889229299999994	-0.0070248444999999994	-0.0374527793	-0.0288733883	-0.0928569207	0.05321570690000002	0.0933151881	-0.07780590820000001	-0.019664112	0.0662512146	0.09884487939999999	0.00016892560000000001	-0.032970394900000005	-0.013940589	0.0373894029	-0.0398450502	0.0341320186	-0.0112076496	0.019228734	0.0045265910999999995	-0.0284819256	-0.0413036989	-0.023356090099999997	-0.022427803700000002	-0.0358940204	-0.019442977900000002	0.0222917802	-0.048403877000000005	-0.030910249700000007	-0.0022867317	0.043585991	-0.08774939640000001	0.0992429863	-0.1332329743	0.0370273778	-0.0617575784	-0.0869177441	-0.0084582266	0.0800848332	0.0129559	-0.0005692000000000058	0.00016785534480999998	3.2398864000000664e-07	0.187324	0.041681	0.035090280976	0.0017373057609999993	-0.295644	-0.014817000000000025	0.087405374736	0.0002195434890000007	0.00459918	-1.4950000000000553e-05	2.2350250000001654e-10	2.11524566724e-05	0.002865	-8.569999999999975e-05	7.344489999999957e-09	8.208224999999999e-06	0.00158527	8.452000000000004e-05	2.5130809729e-06	7.1436304000000056e-09	0.0	0.0
5467.845287543276	-0.07224804035922716	29897332.08850921	0.0052197793357485174	5477.464938443227	4.10751708054886	30002622.151874866	16.871696567000626	4496.487299326425	0.8491980197695739	0.7211372767805656	20218398.033003848	4476.6261073701335	5275.377212260524	1.251289	28.341709	0.09733049999999996	0.0590318	-0.10746643199999999	-0.0253762506	-0.0964771637	-0.0417096631	0.0290221477	-0.0745882856	-0.0911083029	-0.1095194977	-0.0277867653	-0.0093771141	0.0057151998	-0.022715899300000002	-0.10010106619999999	0.0781388742	0.0367872384	-0.0265078279	-0.0771135062	0.0067175570999999995	-0.0091118065	0.0531313704	0.0606764825	0.0685549788	-0.051779998	0.0768087289	0.0248844541	0.0188371602	0.0095137648	-0.0012366756	0.1007281644	-0.07805430299999999	-0.0576601245	0.0214126321	-0.06770795240000001	0.048665437199999995	0.0521210737	0.0583802233	0.0046688108	-0.0559813711	0.044464279	-0.1067796733	-0.0839240448	-0.0081622147	-0.0019887442000000003	0.0107581987	-0.025637587200000003	-0.0216156093	0.176251236	-0.1233512641	-0.0086288636	-0.049966042599999996	0.012475353799999998	0.0223561036	-0.12024812439999999	0.0058163665000000005	-0.0438893148	-0.060801202900000004	-0.0497327944	0.0110161476	-0.0980707321	-0.0880667415	-0.1025316039	0.0760953875	0.0307980081	-0.011637709	0.0685064334	-0.051147385	-0.0458000664	0.0356360408	0.1012506105	0.0137894525	0.0132283451	-0.0633358316	-0.0916717659	0.005650911800000001	0.058653061299999996	-0.028370099399999998	0.0414332911	-0.0017913552	0.064341761	-0.0041309846	0.0467052946	0.1016661282	-0.061945855099999995	-0.0760676037	0.103760094	0.0350704789	0.0448241147	0.0180240593	-0.0831955226	0.0748602882	0.0840856227	-0.09226827650000001	-0.07034814959999999	-0.10729297439999999	-0.16293392310000002	-0.014217562	-0.021661083900000003	0.08766701460000001	-0.0698352079	0.0465842845	-0.0481805125	0.0504070698	0.0630310668	0.08346863610000001	0.046302775	-0.0742795287	-0.0414806079	-0.0398607964	-0.0053817933999999994	-0.010018369499999999	0.11404152740000001	-0.0866603558	-0.0672858443	0.0028948883	-0.0566574543	0.0638054971	0.0156566698	-0.0626613402	-0.024580312599999998	-0.0270065524	0.059928955	0.11490796519999999	0.09429109109999999	0.0420935084	-0.019210404	-0.0205843153	-0.0028425747	-0.0144821594	-0.1784951793	0.07549957610000001	0.024919916099999998	0.081038001	0.0111317474	-0.011349698600000001	-0.07035425690000001	-0.061838247	0.026183877999999997	-0.041439229	-0.043619984900000006	0.0249922781	-0.0798425028	0.0615786776	-0.13240191240000002	-0.05991597200000001	0.0592806541	-0.0646494414	-0.055775759400000006	0.039606642000000004	0.0245987579	0.004750677	0.0703009339	-0.0071971299	-0.0568791357	-0.0386164403	0.08423658619999999	-0.0206303233	0.0867733923	0.012978896399999999	-0.0343709261	-0.0244503099	-0.0725793218	-0.020787005	-0.0134952746	-0.0591775566	0.0205118499	-0.0827564885	-0.0827098377	-0.1389886093	-0.0244553405	0.0101810814	0.1293425018	-0.0757041041	-0.12417411560000001	-0.005676911800000001	-0.0101103731	0.0946360668	-0.033152558900000004	-0.005333226700000001	0.0123863994	0.1446480503	-0.0460514359	-0.1406740418	-0.007882199599999999	0.035917247799999996	-0.06352431019999999	-0.0856962841	-0.0036291689	0.0828523881	0.0144594	0.0015034999999999994	0.00020907424836	2.2605122499999987e-06	0.174155	-0.013168999999999986	0.030329964025000006	0.00017342256099999964	-0.301124	-0.005479999999999985	0.090675663376	3.0030399999999834e-05	0.00559369	0.0009945100000000003	9.890501401000009e-07	3.1289367816100004e-05	0.00337385	0.0005088499999999999	2.589283224999999e-07	1.13828638225e-05	0.00162547	4.02e-05	2.6421527209e-06	1.61604e-09	0.0	0.0
5464.511071715891	-3.334215827384469	29860881.25290556	11.116995183581096	5477.25305211544	-0.21188632778648755	30000300.99690791	0.044895815902842834	4498.25061846206	1.7633191356344469	3.1092943740946133	20234258.626494303	4478.025465772937	5290.0748781260745	1.149326	26.032249	0.0928357	0.0636714	-0.0595955335	-0.009622980500000001	-0.060529786399999994	0.0949241167	0.011895026599999999	0.0124837149	0.060565695499999996	-0.0421295171	0.0653034604	-0.005764834399999999	-0.0428832357	0.0409044359	0.0946037658	0.051272008	0.026547706299999998	-0.0268321314	0.0410893523	0.0699452507	-0.08600861509999999	0.030360977999999997	0.0400760713	-0.0865725	-0.0615624715	0.035183312599999995	-0.107126844	0.022314922400000003	-0.07391816150000001	0.105706743	-0.09016850119999999	-0.1074955058	-0.0670275213	-0.0626400411	-0.0953216861	0.0079995151	0.1262673542	-0.0882388084	-0.1665769287	0.09124008380000001	0.0375542667	0.0005456895	-0.0899595252	-0.0643080887	0.0270154646	0.0819378811	-0.0418482081	0.0091862568	0.023398505899999998	0.0762696306	0.0475443562	0.0209174965	0.0150473332	-0.1473144206	-0.07272472070000001	-0.052220805099999996	0.0699488236	-0.029752752799999997	-0.011173657	0.1342458456	0.047325157699999995	-0.1575630977	0.0128519524	-0.0367275387	0.0580368935	-0.027302015099999997	0.0699939644	-0.0407921144	-0.0257548398	-0.0240411767	0.0058048872	-0.0122822343	-0.0242517125	0.0665858114	-0.0588119641	-0.035669642200000004	-0.010763507299999999	-0.09263070949999999	0.0377327436	-0.0902067801	-0.13695532300000002	0.0616955021	-0.0025838289	-0.0644260132	-0.016977189	0.0487341388	-0.051554273399999996	-0.0701914486	-0.0327050384	0.0473263617	0.0036458385	0.059620071	-0.0301775907	-0.0420500381	0.0508143909	0.0700479744	-0.0283454088	-0.09637147630000001	-0.066397743	0.1124382872	-0.0649805007	0.032078465800000004	-0.0415603524	0.029141551800000002	0.040378471299999996	-0.07642136669999999	0.0770581167	-0.057512240599999986	0.11501412150000001	0.0236593543	0.07612878099999999	0.071514053	-0.0774316365	-0.1404340178	-0.1098579923	0.062158449299999995	-0.025768614300000003	0.127359426	0.15848312550000002	0.034077212999999995	-0.0813310513	0.0754206481	-0.07572753410000001	-0.04224415559999999	0.070468618	0.042246733	-0.0400962401	-0.022640208999999998	-0.023727144199999998	-0.0153735255	-0.0233713016	-0.0376550069	-0.0221922854	-0.1219548151	-0.027109175299999996	0.028981997599999997	-0.11888502210000006	-0.0114962202	-0.0759736849	-0.0815803977	0.0397728564	-0.0301064853	-0.1559596592	0.0318557026	0.1112551859	0.0085819673	-0.05007319	-0.0663604362	-0.0805706325	0.0201133236	0.026816234700000004	-0.0503453397	0.0121272072	-0.001024348	0.0116293937	0.0034728433000000003	0.0174840495	-0.030042796200000006	-0.0156196167	0.10721829990000001	-0.0674451373	-0.0220035871	0.0670588609	0.08107638910000001	-0.0958420772	0.1230604162	0.0305699775	0.0891113261	-0.011995326499999999	0.0703339803	0.04767882389999999	0.062221422	0.0076294151	-0.031058095499999997	-0.0169262996	0.0484531442	-0.0350853615	-0.0355985479	-0.0336556495	0.1336130435	0.0781794707	0.051884150999999996	-0.0330048514	-0.047848132	0.0333255809	0.0348008596	-0.0652467709	-0.08434045679999999	0.001210004	0.0852591707	0.0195786	0.005119199999999999	0.00038332157795999984	2.620620863999999e-05	0.16577999999999998	-0.00837500000000002	0.027483008399999998	7.014062500000035e-05	-0.301675	-0.0005510000000000237	0.09100780562500002	3.0360100000002607e-07	0.00439317	-0.00120052	1.4412482704e-06	1.92999426489e-05	0.00314486	-0.00022898999999999966	5.2436420099999845e-08	9.8901444196e-06	0.00177177	0.00014630000000000006	3.1391689329e-06	2.1403690000000008e-08	0.0	0.0
5469.124445660732	4.613373944840532	29911322.20212381	21.283219154933494	5481.996228179347	4.743176063906502	30052282.64577259	22.49771917321559	4497.524695867957	-0.7259225941024852	0.5269636126284815	20227728.38994216	4477.621952151306	5279.781687361146	1.210997	27.429096	0.08152728000000006	0.0434893	-0.0308470192	-0.020308586200000003	0.07093211349999999	0.0801808319	-0.047674565	-0.075290285	-0.0326438079	0.0449675347	0.0673840148	-0.047251361	-0.054418070199999995	-0.042187332800000005	-0.14953750970000002	0.0636833611	-0.0380917442	0.090345538	-0.0433722476	0.056278261100000004	0.0777874081	0.0340875647	-0.011820791	-0.06818070009999999	0.0431159932	0.0043103709	0.1003187869	0.0819578893	0.1365476474	-0.0575238433	-0.0100526445	-0.10832746439999999	-0.0069435485	0.0114775208	0.0558063312	0.060413520199999994	-0.13306734	0.0152177829	-0.0574801337	0.0195849014	-0.0433342894	0.0420736941	0.0180902081	-0.06981966070000001	0.08711443630000001	0.0280142892	-0.06926824349999999	0.0799133724	0.053288215300000004	-0.1212430367	0.0821813328	0.0365824319	0.029189735699999997	0.073141956	-0.0234582692	-0.0201422953	-0.09550541789999999	-0.08035622	-0.057992071299999996	-0.0616849451	-0.0495961112	-0.09779626960000001	-0.0017162434	0.041213100600000004	-0.011527686399999999	-0.0444824089	0.059175512699999995	0.0528560551	-0.0718603581	0.013101238000000001	-0.012395119199999999	0.08622161490000001	0.0927559847	-0.0173916387	-0.0287445924	-0.10156140550000001	-0.0165340061	0.0363654691	-0.10809618060000001	-0.0097272856	0.0005788366	0.11376844230000001	-0.0098280965	-0.025925227400000004	-0.1235620073	0.0583201279	0.0567388141	-0.0911288142	-0.0852859334	0.0714488104	-0.094275943	0.0438275556	0.0532959599	-0.050347033	0.1304183382	0.049114708300000004	0.0188087054	0.0705282108	0.0501142107	-0.0338544997	-0.0305413786	-0.031268404300000004	0.1160286905	0.0346129112	-0.0160125217	-0.065251027	-0.0348207975	0.0062348397	-0.11336220400000001	-0.1487739283	-0.0752273657	-0.0416937275	-0.0142073038	-0.08835205539999999	0.0113350039	-0.0551022038	0.05312068	0.0346465493	-0.1205873442	0.057499540599999996	-0.0682361533	0.0455115929	-0.0242099456	-0.0430214234	-0.0531571408	0.0848678013	-0.0234803411	-0.0050150987	-0.069326019	-0.0924240618	-0.0585385092	0.09648642939999999	-0.030032505	0.0368768502	-0.0345098473	-0.07634134940000001	0.043517268	-0.1159570907	0.015727591200000002	-0.0509832437	-0.07306348929999999	0.0659695949	-0.0034375987	0.06754114	-0.0310142752	-0.0478184663	0.0800000336	-0.039576781	-0.0858518942	0.0081169097	-0.027093381	0.043870928499999996	0.011187179399999999	0.0907595378	0.025074931800000002	-0.0601561875	0.0137679779	-0.0204209865	0.0585303625	0.0405671898	0.1592744075	0.0323135769	0.0034250958000000002	0.0672165238	-0.0239551604	0.06508684099999999	0.0987882036	0.06866731200000001	-0.0220072785	-0.0489236019	0.0661773066	0.0359146576	0.1791199425	0.009319932	0.0400567768	0.0247078971	-0.0612960696	-0.13159922	-0.070787096	-0.09301454029999999	-0.0518044103	-0.04600869230000002	0.09258089550000001	-0.0151762052	-0.0904846366	0.0336784079	-0.0669237601	-0.0828523881	0.0060458045	0.0872947008	0.00643032	-0.013148279999999998	4.13490153024e-05	0.00017287726695839996	0.165725	-5.499999999997174e-05	0.027464775625000003	3.024999999996891e-09	-0.27817600000000003	0.023498999999999992	0.07738188697600001	0.0005522030009999996	0.00382569	-0.00056748	3.220335504e-07	1.46359039761e-05	0.00293279	-0.00021207000000000043	4.497368490000017e-08	8.601257184099996e-06	0.00165482	-0.00011695	2.7384292324e-06	1.36773025e-08	0.0	0.0
5478.782428647617	9.657982986885145	30017056.90045788	93.27663537496292	5477.231745110412	-4.764483068935078	30000067.58964525	22.70029891416902	4497.284029285152	-0.24066658280480624	0.05792040407894266	20225563.640063293	4476.985435770962	5377.8885850834195	1.218134	27.590748	0.09601718	0.0452992	-0.0194543919	-0.0987219126	0.030511610800000002	-0.027663739399999998	0.040855085	-0.067590496	0.0908426593	0.0051971294	-0.0797904777	-0.07021807990000001	0.009237749699999999	0.0233471004	0.040060468599999996	-0.022951989199999998	-0.0602846453	-0.010777213300000001	0.06495242429999999	-0.00806741	-0.0637332646	0.0339286104	0.0197639221	0.0570538771	0.07517157	0.0539413642	-0.1424708902	0.0054850001	0.0078089458999999984	0.010747678	-0.0316089037	0.0986503086	0.0560498087	0.09779401210000001	-0.0349537367	-0.0960555713	0.0317404979	0.0009079939	0.0754366991	-0.0552683151	-0.05238312690000002	0.0310287019	-0.0667180353	-0.1544701414	-0.0079804103	0.0137731203	0.10157437710000004	0.0640050806	0.0302568831	0.0206779272	-0.0159116054	-0.029547333	-0.050555857999999995	-0.0194651754	0.021381495499999997	-0.1015134815	0.0072956146	-0.028702612599999996	-0.0537213846	0.0471649878	-0.035504810299999995	0.0253931441	0.09566615949999999	0.0004893456	0.0230365973	-0.058237997	-0.08460194689999999	0.061103393099999986	-0.0575084573	0.0015016322	-0.041191946800000004	0.10003693050000001	0.0758444321	-0.0131913924	-0.006490969599999999	0.1060704796	-0.0353543746	-0.0279559739	0.0296920377	0.08418312189999999	-0.0830652635	-0.0642557769	0.042122546799999994	0.0355936536	-0.08867922519999999	0.0214421271	-0.0823636728	-0.0227482823	-0.038825872000000004	-0.0737998262	-0.0233316481	-0.0202330122	-0.0002613282	-0.0178963363	-0.1066908824	-0.0409831192	-0.0966667147	0.0310345177	-0.0905326267	0.0520177668	-0.10430727070000001	-0.021802469799999998	-0.09181915310000001	0.035322469100000004	0.0195651098	0.0402495514	-0.08111447299999999	-0.0622206045	0.142618531	-0.0011200005	-0.0107220915	0.0325180044	-0.0339208477	0.0907396639	0.0454074514	-0.0205222981	-0.1006916416	-0.11245115720000001	0.0291033263	-0.0334835585	0.046664303	-0.06541740759999999	0.0006032269	-0.047049197800000005	0.015345909599999999	0.107987745	-0.13918120539999998	0.050936322	0.0672692788	-0.0342187734	-0.0101878695	-0.018568986000000003	0.0482823271	0.0087141104	0.0417861904	0.0387668457	0.0123142126	-0.0283869791	-0.1062020122	-0.0256349478	0.0052814153	0.0230687796	-0.003524164600000001	0.0580589082	0.0463289416	-0.0637903016	-0.0696268192	0.1018629776	-0.0031745289	-0.013638981299999998	-0.053471510199999996	0.0371138344	-0.030113105600000002	0.087014132	0.0209199242	-0.0847390897	0.07193391980000001	-0.043914517300000004	-0.0781208085	-0.0297138336	-0.048273235	0.0073718548	0.0144360894	-0.002460117	-0.026924472	-0.07883847349999999	0.1135458109	0.0172739054	-0.0043523721	0.01403845	0.06951696730000001	-0.1042363807	-0.0185786906	0.022571203999999997	-0.0643237535	-0.0310379775	0.0265411106	0.1212499195	0.0047521854	-0.047421806799999994	0.1170486558	0.0512866545	0.0796492534	-0.1325713403	0.055584893200000006	0.0325500881	-0.068554109	-0.0812344112	0.010864754099999999	0.088950115	0.0152715	0.00884118	0.00023321871225	7.816646379240003e-05	0.14083900000000002	-0.02488599999999999	0.01983562392100001	0.0006193129959999996	-0.303498	-0.02532199999999996	0.092111036004	0.0006412036839999977	0.00427451	0.0004488199999999995	2.014393923999996e-07	1.82714357401e-05	0.00273403	-0.00019875999999999962	3.950553759999986e-08	7.4749200409e-06	0.00156304	-9.178000000000009e-05	2.4430940416e-06	8.423568400000013e-09	0.0	0.0
5468.310670771867	-10.471757875749972	29902421.59207747	109.65771300833157	5486.513313245448	9.28156813503665	30101828.33641955	86.14750704532774	4500.15319861953	2.869169334377148	8.232132669330204	20251378.811045583	4480.004886987642	5409.7539668022355	1.120466	25.378563	0.10608890000000004	0.06513830000000001	-0.0353475041	-0.08918135460000001	-0.034446470800000004	-0.0392898831	0.0055228389	-0.022544992000000003	0.0289651578	-0.014221638100000001	-0.0518350921	0.030805182200000007	-0.0727225104	0.0053632021	-0.1379388294	0.0195503607	0.0047246815	-0.0427300442	-0.047215985300000006	-0.0358360385	0.051303240599999994	0.0673513779	0.0184534573	0.08921919210000001	-0.013991758200000001	0.0312179886	-0.0092854273	0.1161841081	0.0748063017	0.034722672999999996	0.024494843	0.058965889199999996	0.0180429994	0.0360596669	0.0793372957	-0.029884370499999997	-0.071048234	0.0379078018	0.0688354974	0.0579262755	-0.085281047	-0.0055123690000000005	-0.1061681039	0.0096520173	-0.0912292099	-0.11108672480000001	0.0544546114	-0.0930689538	0.0123270884	-0.0527226155	-0.0209915591	-0.065846599	-0.04931452309999999	-0.0644228946	-0.11755750529999999	0.0406646527	0.0547194088	0.0724024665	0.042226494100000005	0.057427379800000004	0.0517893641	-0.1028897085	0.0414697785	0.08769651140000001	0.0386832986	0.0057511008	-0.0389428064	0.033906220099999995	-0.0399960886	0.057769594	-0.024617388599999998	-0.0656597486	-0.007806831	0.096051101	0.0640097195	-0.0446703952	0.0438264242	0.0008957475999999998	0.1242947693	-0.0155997364	0.005843051	0.0382182883	-0.0667647504	0.0161568647	-0.08360898650000001	0.0812644885	-0.016504689	-0.0132293323	-0.0168479071	-0.039792944	-0.08855579779999999	0.054682375199999994	-0.0387519311	-0.019695525	-0.0967112978	-0.0434491909	0.046042697300000004	-0.0351102924	0.038967088999999996	-0.0171560475	0.031064349300000002	0.0106380596	0.0385959736	0.0676347395	0.0179618387	0.0956431499	0.0045228669	-0.0251532673	-0.0053790448	-0.13594498800000002	-0.0013457147	0.0644218617	0.030094537999999997	0.0689732589	0.0366469208	-0.0434468754	0.030651769	-0.0836183237	-0.0801090857	-0.0215168332	0.0194456026	-0.0068058325	-0.09998783800000001	0.0081197213	0.1284206312	-0.0255108614	0.0098575814	0.114521755	0.0419066985	0.0838426242	-0.0085748795	0.0779130602	0.0123526906	0.0033609891999999996	0.0444342229	0.0786293731	-0.1209587937	0.0508814026	0.0587210709	0.041265379	-0.049471602	0.0764938699	-0.14078134960000002	-0.06227099320000001	0.0416402675	-0.0395694154	-0.0314096477	0.0121450695	0.012778804599999999	0.034471188300000004	-0.0331574799	0.027131466400000002	-0.09274602109999999	-0.0418967321	0.0283251292	0.005207789	-0.0791604447	0.022530627	0.012457536000000002	0.019721465	-0.0801925359	-0.0456063541	-0.0898044309	0.0819983817	0.0137702695	0.0194480319	0.0727849842	0.0635452832	0.0225426781	0.0351018428	0.0138103701	-0.0173278712	0.0790071915	0.022147093700000002	-0.0825590907	0.08081358429999999	0.0191808024	0.0707075263	0.0915471967	0.057650047	-0.045770512	-0.0202213161	0.0436785912	0.0662346671	-0.0074294758	0.031416097000000004	-0.0701366814	-0.079489063	0.0156534218	0.090218205	0.0181759	0.002904400000000001	0.00033036334081000014	8.435539360000008e-06	0.195116	0.054276999999999985	0.038070253456000014	0.002945992728999999	-0.295373	0.008124999999999993	0.08724520912900001	6.601562499999989e-05	0.00490622	0.0006317100000000006	3.9905752410000076e-07	2.40709946884e-05	0.00273403	0.0	0.0	7.4749200409e-06	0.00174698	0.00018394000000000009	3.0519391204e-06	3.383392360000002e-08	0.0	0.0
5448.618117239821	-19.692553532046077	29687439.38751401	387.79666461250036	5499.509402590503	12.996089345054314	30244603.66918135	168.8983382646343	4496.141794692675	-4.011403926854655	16.091361464384946	20215291.037982266	4476.512912693851	5281.485230608589	1.168417	26.464674	0.10573969	0.051845400000000014	-0.0286707415	0.0249426986	-0.0580625066	0.0164344658	0.0057222344	0.09058505689999999	0.0399141803	0.0320889352	0.0400968865	0.1401564033	0.001907885	-0.037668872400000004	0.1014011823	0.0166629389	-0.061328332	-0.0416302749	-0.017157958	-0.0028181849	-0.0861595595	0.045917615700000004	0.0210191032	-0.0302159148	-0.1366808598	0.060346127199999995	-0.0505111778	-0.0312859219	-0.0144764453	-0.0789974504	-0.004517351	0.0768948712	-0.0480397236	0.0283270298	0.0252562065	-0.157780703	-0.0794261032	0.0735489753	-0.0377939954	0.0415131406	0.0092159159	0.022192634	-0.13294283839999999	-0.0081532956	0.0181099145	-0.0371154052	-0.0364572171	0.0609651162	-0.048476517000000004	0.0009942432	-0.0865696442	-0.05881008610000001	0.0021893614	0.075822986	0.0102297786	0.0041128545	0.036191864500000004	0.0439882477	-0.0101691274	-0.0320839895	0.1008537742	0.0299558841	-0.0113121795	-0.0384251603	-0.1647936192	-0.0727865014	-0.0166260004	0.0049121032	0.0578390842	-0.0274405744	-0.1313923528	-0.0380285381	0.0332357743	-0.011986338700000002	-0.012913628600000001	-0.046588337699999996	0.0514345391	-0.0957525805	-0.1088447927	0.0060815489	-0.014467774099999999	0.03862633	0.08119824519999999	-0.050317100999999996	-0.013818550800000001	-0.0276264528	-0.0314756819	0.0029361246000000002	-0.047787514100000004	0.0379676839	-0.0171688189	-0.026094455899999997	-0.0576069811	-0.0025349302	-0.047657829299999996	0.1220878546	-0.0328187217	-0.0939725436	-0.043093954299999994	-0.0869040001	-0.0510034504	-0.0633543172	0.025364761200000002	0.0437495225	0.0203081288	-0.0075637358	0.13376378960000002	-0.0729077576	0.0502660125	0.0235012635	-0.022302566099999997	-0.0729542451	-0.0275282257	0.09690611699999999	-0.0430957661	0.0281648117	-0.0034387088000000002	-0.15970656800000002	-0.0623888962	0.0235122906	-0.0657617409	0.0742269413	-0.0039349844	-0.0162527157	0.1237505247	0.0137716651	0.0157287406	0.053991429699999996	-0.0172686711	-0.0239367775	0.0470134151	-0.049192834000000005	0.0956954478	0.0818089379	-0.0065477622	0.0302955951	0.051282483499999997	0.0162842483	0.0207002947	0.0442732376	0.0386211168	0.0254000352	0.0520737036	-0.0184789455	0.0628291052	0.1324769561	0.1275045754	0.0387605518	0.0195982738	-0.06547051450000001	-0.0159326496	-0.0587967456	-0.06828493	0.0418630328	0.0120225285	0.0089586745	-0.0055807616	-0.0995324217	0.012633296399999999	0.08434680929999999	0.0731424233	0.0188699102	0.0832761207	-0.0637411628	-0.0436869338	0.0812876492	0.0295432241	-0.0061626176	-0.062255053	0.0573093386	0.052358269699999994	0.045055415	-0.014547703200000001	0.062826222	-0.0159224609	0.0670109355	0.0588421335	0.023637919900000002	-0.11800055400000001	0.0853506831	-0.0162518886	-0.106087621	0.0957860477	0.0148295325	0.0832945535	0.030276632	-0.07167037450000001	-0.0776190801	0.0203984606	0.09109344890000001	0.00631671	-0.011859190000000002	3.99008252241e-05	0.00014064038745610004	0.155888	-0.03922800000000001	0.024301068544	0.001538835984000001	-0.31563	-0.020257000000000025	0.09962229690000003	0.00041034604900000096	0.00509156	0.00018534	3.4350915599999994e-08	2.5923983233600006e-05	0.00292002	0.00018599000000000005	3.4592280100000015e-08	8.526516800400003e-06	0.0014304	-0.00031657999999999985	2.0460441599999997e-06	1.0022289639999992e-07	0.0	0.0
5436.908758083586	-11.709359156235225	29559976.843726	137.10909184970964	5475.200477297668	-24.30892529283483	29977820.26660061	590.9238488926247	4492.3747840520255	-3.76701064064946	14.190369166766253	20181431.200386483	4471.841835175998	5181.3928541086325	1.174016	26.59148	0.09453037	0.054111	-0.0413120701	0.0831910162	0.0929942822	0.044495304900000004	-0.0720843147	0.09384589369999999	-0.0790528798	0.12931089070000001	0.0739234096	0.06661876480000001	0.016903960200000002	-0.0192101092	-0.088394457	-0.0021772296	0.012269856599999998	-0.012696291699999999	-0.028158921099999998	-0.0067171784	0.050551802400000005	0.012650873799999999	0.0487975094	-0.0691214346	-0.0060301322	-0.0372558688	0.1418040927	-0.008629879	0.09531012300000001	0.0046021014	-0.0628919984	-0.0309624041	0.0577978274	0.0492781237	0.1083319915	-0.09946762740000001	-0.0252680448	-0.0041368192	-0.0221943962	-0.0337470392	-0.0830967839	0.023459098900000003	0.08158563519999999	-0.036421521	0.0052017128	0.0304891412	0.0104494327	0.0648528054	0.1005448339	0.0434855122	-0.1396992155	-0.0096634968	-0.007568391	-0.08477383699999999	0.050423105	0.0130819899	0.0108706856	0.081801442	-0.0087449778	-0.006787117099999999	-0.1038966706	0.0858649485	0.0267875383	-0.0006006981	-0.13126377449999999	0.0017450876999999998	0.06517476950000001	-0.007096889	-0.0128543953	-0.0004796162000000001	-0.010083323100000001	-0.0982835691	-0.0835184539	-0.087232411	-0.0047169046	-0.07304111740000001	0.028371725299999997	0.0913185831	0.0649792821	-0.055414261799999996	0.0515294288	-0.0215533994	0.0421787849	-0.037045049100000005	0.0141807772	0.0112100523	-0.0319589244	-0.0692742165	0.08570555199999999	0.0575376057	0.0173272079	-0.0163332602	-0.0096816147	-0.053844002	0.11570346210000006	-0.044063723099999993	-0.0609880545	-0.1967765632	-0.1580065516	0.078678205	0.019654701299999997	-0.0331925141	0.023408077000000003	0.0159995774	0.046414205599999994	-0.0787864209	0.0061665314	0.0534227764	-0.150987163	-0.0243743586	-0.06590524589999999	0.0330411124	-0.068342371	-0.0240806475	0.0772493991	-0.0605156982	0.027080635800000002	-0.1302908709	-0.0138590421	0.0130926809	-0.0360220018	-0.0531889542	-0.0449345404	-0.0401347802	-0.057605208	0.0223229848	0.0031043864000000003	-0.0227091918	-0.0155672333	-0.0206307126	-0.1142098484	-0.0871312368	0.0915130441	-0.0977924835	0.025928068199999998	0.1213347357	0.0308850034	-0.016457943200000002	0.0038585088	0.09433724210000001	0.045099762300000006	-0.0384370873	0.080136746	0.0381418361	0.0044027665	-0.0480991431	0.1067526572	0.0232997182	-0.023942286400000002	-0.006600744699999999	-0.0633992621	0.006962100000000001	-0.0164463962	-0.029216288599999998	-0.07984178089999999	0.12721737660000002	-0.0495683325	0.0622432978	0.1360098009	-0.0097226513	0.0124474461	-0.0482100439	-0.0160019655	-0.0691035403	-0.0024380855999999998	0.0544445319	-0.0712980345	0.0588054996	-0.0329940856	-0.0037264624	-0.0190077315	-0.0407128684	0.0184301396	0.0075926661	0.023237631600000003	-0.0729759955	-0.1474566543	0.046974719500000005	-0.12470767619999999	0.2129366673	0.1379815476	-0.014414698	-0.0104056085	0.0045658483000000005	0.015695004199999998	0.0291318917	-0.0731541193	-0.0756273945	0.0250866452	0.0915720357	0.00628484	-3.186999999999981e-05	3.94992138256e-05	1.0156968999999882e-09	0.198455	0.042567	0.039384387025	0.0018119494889999995	-0.300575	0.01505500000000004	0.09034533062499997	0.00022665302500000123	0.00455144	-0.0005401199999999998	2.917296143999999e-07	2.07156060736e-05	0.00273403	-0.00018599000000000005	3.4592280100000015e-08	7.4749200409e-06	0.00144182	1.1419999999999831e-05	2.0788449124e-06	1.3041639999999622e-10	0.0	0.0
5434.26151632421	-2.647241759375902	29531198.227802303	7.0078889325836204	5470.370889491144	-4.829587806523705	29924957.66859213	23.32491838092245	4489.927614842266	-2.4471692097595223	5.988637141195045	20159449.98652316	4469.815449192979	5157.2497339324955	1.15775	26.223061	0.13886456000000005	0.06488039999999999	-0.0370321952	0.0777555793	0.0828992977	-0.10252750529999999	0.0195114202	0.0423958721	-0.0481671875	0.0973647887	-0.060259397	0.0140117005	0.1085426449	-0.0058081113	0.07326960589999999	0.0330006991	0.0370108648	-0.0264543504	-0.0011630083	-0.0604083444	-0.1114690081	-0.0361659729	0.0601710989	0.0329667601	0.0783710999	0.0166117084	-0.0223360219	-0.0629566341	-0.0945014912	0.0327825527	-0.009860768399999999	-0.0608603643	-0.057380527800000004	0.08359942440000001	-0.043015180800000004	-0.052276845700000005	-0.0242406958	0.014983231699999999	-0.0819883736	-0.06578177519999999	0.0200725936	0.0872306047	-0.036143160099999995	-0.051085797999999995	0.0090844081	0.0569533844	-0.020627633	-0.040756287200000005	-0.026958615	-0.0173894234	0.0604459339	0.019427587	-0.09746365380000001	-0.0008058358	0.011593948	0.0382488981	-0.0722331493	-0.0350113469	0.053111039900000004	-0.10473215779999999	-0.0432755095	0.0650837429	-0.0854349361	0.0368644605	-0.0957925093	-0.025609498900000003	0.039903186	-0.040239138	0.0805554046	-0.01770365	-0.0298746077	0.0262374388	-0.0175856028	-0.1401727898	0.11795846289999999	-0.0271675223	-0.0388841104	-0.0010280503999999999	0.0305934948	-0.0501953224	0.0361230009	0.0570511222	-0.0725098838	0.1030741937	-0.0668028812	0.0268857454	0.0017661032	-0.0040400074	-0.0206850955	0.013718333999999999	-0.0083999821	-0.0202255496	0.0178723772	0.012382115400000001	0.0669515968	0.0581386112	-0.0217990159	-0.057309185599999986	-0.028481170299999997	0.0358428805	0.050505481100000006	0.0214885364	0.0368681825	-0.0314356239	0.0602142545	0.020010339199999998	-0.0866325675	-0.0157988534	0.0358045319	0.0887275108	0.041880418100000004	-0.003152605	0.018758671499999997	-0.0683640224	-0.0544875631	-0.010206071700000001	-0.08123104980000001	-0.0463374074	-0.0239732933	0.0355103059	-0.0873127899	0.0201844802	0.0777908359	-0.1024309765	0.0353132784	0.0330725418	-0.0512178994	-0.0336894556	-0.035587739	0.036271551299999996	0.0255361169	0.0233039554	-0.08023761509999999	-0.0224228581	0.0533786221	0.0146530175	0.012283396	-0.0437400634	0.0475331196	0.025288835099999997	-0.0624385726	-0.0227165511	0.0775534833	0.0309170178	-0.1110555559	0.0448735724	0.1175114309	-0.0103184568	0.0289592419	-0.0525392643	0.0427722566	-0.0322520528	0.039908007999999995	0.0875206121	-0.0319131435	0.103283091	-0.0772179043	-0.071486555	-0.0049053872	-0.0517618745	0.0555810225	-0.063577301	-0.0877024667	0.07311818519999999	0.0130486634	-0.1074307798	0.0134458006	0.0232390852	-0.0189244153	0.0427185886	0.023938654900000002	0.0116206329	0.0268529635	0.0202274437	0.036257145899999996	-0.0206658502	-0.0201146101	-0.0479968504	-0.08622528859999999	0.09051213699999999	0.0123663369	-0.012719490900000002	-0.0359895339	0.010054111999999999	-0.054705322300000005	0.0279820755	-0.07458688179999999	-0.0735171291	0.0297049088	0.0916518812	-0.00250322	-0.00878806	6.2661103684e-06	7.72299985636e-05	0.160886	-0.037568999999999984	0.025884304996	0.0014114297609999994	-0.31996	-0.019384999999999986	0.10237440159999997	0.0003757782249999994	0.00527357	0.0007221299999999996	5.214717368999995e-07	2.78105405449e-05	0.00320868	0.00047465000000000007	2.252926225000001e-07	1.0295627342400003e-05	0.00117615	-0.00026567	1.3833288224999998e-06	7.058054889999999e-08	0.0	0.0
5443.974954051488	9.713437727277777	29636863.300339896	94.35087248170328	5453.047110680244	-17.323778810899967	29735722.79129816	300.1133122889866	4490.077467547452	0.14985270518627658	0.022455833251645126	20160795.664577346	4470.24282858463	5114.452727475793	1.217189	27.569349	0.14229712000000005	0.07158160000000001	-0.0598856292	0.0796447249	-0.0101906961	-0.08961285029999999	-0.036668225	-0.0354182808	-0.07830744	-0.11522935599999999	-0.0755261853	0.0243722104	0.11791656869999999	0.0708604344	-0.040938753700000004	0.0689900491	0.0369566919	-0.0121661705	-0.0131899775	0.033325945499999995	0.0668289587	-0.048884963899999995	0.0897005729	0.0995780486	0.0528530045	0.0175250908	0.0244383892	0.0401505465	0.0038020396000000003	0.1398105735	-0.0728745692	-0.0555564166	-0.1051299941	-0.1049870752	0.039109970200000004	0.04842535059999999	-0.000466924	-0.0172882341	-0.09413344259999999	0.0670863625	0.0094607541	-0.07172087	0.017068972800000002	0.09860172910000001	0.0152103735	0.061217405499999995	0.0564186634	-0.06743841519999999	0.0572540041	-0.0503767628	-0.018881744	-0.0433611966	0.0674923038	0.0654061932	-0.065522865	-0.0223352379	0.0209985553	-0.0408890837	0.0686033922	-0.1482153215	0.1427189553	0.1287931993	0.0570539321	0.021243892400000002	-0.0844243209	4.46201e-05	-0.0705153924	-0.0774612418	0.0444063686	-0.1044845526	0.08814449419999999	-0.0331877474	-0.0220829805	-0.0063187448	0.1036543895	0.0037216946999999996	0.011868496000000001	-0.017428082	0.00046463	0.10101278890000001	0.014450940700000001	0.0183795573	0.1217736722	0.03986635	0.068656254	0.0259236275	0.021192117000000003	0.09287476230000001	-0.054281940199999996	0.0344503313	-0.0075171598	0.0832240883	0.013438218200000001	-0.0727040635	-0.10427025	0.021803172000000003	0.0044455102	0.056691255499999996	-0.0285390255	0.11222273320000001	-0.0140449305	0.1136999554	-0.0034636141	-0.0486572992	0.0915098268	0.08968789029999999	-0.0667236288	-0.0142148554	-0.0148174277	-0.0190056936	0.0523405743	0.1319556348	-0.0656225223	-0.08848225779999999	-0.083415746	-0.0046596126	0.1107690994	0.0708134064	0.026623995600000002	0.0292942022	-0.0459230096	0.0657491274	-0.037803252200000005	0.0342060258	0.0145723291	-0.037236319500000004	0.0874579893	-0.1155172981	0.0688446792	0.0605202231	-0.0605393618	0.019160498999999998	0.0202896268	0.0701552958	-0.050595403	-0.0341629715	-0.0434602924	0.0237320604	-0.0216295287	0.0240482863	-0.096114787	0.034327835	0.1609567499	-0.1267313866	0.015490319099999999	0.0460887478	0.0794019751	0.0859415808	0.0966991922	-0.024338754599999998	-0.0046198934	-0.1183388072	0.0257752611	-0.10201311800000001	-0.040772131	-0.0186649918	-0.0809397439	-0.0726314816	-0.046193630599999994	-0.09923981970000001	-0.0028787008000000004	0.1074429216	-0.0718439672	-0.0606869402	-0.1086388635	-0.025288753100000002	-0.0018612222000000001	-0.0939864203	0.028771642200000006	-0.0024176238	0.0338909294	0.0572839688	0.028849162999999997	-0.068517438	-0.0553418318	0.0594464947	0.0266182107	0.0066953905000000005	0.058435650199999994	-0.0009248333	0.07906147150000001	0.0492864624	0.0567818271	-0.0478497854	-0.021764412799999997	0.0268273839	-0.07596766349999999	-0.07129159269999999	0.0342403795	0.09133263800000001	0.0119129	0.01441612	0.00014191718640999996	0.0002078245158544	0.215547	0.05466099999999999	0.046460509209	0.0029878249209999985	-0.328129	-0.008169000000000037	0.10766864064099999	6.673256100000063e-05	0.00476742	-0.0005061500000000002	2.561878225000004e-07	2.2728293456399995e-05	0.00339935	0.00019067	3.63550489e-08	1.1555580422500004e-05	0.00178035	0.0006042	3.1696461225e-06	3.650576400000001e-07	0.0	0.0
5459.827204516479	15.852250464990902	29809713.103178225	251.29384480480428	5489.298612291711	36.251501611466665	30132399.254907705	1314.1713690861702	4492.1065594782785	2.0290919308263256	4.117214063744506	20179021.341707774	4472.304869452981	5172.221440431672	1.188343	26.915997	0.15127138999999998	0.07367659999999998	-0.0627594966	0.0538085351	-0.0950391036	-0.026213772599999997	0.0672165054	-0.08260029599999999	-0.0243070232	-0.11829171210000004	-0.0089829097	-0.003409058	0.0232255408	-0.0554604706	0.039061056499999997	0.0334233185	0.037820091800000004	-0.0282713945	-0.1077022399	-0.0171503371	-0.063917355	-0.040079912200000005	0.07282049089999999	0.009421717900000001	-0.07229933150000001	-0.0031062799	-0.028268468199999997	0.011481226899999999	-0.0565908311	0.0179782416	0.1339889347	-0.0891707409	-0.043793992000000004	0.0582334086	-0.028029766299999998	-0.078582291	-0.0050294802	-0.07271516139999999	-0.0211539982	-0.0066377356999999994	0.0720636362	0.06686796440000001	0.0362812788	0.0160630144	0.10904685039999999	0.08942356439999999	0.0396198891	-0.0780070378	0.050804946	0.022224561400000002	0.0589050243	0.029805190099999997	0.0092258205	0.0642938292	-0.011183528100000001	-0.0119428317	0.0323032958	0.1103393789	-0.034672464900000005	-0.1139309977	0.030057400499999998	-0.0123450033	-0.0966137772	-0.0400267673	-0.0164042742	-0.0556812407	0.060839554000000004	0.1422995738	0.0133420994	-0.053209659299999996	0.0799941259	0.0372849872	-0.0613007513	-0.050923109800000005	0.0001172918	-0.042721992	0.020818797	-0.022249271600000002	-0.0802282046	0.0174171982	0.1183668049	-0.0234825888	-0.046752807199999996	0.0315485223	0.0371318365	-0.0929971873	0.050815933099999995	0.087892149	0.1217281538	-0.0879813412	-0.0471825838	-0.018570036	0.1142763602	-0.004069323	0.0451721521	0.10073149880000001	0.0343021584	-0.022782449	0.0053543903	0.0388668317	-0.0324752778	-0.0574041201	-0.0677033126	-0.0421379111	0.0750560007	0.0235063111	0.0705145346	-0.0064390899	0.029347108599999998	-0.0005683297	0.0400931451	-0.0160591824	0.1375982742	-0.099657707	-0.0152739729	0.020688548600000002	-0.051283120999999994	-0.053024227699999996	0.0678994161	0.1151765927	0.0080216911	0.0536445569	0.057102332199999994	-0.0602178221	-0.0198337284	0.06589080679999999	0.0360636326	-0.0964681007	-0.004653242199999999	0.0823840208	-0.0608853	-0.0249856604	-0.0404468811	0.0303923965	-0.0055418056000000005	-0.0726006796	-0.0010604886	-0.0009727674000000001	-0.0226110222	0.0634336152	0.045731893600000004	0.0932091945	0.0282769352	-0.030729029300000002	-0.0585703037	0.1032388842	0.030960239100000002	-0.0945938032	-0.0909480247	-0.079076405	-0.0909318579	0.0693656558	0.052675345400000004	-0.038266354100000004	0.046533332999999996	0.0516777729	0.018396763400000002	-0.038032451099999996	0.0162112678	0.0407569254	0.1064839399	0.05103638059999999	-0.0659413269	-0.0351277895	0.08825488460000001	-0.0989174231	-0.0617760135	-0.1219520868	0.0163762949	-0.039083107400000004	-0.0871966895	-0.1094983294	0.0085017134	0.0107536179	0.0417360055	-0.019280983999999998	0.0783352815	-0.1095274839	-0.0089888503	0.0478003287	0.0096903832	0.0297224562	0.0418916159	0.0328490967	0.11166916810000001	0.0256680179	-0.0772955021	-0.0689542748	0.0386804161	0.09061569609999999	-0.00066199	-0.012574889999999998	4.382307601e-07	0.00015812785851209996	0.173057	-0.04249	0.029948725249	0.0018054001	-0.352948	-0.02481899999999998	0.124572290704	0.0006159827609999991	0.0056815	0.0009140800000000004	8.355422464000004e-07	3.227944225e-05	0.00356298	0.00016362999999999968	2.6774776899999894e-08	1.26948264804e-05	0.00143031	-0.00035004000000000003	2.0457866961e-06	1.2252800160000002e-07	0.0	0.0
5467.286075918736	7.4588714022575004	29891217.03593489	55.63476259541477	5466.213656065529	-23.08495622618193	29879491.73375728	532.9152039647358	4498.006225175854	5.899665697575075	34.80605534314398	20232060.00172073	4477.333070902946	5243.19392937133	1.131012	25.617443	0.09713011000000006	0.0530934	-0.1053544961	0.0285809648	-0.0116494694	0.11394438679999999	0.040585093100000004	-0.0359759943	0.0238316619	-0.0353993038	0.0927820653	-0.0114625278	-0.021869387	0.035247174	-0.0120693256	0.0149235343	-0.0042710121	-0.052344835199999995	0.0470528423	0.0381388967	-0.0033108453000000003	0.0402206251	0.057523554299999995	-0.0532493963	-0.0157919067	-0.0019263817999999999	-0.0310598115	0.0889420104	-0.0702314086	0.1040083791	-0.0704364797	-0.023893067400000002	-0.09267374029999999	0.0424018584	-0.1263110186	0.035743736	-0.018064977700000002	-0.0618771135	-0.0815802573	-0.032173356	0.1186143815	-0.0985505821	0.09790477060000001	0.0602703135	-0.0837153328	0.008565931700000001	-0.056544577699999994	0.07167383599999999	0.0203756668	0.0132362648	0.0521713741	-0.0593073915	-0.0164480044	-0.046996303600000004	-0.063349976	-0.005823572	-0.09364793619999999	0.019754926399999997	-0.0837619587	0.0141307339	-0.029658990299999997	-0.0081026372	0.06213589200000001	-0.0763730537	0.0058974005	-0.022241536200000002	-0.1211839024	-0.0056105971	0.043352783	0.051836109400000004	0.0699220953	0.0830882676	0.0248021953	0.10153130910000001	-0.0119386115	0.0382731121	0.009160287900000001	0.0891023382	0.0333370656	0.004465976500000001	-0.0072726188	-0.0094980549	-0.054516105	-0.0322798699	0.1064450234	-0.1602523809	0.0690488819	-0.0477163293	0.0072432804000000005	0.067075519	0.0057421816	0.0268982119	-0.028478173500000002	0.0127962402	-0.08171291259999999	-0.1033872247	0.0661247486	0.034353859300000004	0.11603200890000001	-0.0089168925	0.104538851	-0.016794705400000002	-0.0312255629	0.0407928669	0.0579220078	-0.0521762645	0.0301159577	-0.0019588879999999998	0.0365025262	-0.0296896506	0.11531717789999996	0.0826610861	-0.0503167237	-0.043147137800000006	-0.12526673119999998	-0.0120699905	-0.09982698359999999	0.0762257898	0.0277711141	0.10491805779999999	-0.0533737043	-0.005113186699999999	0.0687758221	0.1012599958	-0.0786732678	-0.1251585097	-0.0138237184	-0.0500308707	-0.0123323297	-0.060482983	-0.004195962199999999	-0.01514936	-0.039414283700000004	0.0037483813	-0.012592388400000001	0.0582038372	-0.0805854761	-0.071841767	0.010352007199999999	-0.027966914500000002	0.0493190391	0.0525943547	-0.025300177099999998	0.08005167860000001	0.0159970865	0.0170333377	-0.0778569621	0.156290521	0.0494093591	-0.0032460616	0.0027854298999999997	-4.73043e-05	0.0710751303	-0.0120198941	0.094485365	-0.0815259007	-0.0051460613	0.0942900683	-0.042168856	-0.045406954699999995	-0.042753885400000004	0.0116722242	0.021322660499999996	0.0273485298	0.0850432205	0.068106128	-0.12009278949999999	-0.048595621	-0.0632936371	-0.1143024608	-0.0233408334	0.0699770475	-0.0028366222999999997	0.0037725004	0.0152220097	-0.0278632383	0.0023274288	0.0516013746	0.16011834789999999	-0.0063826314	-0.0537305175	0.0100149303	-0.023111788199999997	0.049806044400000006	-0.0220242629	0.024504179700000003	-0.0785694722	-0.0665088402	0.043012643499999996	0.0895041772	-0.007903099999999998	-0.0072411099999999985	6.245898960999996e-05	5.243367403209997e-05	0.217736	0.04467900000000002	0.047408965696000005	0.001996213041000002	-0.361802	-0.00885400000000003	0.130900687204	7.83933160000005e-05	0.00514706	-0.0005344399999999997	2.856261135999997e-07	2.64922266436e-05	0.00366272	9.974000000000009e-05	9.948067600000014e-09	1.34155177984e-05	0.00152325	9.294000000000012e-05	2.3202905625e-06	8.637843600000022e-09	0.0	0.0
5463.358693361864	-3.9273825568716343	29848288.21233266	15.424333748019581	5482.268484354715	16.054828289185938	30055267.734548945	257.7575113952449	4501.330836894318	3.324611718464439	11.05304307855107	20261979.303175706	4480.617537597966	5319.437753059975	1.162354	26.327332	0.0460648	0.021138	-0.070092344	-0.0271026358	0.09020632210000001	-0.0086615809	0.051168442	-0.0484757736	0.0264761469	0.0970040079	-0.0030719138	-0.044137309400000005	0.0007870536999999999	-0.0161675949	-0.0271768949	0.0385521144	-0.0813974856	-0.0067237183	-0.0313060323	-0.0070052486	-0.0219039727	0.0833135889	0.0248463859	-0.0091995429	0.08668955140000001	-0.0120575418	0.0569174851	0.08647176320000001	0.0178276806	-0.009344789899999999	0.0567089759	-0.0401159663	-0.0235967966	0.031648179500000005	0.021261044700000002	-0.08320980480000001	0.0588522904	0.10152070640000001	-0.07779990099999999	0.08155015980000001	0.023615097	-0.0522172484	-0.0311909281	0.0835189527	-0.136077076	0.0219137564	0.2129118018	0.059512423099999996	-0.042908504900000005	-0.00022023709999999998	-0.0577235221	0.1482121693	0.0416595108	-0.0407942231	0.0091404489	0.0076212477	-0.0205302084	0.0622793904	-0.0435068938	0.011323530200000001	-0.029580443900000006	0.00399395	0.0658213325	-0.06724589360000001	0.0861882033	-0.0387316967	0.0085890725	-0.0434500619	-0.002777574	-0.020777214199999998	0.0474676237	-0.0800396471	0.0305479967	-0.025980187400000004	-0.0345317607	0.0583472213	0.1613312502	0.016114006	0.0581467517	-0.0584006325	-0.10428843089999999	0.1200363545	0.017063815700000002	0.0852287241	0.0179180538	0.0818850191	-0.0919202952	-0.0644025127	0.0017218341	-0.012655706999999999	0.0081215799	0.12027602109999999	-0.0314003004	-0.0714217825	0.013238033400000002	0.0146741032	-0.025714543399999998	0.0740612182	0.041054512200000004	-0.0165142015	-0.02236355	-0.1139533354	-0.0258985955	0.0858395574	0.0231720921	-0.0229109042	-0.07748690150000001	0.0238260579	-0.0579917979	-0.0798409209	0.031353888999999996	-0.008308568399999999	0.0593366122	-0.044527388700000003	-0.0060916978	0.0042365482	-0.0248060262	-0.0840127342	0.0441598156	-0.07902681889999999	-0.0463791025	0.1044973705	-0.026135138	0.034974355299999996	0.0376219673	-0.1122424533	-0.0157976027	-0.039855952400000005	0.2632531643	-0.0246694169	0.0226352775	0.0164031331	0.0737909476	-0.1391618616	0.0027245985999999997	-0.0411484016	0.0398257321	-0.031559076299999995	0.0361215892	0.0388353549	0.06663725690000001	0.0203898567	0.016091426399999997	0.0094143352	0.0153909102	-0.025575666099999998	-0.0756166527	0.0557014991	-0.0693271852	0.0132483094	0.03376939	-0.0042009949	-0.0150442449	-0.0903154566	-0.0479689046	-0.042483893499999995	0.028383606800000002	-0.0992936384	0.1011567039	-0.0863470959	-0.0827329134	-0.0592221725	-0.006387125400000001	0.13936916789999998	-0.1077485278	0.0723867373	-0.0474087921	0.0881073264	-0.0460394503	0.0313572656	-0.006654664100000001	-0.053486759800000006	0.0056769862	-0.0690610439	-0.0379406532	0.0875109283	-0.0909691633	-0.0282014912	-0.020553508	-0.0617068179	0.0006472843	0.0338801334	0.0704652559	0.0627758084	0.045717432300000006	0.023336071899999998	-0.0797886859	-0.06395912320000001	0.0472249869	0.0880029215	-0.0100059	-0.002102800000000002	0.00010011803481000001	4.4217678400000084e-06	0.205287	-0.012449000000000016	0.042142752369	0.00015497760100000038	-0.346669	0.01513300000000001	0.12017939556099999	0.00022900768900000024	0.00523026	8.319999999999942e-05	6.922239999999904e-09	2.73556196676e-05	0.00379332	0.00013060000000000025	1.7056360000000066e-08	1.4389276622400003e-05	0.00163705	0.00011379999999999983	2.6799327025e-06	1.2950439999999965e-08	0.0	0.0
5460.326591984021	-3.0321013778429915	29815166.49112784	9.193638765517367	5480.608905407474	-1.6595789472412434	30037073.974031705	2.754202282126354	4497.99367206966	-3.33716482465843	11.13666906693753	20231947.0739787	4477.866168946533	5296.2025459946035	1.082783	24.525045	0.14848704999999998	0.0900654	-0.0900804273	-0.015293565	-0.011600567800000001	-0.079154896	0.0846008932	0.0441467943	-0.030177857000000002	-0.022562876699999998	-0.0793622509	-0.0109933751	0.0392659008	-0.045277572300000006	0.0607667048	0.077309734	-0.1412129882	-0.0061626381	0.0684057656	0.0645054038	0.0606480789	0.08798802539999999	0.0676215549	0.0839777621	0.0042262059	0.047902256399999996	0.0066669545999999994	-0.006209499300000001	-0.0662508446	-0.045525690300000005	-0.0334179333	-0.1097242024	-0.0647580914	-0.0350698687	0.06419558709999999	-0.0199537625	0.039806238199999996	0.0365825265	-0.128140157	0.0992238472	0.0114981071	0.0178759782	0.025477501800000003	0.006311444300000001	0.0166524083	-0.0699342172	-0.0050761404	-0.08093032730000001	0.1093033358	-0.0055629697999999995	-0.0946049542	-0.0008745903	0.0409763455	-0.0775128766	0.0142000924	-0.0078226779	0.0319955537	-0.0054238925	-0.0893803407	-0.0519068695	0.023967657200000003	0.13319610369999998	0.141122374	0.07963376309999999	0.0590172305	-0.0376726354	-0.0260845008	-0.1021016332	0.0572208004	-0.0388878768	0.001793123	0.1188911919	0.007302756	-0.008104339200000001	-0.032062975699999996	-0.16384282449999998	-0.0336886996	0.0330572909	-0.0914040149	0.0672423105	-0.10364277779999999	-0.0740083817	-0.09080810199999999	-0.015481328999999999	0.0132418972	-0.0921622906	-7.77584e-05	0.012439388700000002	0.05782773030000001	-0.0678274679	0.060961952800000004	-0.12601809349999998	0.059030325599999996	-3.89189e-05	-0.1079572687	0.011415766499999999	-0.10235321650000001	0.0791248912	0.0260125488	0.0301136369	-0.0050265096	-0.0016057406	-0.0696011873	0.0856625818	0.0699758761	0.0825821372	-0.016033206499999998	-0.0580221874	0.0044373011	0.040295147999999996	0.0360603027	-0.0741524797	-0.048888461200000004	-0.1174917164	-0.0650586959	-0.005282604000000001	0.0719624822	-0.014786553400000001	0.0579786375	-0.0081623291	-0.1155247947	0.0915246093	-0.046824762699999994	-0.0062157633	-0.0456695717	-0.0342222207	0.0404993944	0.0707747307	-0.0073921896999999985	0.07895455950000001	-0.1113754902	0.0117670717	0.06071445230000001	-0.0375969305	0.02598713	0.0134212973	0.0101633841	0.0207053024	-0.0805362723	-0.0568512529	0.061025591	0.0549234836	0.1312229041	-0.1370476892	0.0196089186	-0.12710397980000002	-0.0562260972	0.11095859429999999	0.0428889799	-0.0483194251	0.0614640718	-0.0438349933	0.08754918240000001	0.1105989377	-0.026293562000000003	0.0133269055	-0.0559746707	0.07890130000000001	0.0634342602	0.09088141599999999	0.0318056935	0.1295368085	0.1531040006	0.05771312360000001	0.0245509238	-0.0418375628	-0.012589013400000001	-0.06104688780000001	-0.0090895779	-0.0190650035	-0.0550375788	-0.045011947999999996	-0.0767005616	0.01074295	-0.1288836815	-0.058367387800000003	0.1574215321	0.036442851400000004	-0.0491581286	-0.0899179798	0.0145634387	0.0845284434	-0.0578490787	-0.0320200283	-0.0073974908	0.0221638981	-0.0809522936	-0.0613091217	0.051305705800000004	0.0861184661	-0.00338035	0.00662555	1.14267661225e-05	4.38979128025e-05	0.189717	-0.015569999999999999	0.035992540089	0.0002424249	-0.385582	-0.03891300000000003	0.14867347872400002	0.0015142215690000026	0.00670915	0.00147889	2.1871156321e-06	4.5012693722499986e-05	0.00372558	-6.774000000000016e-05	4.588707600000022e-09	1.38799463364e-05	0.0014361100000000006	-0.00020093999999999928	2.062411932100002e-06	4.0376883599999716e-08	0.0	0.0
5465.8533845737675	5.526792589746036	29875553.22165651	30.545436330071713	5496.127507403435	15.518601995961035	30207417.57763669	240.82700790904582	4492.960759126298	-5.032912943361224	25.330212695452946	20186696.383048765	4472.995443240118	5234.229537427838	1.218938	27.608961	0.190644588	0.131495	-0.016516702299999998	-0.0020914426	-0.1117722058	0.0099783886	-0.054513020599999996	-0.044035944400000006	-0.0171974705	-0.0952563815	0.0033152288	-0.0128299762	-0.012808577199999999	-0.0696425613	-0.0403516937	0.0493000054	-0.0050476252	0.049383710899999995	-0.0699515846	0.0416701877	-0.0325483349	-0.033459313	0.051090324299999997	0.059948663799999996	-0.08641434029999999	0.030419940299999997	0.0954711084	-0.0222525623	0.11217493449999999	0.0101184926	0.0248257323	-0.02733514	0.0017545138000000001	0.0315929862	0.023558955099999997	-0.0142267604	0.028312614399999998	-0.06724271	0.025478676699999998	0.0922751552	0.1350675425	0.0023533741	0.11328593599999999	0.0265830715	0.022031749700000002	-0.0642120078	-0.0154925635	-7.43953e-05	-0.0534530329	-0.021186165	-0.0720806651	0.10076568179999999	-0.14282034130000001	0.04249262349999999	0.063564121	0.08607731099999999	0.0056035773	-0.0566502181	0.04580415559999999	0.038451660299999996	-0.014795626200000004	-0.0191545961	-0.0317578949	0.0023362591	0.090629438	0.0196701026	0.024519933799999998	-0.0819497473	0.018168613	0.11526018390000001	0.0350900518	0.0038905222999999997	0.0489844003	-0.0570614358	0.08406313539999999	-0.0541712554	0.016604283	-0.0073042683999999984	0.0712220552	0.0167984669	-0.0424800362	0.0737764378	-0.0045209218	-0.0827855193	-0.11760445800000001	0.001865777	0.0258000503	-0.0216280076	-0.0331006782	-0.0696514297	0.0204444803	0.0043912047	0.068463194	0.0196416413	-0.0830493394	-0.05957712	-0.0545048892	-0.1156502619	0.044145053600000005	-0.0253445121	0.0188796647	-0.06915645349999999	0.054610484800000005	-0.037971007599999995	0.052578698300000004	0.069968816	0.0689250324	-0.021424278199999997	-0.11184172460000001	-0.0349443073	-0.0960197881	0.0265051321	0.0011316516	-0.0372093132	0.0418929925	-0.0174374494	-0.010578134599999999	-0.0082928231	0.09421511210000001	0.0858624811	0.0717796577	0.1002000381	0.031399759	0.061384125199999987	-0.1053506673	-0.0557919452	0.0360132394	0.0302679177	-0.030251692799999997	0.028166834100000007	0.059752335999999996	0.0192477108	0.0041361909	-0.0075970219	0.152198458	-0.0238954119	0.10835843740000001	0.0372089781	0.1108061298	-0.0096921562	-0.024051542999999998	-0.0610139644	-0.0488971891	0.002585477	-0.0254321434	-0.0055322953	-0.037980196	-0.0184238329	0.014422429399999999	0.045285216600000004	0.1296021889	0.06201356650000001	0.0728328492	0.025512164599999998	-0.0781596694	0.031116104900000007	-0.0688509545	-0.0500538334	0.029893050600000002	0.0052978711	-0.017827901200000003	-0.0190480591	-0.0443244259	0.0639188617	0.019949063899999998	0.0798113722	0.1280610354	0.010939721999999999	0.0158578461	-0.035468839	0.0755147598	-0.056202175	0.006143921	-0.0357365561	-0.0534350759	-0.0378453162	0.0681190554	0.0849469475	-0.0050445572	0.0568066746	-0.0946755107	0.0035985668	-0.0074908577	0.0383789965	-0.0631218093	0.0209878625	-0.08205948440000001	-0.05856299070000001	0.055243426500000005	0.0838590164	0.000236738	0.003617088	5.6044880643999995e-08	1.3083325599743996e-05	0.197611	0.007893999999999984	0.039050107320999984	6.231523599999975e-05	-0.343689	0.04189300000000007	0.11812212872099995	0.001755023449000006	0.00437147	-0.00233768	5.4647477824e-06	1.91097499609e-05	0.00346658	-0.0002590000000000001	6.708100000000006e-08	1.20171768964e-05	0.00158424	0.00014812999999999936	2.5098163776e-06	2.1942496899999808e-08	0.0	0.0
5476.398390717774	10.545006144006948	29990939.33385623	111.19715457714427	5469.75298634531	-26.37452105812463	29918197.73163344	695.6153610454594	4492.95948420145	-0.0012749248480758981	1.6254333682413513e-06	20186684.926675767	4473.175251210232	5283.086140200032	0.983382	22.273615	0.111818538	0.0630158	0.0052692797	-0.0501797264	-0.0564692301	0.09014589769999999	-0.031478311099999996	-0.040944032000000005	-0.0038451647999999997	-0.0510528187	0.0734235407	-0.026312190200000002	0.0144898325	-0.0382541673	-0.0111955163	0.0380321534	-0.077938109	-0.0010717234	0.0338377896	-0.0768278882	-0.10498343460000001	-0.0552277064	0.013928331200000001	-0.054097114	-0.0357007783	0.042161797800000005	0.0074107904000000014	0.022200318700000003	0.0160546957	-0.0560279479	-0.006870197099999999	-0.0251968864	0.09403357550000001	0.0023572225	0.018374643700000002	-0.0486093701	0.0440068853	-0.06539400990000001	0.0480365588	0.0566521358	0.08592137550000001	0.10713047369999999	0.0206246343	-0.0085557135	-0.011641725700000001	-0.0799294129	-0.025955178	-0.042993782	0.0217362846	0.0970568042	-0.1070604306	-0.05776636490000001	0.024903639100000003	0.0772229061	0.0372003309	-0.06606914900000001	0.0131286164	-0.0418176107	0.0677746744	-0.042270414400000005	0.1233651726	0.007167056999999998	-0.0319164331	0.0170526636	-0.052925327800000005	0.10613074289999999	-0.0067615596	0.055723843200000005	0.0118797859	-0.1385327184	0.035719633199999996	0.0452068911	0.0606684876	0.0275464131	-0.06461648519999999	0.1300370011	0.020256938500000002	0.102701635	0.0170477896	0.0261053587	-0.0905086492	0.0242721271	-0.0412399119	-0.0462416057	0.003932007899999999	0.0075525398	-0.09380983820000001	-0.0766989384	-0.04551254230000002	-0.1196879159	-0.08889537119999999	0.1029852335	0.0097364904	0.011316159	0.013669683	-0.029636171099999997	0.0420574582	0.0104382008	0.055465051900000006	0.0492107075	0.046808293200000003	-0.027460416499999998	-0.0407965163	-0.0562789596	0.0134275367	-0.06065937160000001	0.0346731746	-0.0494443417	-0.0039780616	-0.020433764899999998	-0.0022643165	-0.0529123434	-0.0280172695	-0.0178062422	0.12574975689999998	0.0093527641	-0.0010654561	-0.030295815299999997	0.075524763	0.0385914652	0.07568193969999999	0.0281051806	0.0224048548	-0.0518532483	-0.026499940099999997	-0.058448748499999995	0.012528287800000001	0.098715245	-0.0371958471	0.0895311719	-0.0115222295	-0.12019738869999999	0.06935727629999999	0.0963008103	0.019151338799999997	-0.037360591400000004	0.0552857054	0.0048605029999999995	-0.0991081315	-0.027885038900000002	-0.0496723313	-0.0356987333	0.0471684583	-0.0921622126	0.0538932747	0.062520138	0.0212791412	-0.1008423355	0.08402617289999999	-0.0543785677	-0.1088508227	-0.0805567157	0.0220517711	0.0025294922	0.0199232558	-0.1085776157	0.05905488	0.0296787766	-0.0198079297	-0.10451769539999999	-0.060989571900000004	-0.003791395	0.0815656924	0.1017562745	0.0053897624	0.0729106103	-0.0389576958	0.0610269381	0.0191663577	0.0038831404	0.09414933449999999	-0.1449674061	0.0596126858	0.018993434	0.0059230993999999995	0.0702488028	-0.0384361171	0.0051640786	0.08590767960000001	-0.0109191498	-0.021474503	0.0938483781	-0.042190228899999994	0.047837110599999996	0.0020463258999999998	0.0198081701	-0.08310948650000001	-0.0557250359	0.059027173899999986	0.0812344112	-0.010367800000000002	-0.010604538000000002	0.00010749127684000004	0.00011245622619344404	0.142024	-0.05558699999999997	0.020170816576	0.0030899145689999965	-0.354414	-0.01072500000000004	0.125609283396	0.00011502562500000083	0.00446137	8.99000000000004e-05	8.082010000000072e-09	1.99038222769e-05	0.00322972	-0.00023685999999999976	5.610265959999988e-08	1.0431091278400004e-05	0.00121296	-0.00037128000000000015	1.4712719615999996e-06	1.3784883840000006e-07	0.0	0.0
5482.607535269769	6.209144551994541	30058985.38579685	38.553476067563494	5475.400526400438	5.647540055128047	29980010.924506195	31.894708674275712	4496.76278116469	3.803296963239518	14.46506779058694	20220875.510068	4476.445916014155	5428.425572739649	1.144859	25.93108	0.1144154	0.060118499999999984	0.0206644997	-0.1421011832	0.080679542	0.0662668379	-0.07834488	-0.053120188	-0.0680195232	0.0790359696	0.0600360798	-0.0096901454	0.0682282603	-0.0390316062	-0.0790193588	-0.0981442769	-0.23598944170000002	0.07451262980000001	-0.0213175796	-0.1223593414	0.07916203349999999	-0.015557923700000004	-0.0411859643	-0.0351288879	0.09907497359999999	0.031879092799999995	0.0668983316	0.0927035	0.0695814366	0.08977679039999999	-0.031002561499999998	0.0397542464	0.0503550033	0.0647298877	0.0958518698	0.055535480899999996	0.11078744609999999	-0.0346919095	0.031578097299999996	-0.0629389906	0.0471510786	-0.088137003	0.0321533011	0.13162746960000002	-0.0146130819	-0.0701053244	0.012095568400000001	0.0167025469	-0.0431033274	-0.009219518199999999	0.0976418585	-0.030893611600000002	-0.0265731524	-0.1306854357	-0.0375709495	0.044774645300000006	-0.0377788956	0.0814022846	-0.0437746013	-0.0767906191	0.036432846	-0.0999824424	0.0499266179	-0.08275644110000001	0.0456746616	0.0605775579	0.0505297925	-0.020574171999999998	-0.0710910651	-0.0476441809	-0.0166788855	0.0097574008	0.0538302949	-0.1255443692	-0.0921919103	0.1018097742	-0.054159199000000005	-0.0127659608	-0.0505975276	-0.0854114384	-0.0862211315	-0.1318661292	0.0030343483	-0.0637843015	0.0127208904	0.043053989	-0.09948671740000001	0.0099170734	0.0235682364	0.050578414	-0.05520408809999999	-0.0307079544	0.0093352373	0.0385131009	0.018884778	0.0618498671	-0.1110629853	-0.0156239317	0.0826180648	-0.0159384316	0.0737458362	-0.0324567191	0.0989812707	-0.014082009	-0.0416760708	-0.053867826900000006	-0.0915874197	-0.0226038619	-0.0668027589	-0.08776426779999999	0.033150201000000004	0.113831263	-0.029039086800000002	0.0283745458	0.0793443085	-0.11512789970000001	0.0180111975	0.0132868266	0.1082406401	-0.0412781415	0.0005505976	-0.0811894937	0.0628771749	0.09812868460000004	-0.0295017809	-0.0779410872	0.0992749644	0.012633553899999999	0.0569623219	-0.0274770128	0.0678360247	0.0551504954	-0.1021015423	-0.0282731273	-0.014407903400000003	0.0694091215	-0.0543043962	-0.0820883976	0.020007370400000002	-0.0326221034	0.0383084196	0.13214153	0.024600464199999998	-0.0219505067	0.0696459762	0.058217325300000004	-0.10680148369999999	-0.1081250965	-0.0313799418	0.015135938100000001	-0.0409231916	-0.0182621778	0.0693423827	0.1049547774	-0.1135754209	-0.0197537908	0.1118099822	0.0257786406	-0.0140600919	0.0068260412	-0.0691972995	-0.10050516849999999	0.1900605719	-0.0762213654	-0.0068968297	0.010137169599999999	-0.013102112800000001	0.0548181487	0.015313543600000003	0.1016419324	-0.0504485639	-0.012406293600000002	0.0212409503	0.021115611800000003	0.0349912882	0.039288438700000004	0.0305262654	-0.0018712754	-0.0984527882	0.004737762	-0.0479767342	0.023891067000000002	-0.0430960966	0.0821085963	-0.047444579900000006	0.018625026399999998	-0.0841015683	-0.0527997072	0.062646402	0.078256079	-0.0104142	-4.6399999999998526e-05	0.00010845556164	2.152959999999863e-09	0.180191	0.038167000000000006	0.032468796481000005	0.0014567198890000006	-0.333335	0.02107900000000001	0.111112222225	0.00044432424100000057	0.00373168	-0.0007296900000000003	5.324474961000004e-07	1.39254356224e-05	0.00301285	-0.00021687000000000008	4.703259690000003e-08	9.0772651225e-06	0.00136886	0.00015590000000000005	1.8737776996e-06	2.430481000000001e-08	0.0	0.0
5465.304691135225	-17.302844134544102	29869555.366944697	299.3884151443272	5469.181248377036	-6.219278023401785	29911943.527599	38.67941913236841	4496.7338501777585	-0.028930986931300137	0.0008370020048190594	20220615.31933449	4476.4035518762075	5437.963309619563	1.200206	27.184677	0.11950914	0.06757510000000001	0.0351409362	-0.1205140722	-0.0158778332	-0.0564889825	-0.048620992599999996	0.1303564562	-0.025526362799999997	0.0343169777	-0.0974224943	0.043582904400000004	0.0150992849	0.0667210062	0.081011181	-0.0950250127	-0.0286861933	-0.052884956799999994	-0.0493061213	-0.0071744429	0.12139538050000001	-0.0132876944	-0.021615349	0.06994972690000001	0.0250353844	0.0732857298	-0.005665989000000001	-0.009096886	0.0221441438	0.001211689	0.058942559400000004	0.028895138100000002	-0.071404225	-0.0509252516	-0.0918250189	-0.0253878325	-0.012101259599999999	-0.0319196354	0.0604419993	-0.07372712099999999	-0.0117148478	0.0404658019	-0.0340931225	-0.0560087568	-0.0035993488	-0.0592429284	0.0749793304	-0.0008974966	0.0566565999	0.0956471676	0.1316078034	0.0314483868	0.11424702390000001	0.058143235599999996	0.1357216674	0.0086252865	0.0494741848	-0.0321825839	0.00375766	0.0929585394	0.020598396	-0.044633216399999995	0.013693950600000001	0.0779949372	-0.1190494758	0.0408876361	0.0092128256	0.037676785899999995	-0.0764316941	0.0776670498	0.0729250546	0.019990995600000002	0.010103196600000001	0.0032382322	-0.046083053799999996	-0.0050054043	-0.0783691191	0.038744428500000004	-0.0413364341	-0.0208724993	-0.011736421799999999	-0.0095841811	0.0462657047	-0.0730105023	0.0785305908	0.03471645	0.024900721299999998	0.042465965599999995	0.0860240975	0.06635179440000001	-0.0725555912	0.027916679399999998	0.0336500456	0.054096121799999994	-0.0402518797	-0.007138964499999998	-0.0119759004	0.0161843302	0.0955825944	0.07216926280000001	0.052942996799999996	-0.0288402429	-0.0628913232	-0.013066539399999999	-0.0216902698	0.0769152386	-0.0362907891	-0.0680476653	-0.005609995699999999	-0.0064927522	-0.027254658199999997	0.018854591	0.039872781600000004	0.0360837875	-0.0837638329	0.08835708199999999	-0.0110701822	9.9951e-05	-0.0123532894	0.0174565749	0.07261908730000001	-0.0696816834	0.0400333634	-0.0528586472	0.0134801229	0.0473922945	-0.0448971859	0.084883504	0.0833135201	-0.0006175097	-0.06698851530000001	-0.0775140043	-0.11605085359999999	6.053600000000001e-05	-0.12506629060000002	-0.0774769137	0.0709944783	0.10447889099999999	-0.0289089556	-0.0269046647	-0.003121145	-0.0349071535	-0.0648780488	0.0280610214	0.0547770238	-0.0088857602	0.1097930742	0.013875771200000001	0.0355110464	0.0723187715	-0.09520294230000001	0.10506289740000001	0.06001763	0.0384246898	-0.0294426855	-0.009623076099999999	0.0568924595	0.08795951130000003	-0.0571849366	0.0136742154	0.012608993	0.0176211347	0.025813031400000002	-0.0499845916	-0.046930423	0.0637963807	-0.0297613752	0.0188563627	0.0639001575	0.018943542	-0.1258888165	0.0208759652	0.0429490837	-0.021135697400000004	0.0672559358	0.0299959848	0.0768359354	-0.001783044	0.0563153452	0.0039676916999999996	-0.009459963100000001	0.1287339557	-0.0698663266	0.0104947967	0.0386093703	0.0174386375	-0.0850350384	-0.0497915913	0.0660910233	0.0749369886	-0.00554606	0.00486814	3.0758781523600005e-05	2.36987870596e-05	0.136426	-0.043765000000000026	0.018612053476	0.0019153752250000023	-0.34623000000000004	-0.012895000000000044	0.11987521290000006	0.00016628102500000118	0.00468273	0.0009510500000000006	9.044961025000014e-07	2.1927960252900007e-05	0.00296969	-4.3159999999999987e-05	1.862785599999999e-09	8.8190586961e-06	0.00120345	-0.00016540999999999995	1.4482919025e-06	2.7360468099999984e-08	0.0	0.0
5450.920543592354	-14.384147542870776	29712534.772557165	206.90370053507544	5488.841695406094	19.660447029057647	30127383.157228444	386.53317738238184	4491.556282299744	-5.177567878014088	26.807209131443305	20174077.8370663	4471.724039869351	5241.32968111723	1.2991700000000002	29.426231	0.13830914000000002	0.07322619999999999	0.0473304564	0.0011717244	-0.0795912622	-0.0353792889	-0.1442562593	0.0218771563	-0.0484357884	-0.0398223818	-0.014631848999999999	0.0837310496	0.041106382999999996	0.09440975880000001	0.001907946	0.0040038644	0.0965417293	0.0913900919	-0.11965103740000001	-0.0025783037	-0.031035313999999998	-0.0661062743	0.028307070499999996	0.0507919055	-0.0701487704	0.0310795296	0.0608970054	-0.0407644593	-0.0160149866	0.1536834691	0.034863369	0.0309825283	0.06784591059999999	0.0081653464	0.0062595073	0.0111931992	0.0262583319	-0.0147534428	0.1010414278	-0.0203729695	0.1107206211	-0.029401454700000006	0.039745884700000005	-0.1167218509	0.0142584845	0.024050525299999997	0.0011650173	0.1254236801	-0.0796851089	0.025132017000000003	0.0193672792	-0.0535061961	0.0593386195	-0.054191952300000006	0.011784514199999999	-0.0305861263	0.05904313150000001	-0.028246789799999998	0.006503190799999999	-0.0164814969	0.008449271500000001	-0.0034109609999999997	-0.0729856381	0.0781622019	-0.1061177733	0.0754675975	-0.004776451	-0.020867208999999998	0.0261302161	-0.0673746088	-0.1256503743	-0.1102265607	-0.032343048199999995	-0.1197195191	-0.1554906341	-0.08825101949999999	-0.047535907	-0.0852032618	0.035709115	-0.0069117281	-0.0212431727	-0.0819556712	0.0745215382	0.0123627023	-0.0357858285	-0.0512523751	-0.007300822399999999	-0.0132060753	-0.00045510589999999996	0.042147656	0.0811435323	0.0569930875	-0.0799306329	-0.0365799607	0.0430829574	-0.0058356392	0.0708484609	0.0083439951	0.0821685553	0.0534368606	-0.0525119804	0.044652471900000004	-0.1048976182	-0.0670648348	0.030104346	0.0521160991	0.051366792	-0.0210653744	-0.0636400362	0.0641862311	0.0275979395	0.14547943619999998	0.0375913611	0.0246617764	0.091020935	0.0018067176999999998	-0.0039322161	0.019176538	0.0450718245	0.0069603577	0.0872030748	0.0353722671	0.08417855169999999	0.0609743161	-0.06624695280000001	0.05944356820000001	-0.1078396985	0.0196546814	-0.021193676499999998	-0.09231473609999999	0.0710729924	-0.036068474100000004	0.0266782411	-0.0026782637	-0.0994026598	0.0618732406	-0.007203713100000002	0.0333561802	-0.0727202658	-0.0202667858	-0.014293408300000001	0.0060646055	-0.0001068716	0.0166927901	-0.0012616164	0.059135946900000014	0.1187995951	-0.0551391637	0.0906065183	-0.034180972999999996	0.0013610287	-0.0823614676	-0.10941702789999999	0.0402470457	-0.1183531198	0.10519934210000001	0.079996978	0.048698432199999996	0.0705511435	0.1482805852	-0.0347457043	-0.0165929179	0.0237452142	-0.06660133809999999	-0.0687568969	-0.0576103611	0.024088854700000002	0.027124204	-0.0685727804	-0.038421014100000005	0.0259002676	0.0620818276	-0.0863015956	-0.0540562758	0.0234075525	0.0139019611	-0.0872212486	-0.0863314877	0.0840969924	0.0016736624	-0.0345770235	0.0934901201	-0.0005266196	-0.0507769435	0.0733106571	0.0162492101	-0.0859092462	-0.0467054048	0.069351437	0.07129159269999999	-0.0103942	-0.004848140000000001	0.00010803939364000002	2.3504461459600008e-05	0.193522	0.057096000000000015	0.037450764484000004	0.003259953216000001	-0.316824	0.029406000000000043	0.100377446976	0.0008647128360000025	0.00407134	-0.0006113900000000008	3.73797732100001e-07	1.65758093956e-05	0.003216	0.0002463099999999996	6.066861609999978e-08	1.0342655999999996e-05	0.00128493	8.14800000000001e-05	1.6510451049000003e-06	6.638990400000015e-09	0.0	0.0
5449.893446414693	-1.0270971776608349	29701338.577273823	1.0549286123588526	5471.2231696922945	-17.6185257137995	29934282.972577803	310.41244832781416	4494.352192490947	2.7959101912028927	7.817113797272197	20199201.630148187	4474.4937151957765	5196.221750700144	1.208286	27.367704	0.10142110000000004	0.046181900000000005	0.030641549100000002	0.048608560599999996	-0.0291904453	0.0600794611	-0.11213471960000004	0.0520942793	0.047140428600000006	-0.0035514024	0.0439803664	0.0512080558	-0.0132519926	0.0400259186	-0.0015293106	0.0412246453	0.126762435	-0.0344158553	0.024798572	0.0853564056	-0.0867225717	-0.0349339247	-0.012818945900000002	-0.0555590921	-0.042612119299999994	0.047900181900000005	0.0598241685	-0.043779051299999996	0.0174373488	0.031744447200000005	0.06720251049999999	-0.0042128415999999995	-0.0161554675	-0.0785212467	-0.0962343449	-0.0249873088	0.05961306490000001	0.0389178398	0.022911925899999998	0.09950339650000001	-0.042245107999999996	0.0408916328	-0.1815572437	-0.0121681661	0.08234543030000001	0.0182902705	-0.0341260728	0.0586479174	0.044115611799999996	-0.009006383599999999	-0.0016655048	-0.011521989	0.0267567069	0.043921479699999995	0.011461818600000001	0.0351549475	0.018357946	0.0506610144	-0.0061095867	-0.0190048668	0.0981319275	-0.029000631000000002	0.0418157242	0.0793139563	-0.07834494639999999	0.1081487081	-0.0009856980000000001	-0.0407581637	0.0040424722	0.051184499800000005	-0.0119204868	-0.0365822354	-0.0991160552	0.1288911505	0.0293896721	-0.0395139161	-0.0824530116	-0.0327668094	0.0201819537	-0.0012428096	0.0443864671	0.0009368913	0.028011977900000002	0.0204954843	0.09644541960000001	0.06319113650000001	0.0194753852	0.0331395483	0.033786350699999995	-0.0686140783	0.036571757	-0.08402933130000001	-0.07332267370000001	0.0040652829	0.0869585197	-0.1114756343	0.030297852400000002	0.0329510684	-0.0132505443	0.0212885602	-0.087387437	-0.1492997408	0.0443549309	-0.03586485	-0.0139203204	-0.0481604904	0.056410822	-0.042756507199999995	-0.0691693854	0.0194976391	-0.0336910305	0.025302432799999997	0.0436720488	-0.019330228300000002	-0.0492014425	0.1312875959	-0.0280408463	0.0369564816	0.0304762997	-0.0522715077	0.042995233	0.0809639902	-0.0695152103	-0.0552638902	0.1622499848	0.09098452800000001	0.024744675	0.0457073826	-0.0472925069	-0.09152781230000001	-0.037636453199999996	-0.0103085746	0.0262374327	0.0264789087	-0.0441775035	-0.006139439399999999	0.036955483500000004	0.0096004625	0.0173828178	0.0550139068	-0.0029315734999999996	0.0580730976	-0.0168601471	-0.07496538629999999	0.0632821921	1.4253499999999993e-05	0.09943091609999999	-0.023415633199999997	0.0679700659	0.09177094359999999	0.0301260376	-0.0058378691	-0.0162929639	-0.0618841465	0.06696553549999999	0.0730630892	-0.0543308917	0.08355336320000001	-0.0942993468	0.064082557	-0.010548176000000001	0.013245720400000001	-0.0410281546	-0.0245006514	-0.0424808592	-0.0240405112	-0.049675245199999996	-0.0354963177	0.09732476849999999	-0.007867124	-0.022192529300000003	-0.0092568845	-0.0695607241	0.09562437019999999	0.0129925341	-0.0351311291	-0.0938851863	0.0249648476	-0.0026312579	-0.0384073407	-0.0024629128	0.0374220006	0.066533719	0.0537039104	-0.0590746341	0.015056951599999997	-0.0867235824	-0.0435459867	0.0724185559	0.0673357648	-0.0192303	-0.008836099999999998	0.0003698044380899999	7.807666320999997e-05	0.164924	-0.028598000000000005	0.027199925776	0.0008178456040000008	-0.325079	-0.008255000000000012	0.105676356241	6.81450250000002e-05	0.00446445	0.00039311000000000033	1.5453547210000025e-07	1.99313138025e-05	0.00273403	-0.00048196999999999953	2.3229508089999961e-07	7.4749200409e-06	0.00104537	-0.0002395600000000002	1.0927984368999998e-06	5.7388993600000096e-08	0.0	0.0
5452.551115111207	2.6576686965136105	29730313.662900466	7.063202900428354	5468.054344555515	-3.1688251367795597	29899618.315012444	10.041452747485998	4497.481740707701	3.1295482167533923	9.794072040984336	20227342.00799917	4477.321090094702	5202.4976671828945	1.1889379999999998	26.929474	0.059734149999999986	0.0319507	0.040758774399999996	0.04440536	0.08595496970000001	0.0705152257	-0.074335101	-0.0312670289	-0.048557875199999996	0.0325891978	0.0667986987	-0.0457165515	0.0165819738	0.08083982049999999	0.0208003168	0.0375001986	0.10233070119999996	0.0680971556	-0.054202071399999996	-0.0685206928	0.0317289677	-0.016742071100000002	-0.0462527139	-0.0699780282	0.0456275732	0.0271032378	-0.0536490136	-0.0205559031	0.0041362021	0.0272494886	0.0380119472	0.1082091311	0.0182729134	-0.0492912099	-0.045832632400000003	0.035083890699999995	-0.13235663179999999	-0.0712239293	-0.027486722400000003	-0.0022156335	0.0094211177	-0.1536347146	0.0847196251	-0.031126538	-0.0158964975	0.0987061899	-0.0347781745	0.037606936800000004	0.056552452999999996	0.0469335229	-0.0899223186	-0.0168861445	-0.0200892779	0.0673643972	0.0718509827	-0.0442251745	-0.0182911902	-0.000865505	-0.067114566	0.0546102983	0.0984120077	-0.0854068699	0.0135992257	-0.11541568140000001	-0.0901164592	-0.0467464567	0.022708815499999997	-0.1406116849	-0.0020558817	0.011683856000000001	-0.090257418	-0.1501632608	0.0265082606	0.104166045	-0.0435100046	0.0010338433	0.046342177000000005	-0.0171511146	-0.07112011830000001	0.0049001753	0.07875244769999999	0.0618734372	-0.0281359516	0.0277777217	-0.0830290685	0.0435010468	0.07164122099999999	-0.0204729176	-0.0452992059	0.0686020638	0.1284182585	0.1012722315	-0.0132524406	-0.0017004541	-0.0958074217	0.08672027019999999	-0.024415256099999998	0.0158563664	0.0005813707	-0.0034220311	-0.06917394639999999	-0.0104347271	-0.0121700482	-0.0143564018	-0.0501129707	-0.0750037507	-0.0397019533	-0.026596860099999998	0.0468251494	0.0121245784	-0.0166198198	0.0290179517	0.0343953638	0.1155908397	-0.0065286915	0.0572228827	0.0167779024	0.0749627625	-0.0622768603	0.1299787378	-0.0289407642	-0.0401608876	-0.0478760755	0.1178571208	-0.0287064874	-0.0164515524	-0.0502102583	-0.1277803304	-0.059213017699999995	-0.0026967502	-0.0576420321	-0.0802535766	0.054343490599999995	0.0158083257	-0.015430001899999999	0.0415741256	0.1072428719	0.0037690928	-0.0105489996	0.0398572706	0.0333561634	0.0247182518	-0.0696343432	0.045107546799999995	0.12776912140000002	0.1007258011	0.0885124714	0.0721243826	-0.1046531509	0.1286698352	0.118379258	-0.12282464259999999	-0.0955035614	-0.0952530774	0.0068188505	-0.06853580769999999	0.0038270415999999995	-0.018856618000000002	0.013206953	0.0333376836	0.0995438071	0.0007511341	-0.0234580924	0.0022800098	0.0322566053	0.0022438831	0.0205257004	0.1112652848	-0.0469888796	-0.0180857075	0.0347521471	0.0989223184	-0.036497014	-0.1350635341	-0.0608956521	0.0485657907	0.0554616017	-0.0165702494	-0.0262307225	-0.009167934	-0.0127401422	-0.020480261200000002	0.10327295980000001	-0.003829633	0.0795426427	0.013862069599999999	-0.0874774795	-0.040318290699999995	0.0752838312	0.0630867301	-0.0267998	-0.007569499999999999	0.0007182292800399999	5.7297330250000006e-05	0.17163699999999998	0.006712999999999997	0.029459259768999994	4.5064368999999956e-05	-0.351696	-0.026617	0.123690076416	0.0007084646890000001	0.00443883	-2.561999999999964e-05	6.563843999999813e-10	1.9703211768900007e-05	0.00283609	0.00010205999999999974	1.0416243599999946e-08	8.0434064881e-06	0.0007963569999999999	-0.000249013	6.341844714489999e-07	6.200747416899997e-08	0.0	0.0
5460.237147042963	7.686031931756588	29814189.70194788	59.0750868559819	5455.773223601425	-12.281120954089602	29765461.46736629	150.8259318889787	4500.423384616119	2.941643908417973	8.653268883932569	20253810.6407996	4479.806580649601	5279.739581245864	1.236887	28.015501	0.06420689999999997	0.0287342	0.0150199479	-0.0122661273	0.0668100651	-0.055623590599999995	-0.0393385287	-0.0437080834	0.1054166292	0.0446336666	-0.0864813651	-0.047941768499999995	0.035368287000000005	0.0347932583	-0.1402548939	-0.0343005977	0.021505030499999998	0.0088287263	-0.0553963267	0.1101930577	-0.0176916902	0.0254588166	-0.043583122800000006	0.0381978449	0.0777499604	0.0065541034	0.09704500949999999	0.10557598060000001	0.0414503065	-0.050773197	0.06477562490000001	-0.0334944589	0.019221428999999998	0.0408265135	-0.012499711699999999	0.0068529902	-0.0459766646	0.05505538	0.1192562809	-0.0298190394	0.0058037573	0.052019341100000005	0.0052851777	0.0251462311	0.0581538783	-0.0081089905	0.021147301	-0.006223669499999999	0.0568179257	-0.0592343359	0.0343273677	-0.0222380218	-0.11798720550000001	0.0504839091	0.1387158419	0.0691393108	0.1428495129	-0.0904956489	-0.0205896354	0.021685610499999997	-0.10401835820000001	0.0310823674	0.0402198246	0.0209108099	-0.022100771499999998	-0.0587009902	-0.0861141433	-0.0648001291	-0.0076089214	-0.044731430999999995	-0.0022492618	0.0289210182	0.0623830881	0.0074713394	0.0289434269	0.0355822351	0.1088853607	-0.1066196115	-0.0171633293	0.0362817731	-0.036978919900000004	-0.0235094415	0.099475591	0.0292509056	0.0536088302	0.0997078242	-0.043455765	0.0444757558	0.0766996862	0.0436968772	-0.0630250423	0.0008081275999999999	0.076682685	-0.0288123084	0.1301919453	0.0604692754	0.013659493200000001	0.0140263288	-0.0179032939	0.0677116804	-0.0691925596	-0.009588871700000001	0.0351312846	0.028288242999999998	-0.0441794686	0.025706816	-0.08767374720000001	0.0044991605	-0.096565582	-0.1163443049	0.020961321	-0.0376970826	0.0488045298	-0.023982797799999997	0.0307101756	-0.0038056499	-0.036401452200000003	-0.035708797	-0.0639660507	-0.02685105	0.09414771400000001	0.0146463503	0.0531566154	-0.0119540298	-0.012908529399999999	0.08790919929999999	0.0270387685	-0.006817629699999999	0.0034786478000000003	-0.0123963232	-0.0441505794	0.049532344299999996	-0.0531121198	0.0696598843	0.1152204475	0.029777489	0.1101037929	0.19246503850000002	0.0317993891	-0.0235997819	0.0020120028	0.0063167245999999995	0.0130144603	0.1161004185	-0.021860934500000002	-0.09562483279999999	-0.014917513	0.0813523503	0.04928455650000002	-0.00011329700000000001	-0.005935560899999999	-0.045208516100000005	0.014412379	-0.0025486485	0.0063510098	-0.0589783028	-0.0271778809	-0.1466873424	0.0165397254	0.018562835	-0.0364080503	0.0444551974	0.036319770099999996	-0.09213427310000001	-0.1016482526	-0.0163920522	0.0032209472999999997	0.0046494316	0.0428227134	0.024397799900000003	-0.0954390827	-0.0631523957	0.0576840706	-0.0045442807	0.0817567197	-0.0060921337	-0.0534886687	-0.0940795728	-0.084546064	0.015448509499999999	0.0551138427	0.0699630168	0.051499276600000005	0.0755247975	0.0288846663	0.0126647723	-0.08817041210000001	-0.0370273778	0.077939277	0.05856299070000001	-0.0423292	-0.0155294	0.0017917611726399995	0.00024116226436	0.187256	0.015619000000000022	0.035064809536000004	0.00024395316100000067	-0.341433	0.010263000000000022	0.116576493489	0.00010532916900000047	0.00470402	0.0002651899999999993	7.032573609999965e-08	2.21278041604e-05	0.0030028000000000003	0.0001667100000000005	2.779222410000016e-08	9.016807840000003e-06	0.000820367	2.4010000000000087e-05	6.730020146890001e-07	5.764801000000043e-10	0.0	0.0
5461.318028404949	1.0808813619851207	29825994.607380915	1.1683045186868095	5477.739562063597	21.966338462171734	30005630.70979669	482.5200254346853	4500.869019885992	0.4456352698734918	0.19859079375521985	20257821.934169494	4480.895779888605	5290.5143607043265	1.092167	24.73761	0.05056375000000001	0.0271521	0.035834061699999996	-0.0158979277	-0.0028404188	-0.0682057875	-0.030610372200000006	-0.043017109500000004	0.035441351	-0.0559361212	-0.07521673799999999	0.013250998200000001	0.0077995329	0.013726638000000001	0.0611357987	0.0068117470999999995	-0.012579354	-0.0016926426	0.004252606	-0.1465291219	0.0730395623	0.0534942308	-0.046545670899999995	0.0800217085	0.0005078718	0.0512326829	0.0133264923	0.0375174324	-0.0892074051	0.0062556488	0.018319236200000002	-0.0237405063	0.026607008300000002	-0.020545951	-0.028248574300000006	-0.0665825026	-0.0115358686	-0.0743078429	-0.0356606102	0.013802324099999999	-0.0716418974	-0.14213642529999998	0.103968022	0.0674002944	-0.0945113802	0.0389196792	-0.0767852775	-0.0810052769	0.0576517559	0.1281833324	0.1279536733	-0.0727501882	-0.09383980289999999	0.10448328890000001	-0.0244386598	-0.0327483632	-0.0686907991	-0.023317940099999997	0.0509344928	0.078754109	0.0520510108	0.0075512065	0.0686644211	0.09744075140000001	0.0915598126	0.021596382200000003	-0.07670140190000001	-0.0925896718	-0.050696259400000006	-0.0199238353	0.0488783095	-0.0500279543	0.0096472457	0.0007426274000000001	0.012626304599999999	-0.0588099153	-0.1292670158	-0.015711996699999998	0.0372554358	-0.044523063700000004	0.0346626364	-0.0209449045	-0.022761788300000002	0.015242305500000001	-0.018252837	0.0817026046	-0.0865733366	0.007908037	-0.0361054135	-0.0317996396	0.060136574299999995	-0.0087402266	-0.0092773296	0.0284320538	-0.0433774806	0.1191658096	0.0173834135	-0.029073689399999998	-0.037612411400000004	-0.012251834199999999	-0.0946348415	-0.0042977519	0.1448361423	0.0531721829	-0.0450020191	0.08068173	-0.011688311100000001	-0.049940024900000005	-0.0076607287	0.0151073703	0.0958529335	-0.0094320834	0.0065941739	-0.018202895400000002	-0.0017435261999999999	0.07181215839999999	-0.0102742458	-0.0324362931	0.0176212873	0.0547865381	-0.0499706022	-0.0816414189	-0.10628156970000001	0.081770605	-0.031242381	-0.1133814233	-0.0021066622	-0.09700121310000001	-0.0481559374	0.022863174	-0.0301301703	-0.10314851720000001	-0.2148819223	0.1111366645	0.0411417992	-0.0122388517	-0.0209046136	-0.026755642599999997	-0.0371276775	-0.0029904048999999998	-0.0648728958	-0.0251673755	-0.0817048577	-0.09369523589999999	0.0022003887	-0.108761355	-0.07348243900000001	0.07482274480000001	0.0132165567	0.059230539400000004	0.0057157676	-0.0589129949	0.019158356499999998	-0.0464578541	-0.0796831446	0.0060469289	-0.019298772	0.0745976623	-0.0641293179	0.0475632225	-0.0018905526000000002	-0.0539696298	-0.049463496399999994	0.0010220272	-0.0153647322	-0.0456216965	0.0239794292	0.0639513669	0.024906386699999998	0.1156786191	0.0490858442	-0.0039568953	-0.0501407668	-0.012485841499999999	-0.0103961409	0.052361249500000005	0.0442063863	-0.0525961286	-0.0365518893	0.06660965940000001	-0.0002174172	-0.0790915004	0.1678534059	0.0324438778	-0.0932119339	0.011465268300000001	-0.0888018974	-0.0336784079	0.0803774921	0.0537842446	-0.048157	-0.005827800000000001	0.002319096649	3.3963252840000015e-05	0.164117	-0.023138999999999996	0.02693438968900001	0.0005354133209999997	-0.352092	-0.01065900000000003	0.123968776464	0.00011361428100000064	0.00481285	0.00010882999999999986	1.184396889999997e-08	2.31635251225e-05	0.00291282	-8.998000000000035e-05	8.096400400000063e-09	8.4845203524e-06	0.000800418	-1.994900000000001e-05	6.40668974724e-07	3.979626010000004e-10	0.0	0.0
5462.46927316736	1.1512447624118067	29838570.56029755	1.3253645029806174	5507.209517463404	29.469955399807077	30329356.669239506	868.4782712666182	4496.432183344544	-4.436836541448429	19.68551849553205	20217902.37941658	4476.249430758968	5262.147119954691	1.066955	24.166559	0.07670924999999998	0.0403355	0.0127064165	0.0099623844	-0.0929096099	-0.0089697752	-0.0102919263	-0.043599745700000005	0.1099759853	-0.0533196344	-0.0142363919	0.0404278267	-0.042604885700000004	-0.0003916365	0.06284083809999999	-0.0306266239	-0.0279979067	0.0373752327	-0.035767084	0.0319483057	-0.0003304008	0.0121228902	-0.0261277223	0.0267721073	-0.1229289675	0.0279218479	0.0119383249	-0.051430699100000005	-0.0761539323	0.0651457313	0.0333157735	-0.0231453006	0.0749322343	-0.0067711696	-0.0119900578	-0.043151625199999995	-0.1125207307	-0.0869221843	-0.012914357	0.023105189100000003	-0.0994920545	-0.0288210266	0.0756638922	-0.0564677403	-0.0405595469	0.1121690967	0.0148437059	0.0295350162	-0.0819281858	0.0122535759	0.029115425499999997	-0.0086344257	-0.004215507	-0.0007552329	0.0133263856	-0.1001048206	-0.0049271363	0.1267262259	0.0170779169	0.0404938721	-0.0234024257	-0.08346009139999999	-0.0472952521	0.0531781536	0.0607702154	-0.0537742579	0.039906221	0.0528037765	-0.0558074612	0.06309819309999999	-0.0044675072	0.1291946357	0.0229080018	-0.0376000833	-0.0091998412	-0.049565316	-0.0541907367	0.0460126543	-0.021994294900000003	0.025814327999999997	-0.059464324699999994	0.0134920769	0.0704674746	0.013096492900000001	0.0909196639	0.0224879631	0.0134273943	0.0335450202	-0.0652650137	-0.0156426575	-0.092872815	0.0246109167	-0.0235981561	-0.0249963886	0.0239416348	0.0384339662	0.07155986980000001	0.0816811987	-0.0823664056	-0.0451393789	0.021645061	0.10978524070000001	-0.0362222486	0.0064077032	-0.0217819645	0.0408246544	0.1186280077	-0.0297555593	-0.0047926099	0.09061416130000001	0.045950311900000006	0.0447316195	0.026435987400000003	-0.0177362139	0.07132889070000001	0.0633742637	0.0019069379000000001	-0.035619561200000004	-0.0614861196	0.1074886677	-0.0203248999	-0.050141716600000004	-0.1090845241	-0.016250441	-0.08951070380000001	-0.00772532	-0.0898647488	-0.0962415517	0.011730244099999999	-0.0466180111	0.0701265061	0.0031327921999999998	-0.0019180203	0.0043631706	-0.0241517847	8.748129999999999e-05	-0.0145120978	-0.0203966313	-0.0897654227	0.1018768479	0.021848854900000002	-0.0008341532000000001	-0.113839279	-0.038293109900000004	-0.0729739641	-0.0260068606	-0.054834426	-0.0334332656	-0.0551241991	-0.0145306968	-0.035617739	0.0984061009	0.0408910755	0.155708542	0.0366189844	-0.012000428899999999	0.0336072833	0.0176208723	-0.0027813724	-0.031063633700000006	0.0111264108	0.0595218616	-0.0062872334999999994	0.00034229940000000004	-0.1318243906	0.0122935848	-0.0286413264	-0.040225600699999996	0.0684318611	0.0164866439	0.023315085699999998	0.0366314169	0.0548906183	0.032097213	0.0230753584	0.0826821978	0.011936232199999999	-0.0640897816	0.0642770569	-0.0648811234	0.0682732816	-0.0502956464	-0.0903848318	-0.0849350433	0.0185735456	0.010263766700000001	-0.0893714952	-0.030276632	0.0825916807	0.048771300499999996	-0.044729000000000005	0.0034279999999999936	0.0020006834410000005	1.1751183999999956e-05	0.194767	0.030649999999999983	0.037934184289	0.0009394224999999991	-0.366899	-0.014806999999999959	0.13461487620100002	0.0002192472489999988	0.00511551	0.00030266000000000066	9.160307560000036e-08	2.61684425601e-05	0.00312475	0.00021192999999999996	4.491432489999997e-08	9.7640625625e-06	0.000842313	4.189500000000002e-05	7.094911899689999e-07	1.7551910250000016e-09	0.0	0.0
5454.4559245526125	-8.013348614747883	29751089.432887096	64.21375602148183	5458.815390430535	-48.39412703286871	29798665.46680128	2341.9915312734342	4494.62806661378	-1.8041167307637809	3.254837178221792	20201681.457192324	4474.542309354012	5223.57177788143	1.103773	25.000467	0.03019679999999993	0.0206288	-0.0051619812	0.0421459229	0.015117046	0.1053750973	-0.0577770387	-0.0077374826	0.0764611594	0.042249061399999996	0.0814379992	0.0513015421	-0.0339051696	0.0601128122	-0.054154151799999994	0.0342213936	0.0479958903	-0.0410589714	0.0651699419	-0.0311151309	-0.0610529146	-0.0191287084	0.0026780104	-0.0789223657	-0.029532376800000006	-0.06010489910000001	0.0706383382	0.0229623425	-0.0351670769	0.063764562	-0.0992370861	0.0058895918999999994	-0.047152855099999995	0.0556713509	0.06256277860000001	0.060773830599999995	0.0240753946	0.0599737879	-0.0070661907999999985	0.0019618177	-0.0638915746	0.0058680375	0.1235707518	0.0172595236	0.0189558901	-0.0260660168	0.054888522099999996	0.0303234289	0.0029871603	0.052603835099999996	-0.0066071143	-0.0891052073	-0.0139771498	0.0452097638	-0.0162071895	0.0268967457	-0.0225944465	0.0071831870999999985	-0.0623889625	-0.025927444100000002	-0.0810093144	-0.0671625184	-0.0180101499	0.028202316800000002	-0.09083867720000001	0.038987734100000004	-0.0862769819	0.1714247622	-0.015308361599999999	-0.00038744980000000016	-0.0178916108	0.0149646754	0.0312485183	0.0805427172	0.0949964175	0.056521462	-0.015682165300000002	0.058242433899999994	-0.0074115276	0.0243231622	-0.044520348099999996	-0.0330725964	-0.0364245166	-0.0270337537	-0.0547970211	-0.1289373826	0.0072989404	0.0959301817	-0.0056103076	0.09002364019999999	-0.0423919781	-0.0621475397	0.0600326709	0.0431785855	0.1044564945	0.047741649000000004	-0.0473513067	0.014411950900000001	0.0388921977	0.0073559461	-0.061820115599999996	0.012566417600000001	0.036600569900000005	-0.0177396959	0.0009626328999999999	-0.07628103480000001	0.0387345431	0.0662213911	-0.0631145957	0.0152185775	0.0657647861	0.0662752292	-0.06904283309999999	0.001716244	-0.0557955565	-0.1312336883	0.0212469075	-0.0036034223	-0.0282404881	-0.0765532685	-0.0088949615	-0.0157560524	-0.0284923435	-0.0066783832	-0.1357251269	-0.0285454404	0.0212262796	0.0020468315	0.026710002799999997	0.0082002818	0.003535275	-0.0811143205	0.0036814352000000003	0.0804456803	0.0050019090000000006	0.037016844199999996	-0.0051580424	-0.031595910899999996	0.033164053900000004	-0.0078599216	0.0087290236	0.0906801068	-0.0259965737	0.1032256884	-0.0070794395	-0.01664346	0.0273001459	-0.023074901000000002	0.0701663282	-0.018029138	-0.14472973949999998	0.055588465700000006	-0.0602939541	0.0271417411	0.0914841158	-0.019969111499999997	-0.0601634569	0.054630015899999995	-0.064080337	-0.0487725547	-0.0067747085	-0.0107327998	0.0637479731	0.0420825279	0.0902052873	-0.0082626219	0.067935458	-0.0965466715	-0.0306629917	-0.0046214635	-0.0479983511	0.030868890899999998	0.0704555291	0.024365254300000003	0.1104134796	-0.0627495482	0.0292570212	-0.0384101725	-0.1224446717	0.0047168519	-0.006054829100000001	0.0442960347	-0.0003835686	-0.0278130713	-0.0016058378	0.0090604767	-0.08987880849999999	-0.0268273839	0.0845756715	0.0435459867	-0.0446275	0.00010150000000000436	0.00199161375625	1.0302250000000887e-08	0.197176	0.0024089999999999945	0.038878374976	5.8032809999999726e-06	-0.366393	0.0005060000000000063	0.13424383044899998	2.5603600000000646e-07	0.00473326	-0.00038224999999999983	1.4611506249999984e-07	2.2403750227600006e-05	0.00324811	0.00012335999999999988	1.5217689599999968e-08	1.0550218572099997e-05	0.0008803089999999998	3.799599999999989e-05	7.749439354809998e-07	1.4436960159999913e-09	0.0	0.0
5446.787159712982	-7.668764839630057	29667490.363214213	58.809954165546216	5484.450084925162	25.634694494626274	30079192.73403561	657.1375618328226	4492.969487457949	-1.6585791558309209	2.7508848161568107	20186774.815228146	4472.8553157069055	5207.7490015271205	1.219809	27.628696	0.07818115000000002	0.0461025	0.040468436600000005	0.0401218394	0.1162394267	-0.0462312236	-0.0464443692	-0.0315329631	0.045396541799999995	0.12007335640000001	-0.0034389570000000003	0.0101813394	0.09331670859999999	-0.0573633463	-0.008033691400000001	-0.0383658903	0.0597886545	0.006114854	-0.0101719086	-0.0378881092	-0.0892034994	-0.0415148739	-0.0280057499	-0.024937259700000002	0.0549518879	-0.0092050697	0.08221725440000001	-0.08691214779999999	0.0016362892	-0.0585010171	0.12447643900000001	-0.0100318786	-0.0384153148	0.0026548602000000003	0.1051927188	-0.0423406007	0.0806578483	0.0137126471	0.041379915499999996	-0.0441299763	-0.0035542890999999996	0.0413138275	-0.11345422890000001	-0.0018077835	0.0222544228	0.1172096358	0.0591913421	0.0068684748	-0.11097532480000001	0.0169964177	0.0258619831	0.0538975191	0.0226336112	-0.07263769910000001	-0.0485376283	0.0016156039	0.0661148406	0.027306504300000003	-0.029798390499999997	-0.06924822309999999	0.026723992999999998	-0.05536658269999999	0.0264613068	0.0150697984	0.0025139292000000003	0.0177430572	0.12416159439999999	0.102682052	0.08708107640000001	0.023461303399999998	0.1107726	0.0555953375	-0.0486513541	-0.0076105288	0.036242864	-0.0001465279	-0.0545143075	-0.040927068999999996	0.0251090138	-0.0652339848	0.0153142292	-0.09277942	-0.005489276800000001	0.0305890499	-0.016099892	-0.010619569799999999	-0.0999063767	0.0245983052	-0.035365807400000004	-0.0006254798	-0.0601291667	0.0455680068	0.0128226037	0.0585110492	-0.0283643754	-0.0322841003	0.0830017322	0.0679273759	-0.0862758889	-0.0091889857	-0.076099508	-0.012826813500000001	0.0707363251	-0.0381330529	-0.029508819	-0.0402366597	-0.0554279943	0.01889003	-0.0913151112	0.0612808404	-0.055102866699999996	-0.0544279404	0.1315121306	-0.0196904469	0.0088868906	-0.0286842392	0.0622616285	-0.0795402163	0.0820185672	-0.057753074400000014	0.030432294300000006	0.0087775645	0.047185114800000004	-0.0554663168	0.1022472821	0.0682459846	-0.0302017198	-0.0794023648	0.04764558730000002	-0.013566268400000001	0.11590091970000001	0.0111798317	0.0196808912	-0.0916174349	-0.0157642621	-0.027919945800000002	-0.0589812237	0.0016230561	-0.0224876327	-0.0106499588	0.0163278169	0.08803840710000001	0.0177984263	-0.0274793447	0.028820982999999998	-0.0086818965	0.034169535699999996	-0.1109685563	-0.0361124033	-0.0984706339	-0.022167927799999997	0.1124538848	0.1083970432	-0.029006088500000006	0.0389165244	0.0298363086	-0.0419717275	0.014723463700000003	-0.053011387800000004	0.010009117	-0.0631966432	-0.0340566334	0.00944708	-0.0194669368	0.006686801899999999	-0.0782231934	-0.0027609388	-0.0156209321	-0.0292949475	0.09894305240000001	0.0245618496	-0.0014910967000000002	0.0507512383	-0.0201842988	0.055937530199999995	0.0510089642	0.0421971076	0.0036606739	0.1028078333	-0.0383356508	0.0777912341	-0.010434022099999999	0.0215968637	-0.0414134417	-0.06807909059999999	0.007855608100000001	-0.0903234838	-0.023336071899999998	0.08632393470000001	0.0381310563	-0.0448663	-0.00023879999999999732	0.0020129848756900003	5.702543999999873e-08	0.163024	-0.03415199999999999	0.026576824576	0.0011663591039999992	-0.35165100000000005	0.014741999999999922	0.12365842580100005	0.0002173265639999977	0.00471836	-1.4900000000000852e-05	2.220100000000253e-10	2.22629210896e-05	0.00273403	-0.0005140799999999997	2.642782463999997e-07	7.4749200409e-06	0.0008283219999999999	-5.198699999999998e-05	6.861173356839999e-07	2.7026481689999972e-09	0.0	0.0
5451.097176819947	4.310017106964551	29714460.431134395	18.57624746232708	5464.724533158517	-19.725551766644454	29863214.22330457	389.09739249857034	4492.808944998269	-0.16054245968007308	0.02577388136012789	20185332.21625646	4472.957296346672	5170.922291333081	1.110936	25.162714	0.14526240000000007	0.0696993	0.0337712036	0.048033403899999993	0.0413278184	-0.113530218	0.0152558665	0.023645270099999997	0.0698632626	-0.020262030900000002	-0.0906356806	-0.0199781716	0.0427249952	0.053720772699999995	0.059955549299999994	0.024288008	0.039421593	0.0181372885	0.0771682477	0.09776269800000001	0.002002207	-0.046611748499999994	0.007532478100000002	0.0344587806	0.0709238143	0.0298726356	-0.0153546268	-0.0307705021	-0.09281279349999999	0.052073465	-0.055499012699999996	-0.0266243615	0.0453088519	-0.1425875923	-0.0448721154	0.0197712955	-0.0321578128	0.054843540999999996	-0.036389698	-0.0641252966	0.0510062509	0.052153898399999996	0.058915249800000014	0.0150152044	-0.0343101025	-0.036278558100000004	0.0286848427	0.0015014128	-0.028628579100000006	0.1755682324	0.138141638	0.03503301	-0.1248134408	-0.0021614644000000002	-0.0521149133	0.039973385	0.0336483733	0.0647793549	0.0805666354	-0.17704365589999999	-0.11630677119999999	-0.0928770205	-0.0420513124	0.0345028809	0.056206593099999994	0.0423747955	-0.0031612299	0.0370638628	0.1399526573	-0.0273313406	-0.020568876	0.006016724	0.1039455676	-0.0641743703	0.0096924871	0.06275251309999999	-0.0027932466	-0.023585497799999997	-0.0125254129	0.10027340550000001	0.0766459358	0.024748917999999998	-0.10350615519999999	0.0345967496	0.0889178103	0.0201469425	-0.046825353	-0.0429081016	-0.038384394700000005	0.0482770567	0.0324495344	0.013334048000000001	-0.06226537980000001	0.0204663001	-0.0526669492	-0.1345756923	-0.0013424982	-0.034179514	-0.0925305664	-0.044814034	0.0798637596	0.0448421607	-0.0303240704	-0.0435324486	0.0082874065	0.0249172854	-0.0854258363	-0.034752945099999995	0.037816889900000004	0.0863462686	0.0759435409	0.0246067959	-0.062042540300000004	-0.0259636792	0.0230073607	0.12795698460000002	0.049635167300000005	0.05975324730000001	-0.0689839692	-0.039264403999999996	-0.008397385600000001	0.013956494	0.09841387119999999	-0.0345835693	-0.0777832905	-0.0446628737	0.0041374448	0.0178794702	0.0366076117	0.0002076039	0.0559948766	-0.1436053096	-0.16944403510000006	-0.0636452092	0.0898130448	-0.0073785178000000005	-0.07942593889999999	0.0169677998	0.0409806352	0.1235001036	-0.0793962765	0.1275688673	0.0109989561	0.0876250865	-0.0869245022	0.0276190163	-0.0509467237	-0.1306208721	0.0693822048	-0.1309102758	0.0410070556	-0.0019042057	-0.001057046	0.038406218900000004	-0.041521720899999996	-0.0392657626	3.23994e-05	-0.0878086888	-0.059557037199999996	-0.0023309023000000002	0.0113152689	0.06734762820000001	-0.0524683695	0.036834038300000004	0.09374581189999999	-0.0332046356	-0.1195160679	0.07653327160000001	-0.0032900505	0.014873621799999999	0.032626327999999996	0.0352600607	-0.0278290187	-0.0097903082	-0.014181007800000001	-0.0322390038	-0.0781458937	0.14742274660000002	0.0601717769	-0.0073746076	0.0373256498	-0.0737394745	-0.022976713500000003	0.0015530371	0.0038052313	0.006649370799999999	-0.0907052112	-0.0198081701	0.08783159759999999	0.0325500881	-0.0585953	-0.013728999999999998	0.0034334091820899994	0.00018848544099999995	0.197961	0.034937	0.039188557521	0.0012205939689999994	-0.390174	-0.03852299999999992	0.15223575027599998	0.0014840215289999936	0.0054143	0.0006959400000000008	4.84332483600001e-07	2.9314644490000008e-05	0.00298065	0.0002466199999999999	6.082142439999997e-08	8.8842744225e-06	0.00104723	0.000218908	1.0966906729e-06	4.7920712463999993e-08	0.0	0.0
5461.947336702475	10.850159882527805	29832868.70891126	117.72596947641581	5490.072766807756	25.348233649238864	30140898.98484417	642.5329491364054	4496.226233946055	3.417288947785892	11.677863752659604	20216050.346824724	4476.455788200147	5183.660268416557	1.194505	27.05555	0.11744905000000005	0.0674904	0.0423618101	0.020354730300000002	-0.0458020909	-0.0697817884	-0.057068567	-0.1548611532	0.0179754906	-0.0837625288	-0.0430284962	0.0051195277	-0.0283246505	-0.0509102413	-0.1496006266	0.0038477443	0.0788858802	-0.0334756352	-0.0697857837	-0.008585173199999999	-0.047129175499999995	-0.0347172708	-0.0508610085	0.10094610300000001	-0.044872652699999994	-0.00901133	0.0731327232	0.0914826366	-0.0282804847	0.0280130933	0.09479186349999999	-0.0711780983	0.0396604777	-0.055171409500000004	-0.0759669233	0.114742425	0.0580837746	0.047333230999999996	-0.0911786651	-0.083497524	-0.0433557146	0.0243359562	-0.004523819	0.0499180843	0.044464059800000004	-0.09894040009999999	0.043878648	-0.069963878	-0.0649512339	0.059239714699999994	-0.0651597258	-0.066669726	-0.0163631477	-0.1130237305	0.0044227903	0.013117905400000001	0.0256002555	-0.1295712786	0.076991508	0.0052821415	-0.0085398757	-0.0023143584	0.028348948399999997	-0.0810440452	0.0724880874	-0.0844975406	0.0992705693	0.0419640059	0.0336529989	-0.029415170299999998	-0.0380377673	-0.10138128800000001	-0.0884808335	0.1156930076	0.0032337951000000003	0.0481225946	-0.044318313399999996	-0.0349798421	-0.0355058342	0.0224789663	-0.0825088838	0.045324804	-0.0393812835	-0.027043744100000003	0.0005965424	-0.1186546584	-0.026572089	0.1736082306	0.0136205881	-0.029807118900000002	-0.0080155443	0.0672399187	-0.0102078046	-0.0037780672999999996	0.0798012329	-0.0058310862	-0.0507440889	-0.0555419043	0.0059178223	-0.08590810789999999	0.0125187364	0.0412926555	-0.17209610399999994	-0.038269248900000004	-0.0528360231	0.10861165910000001	0.0385071362	0.0213016393	-0.0785569785	-0.0735369104	0.0636710604	0.0075537236	0.1041119322	-0.0593123468	0.0087155236	0.057483697300000004	-0.0193300688	0.1430692871	-0.0198221248	-0.09457515359999999	-0.08025736900000001	-0.0654560565	0.0123859131	-0.0425602141	-0.026217083399999997	0.01838626	0.1031607753	0.058915371200000004	0.035108313599999996	0.0893188895	0.0616321918	-0.053888544000000003	0.037663079	-0.0581818467	0.020627722299999998	0.09393086390000001	-0.0472267336	0.06329594599999999	0.006859778100000001	-0.0843248258	-0.0696701161	-0.0683310214	0.0071425912	0.0300154773	0.0379254596	0.0125890624	-0.0345242663	-0.0367086977	-0.13400543550000002	-0.0732505559	0.07789459259999999	-0.0324336245	-0.0600168991	-0.0868024282	0.0050008027	0.0282225566	0.0182937407	0.0421313772	-0.0923367769	-0.0046956048	-0.0182118366	0.0576400171	0.0803207701	0.074685797	0.051497123	0.0230449134	0.027450082999999997	-0.2170228152	0.0110201396	0.0405331608	0.0042187286	-0.020277586299999997	-0.0247535315	-0.0650756785	0.0445717764	0.0502368548	-0.054638476	0.0442709414	-0.0562957314	0.0044212691	-0.053212522199999994	-0.0006047518	-0.08514517630000001	-0.07944324259999999	0.1679645234	0.0054419748	-0.0910237247	-0.0162492101	0.08909445810000001	0.0268273839	-0.0617672	-0.0031719000000000053	0.00381518699584	1.0060949610000033e-05	0.181725	-0.016236	0.033023975625	0.000263607696	-0.349168	0.04100599999999999	0.12191829222399997	0.0016814920359999991	0.00452697	-0.0008873300000000004	7.873545289000008e-07	2.04934573809e-05	0.00302249	4.184000000000002e-05	1.7505856000000015e-09	9.1354458001e-06	0.0008356969999999999	-0.000211533	6.983894758089999e-07	4.474621008899999e-08	0.0	0.0
5458.635122379269	-3.3122143232058083	29796697.39927253	10.970763722849707	5490.2053437279355	0.13257692017941736	30142354.716298774	0.0175766397642596	4499.236821867396	3.0105879213415383	9.06363963212757	20243131.97924743	4479.274824456536	5243.396038724683	1.100285	24.921476	0.10084205000000004	0.06001810000000001	0.0358872197	0.0350701648	-0.0615220541	0.025045487999999998	0.0056349719	-0.0031733515	0.1451396243	-0.0595660704	0.0193502848	0.0555589869	-0.0383654278	0.0011276559	0.0758015803	0.0410951386	0.003945735	-0.0060065933	-0.021267121	0.024631485800000002	-0.1063825134	0.0206285361	-0.059183047	-0.0662043492	-0.1080497075	0.0285236434	-0.017249741000000002	0.0289865494	-0.09886714560000001	-0.0352680499	-0.0025212349	0.022795944	0.0661091252	-0.1137901875	-0.0029932868	-0.058127919800000004	-0.086308232	0.0221426927	-0.0733498615	0.0853890559	0.0334350053	-0.0197745329	0.0001281631	0.0237044362	0.014460753500000001	-0.0769015532	0.12907047189999998	0.0665751989	-0.0084506789	0.1322199749	-0.08929094050000001	0.069291647	-0.0371561346	0.0392876683	0.0615837838	0.0460718635	-0.0956362175	-0.011420774199999999	0.034770064100000005	-0.0240277728	0.024346337000000003	-0.0247293429	0.0425366772	0.0244084709	0.0582192315	-0.0320781287	0.049371567699999994	0.0195593899	0.0371716218	-0.085654365	-0.0746455104	-0.1228008591	-0.0087138658	0.039601361200000004	-0.0037996684	-0.0023393107	-0.1306733259	0.07362248	-0.0035341134000000008	-0.0849102708	-0.050433806	-0.0607301738	0.0655758763	0.0965461567	0.0735348049	0.0171374607	0.0662855978	-0.0233751412	0.0098890996	0.0118654777	-0.1037411994	0.049717244699999996	0.0555437436	0.08727927099999999	0.031660785	-0.0363736666	0.0078462226	-0.049756502800000005	-0.039167477	-0.0321887971	-0.0151625451	0.0441190584	0.0045798116	0.01804707	-0.056140903	-0.043064396500000005	0.10995155390000001	-0.042386407800000005	0.026183871299999998	0.0376128197	0.0911185501	-0.064727854	-0.0242745732	0.030865685	0.04716768019999999	0.1249820613	0.06004258360000001	0.0038630696999999996	-0.044903273	0.0459937384	-0.0369149508	0.0869165041	-0.0377104422	0.0293695152	-0.0247377765	-0.0011914025	0.040313079700000004	0.0712924454	0.1427467255	-4.6742e-06	0.009517678	-0.15405728359999998	0.0369892508	-0.047071916500000005	0.0416105708	-0.0121886638	0.1203021789	-0.0697458505	0.0644817644	-0.0037418989000000003	-0.038313444	0.0011246939999999999	-0.0089621604	-0.0291551541	0.0198857651	-0.0203873145	-0.0235095359	-0.0212402313	-0.0947317441	-0.0858341166	0.0206748164	-0.0701730412	-0.1177949221	-0.046361678899999995	-0.0458773309	0.0189450802	-0.043171136500000006	0.1124542466	-0.048071391399999996	-0.037558087999999996	0.0346564392	-0.0920574785	0.0600897259	0.010512968000000001	-0.1341185319	-0.0754154025	-0.07415206419999999	0.023714914	0.0314670423	-0.0444331899	-0.0119839533	-0.0138756818	0.074833455	0.0090799137	0.1134247448	0.0204950844	0.011540207700000001	0.0460986712	0.0102066754	0.027551350899999997	-0.0028309563	-0.027064352599999997	-0.0519619538	-0.09530955349999999	-0.0377951014	0.0042336307	-0.0912788023	-0.0126647723	0.09010899630000001	0.0209878625	-0.06178330000000001	-1.6100000000005e-05	0.003817176158890001	2.5921000000016097e-10	0.160272	-0.021453	0.025687113983999997	0.000460231209	-0.391502	-0.04233400000000004	0.153273816004	0.001792167556000003	0.00516795	0.0006409800000000003	4.1085536040000026e-07	2.67077072025e-05	0.0030236	1.1099999999999131e-06	1.2320999999998071e-12	9.142156960000002e-06	0.000737008	-9.868899999999991e-05	5.43180792064e-07	9.73951872099998e-09	0.0	0.0
5452.784417390955	-5.850704988313737	29732857.90254162	34.23074886027924	5469.459423164914	-20.745920563021173	29914986.38164748	430.39322000718465	4500.068955508434	0.8321336410372169	0.6924463965458557	20250620.604330763	4479.741021666894	5208.041814470476	1.134435	25.694965	0.12197105000000005	0.0635353	0.0312516614	0.055178814400000005	0.0675332837	0.0626406055	-0.0684606787	-0.0251704109	0.0956373214	0.0645767738	0.0691138588	0.043657102	-0.0280694508	-0.0009948951	-0.1522693268	-0.0343417844	-0.0091978685	-0.014224372800000001	0.0444660646	0.0030500203999999998	0.0169766851	0.037159082999999996	-0.06704149549999999	-0.0773238547	-0.0066017041	-0.0048657306	0.1773373079	0.0335573749	0.0122534505	-0.0115853072	0.0810351883	0.0398006734	0.07069755700000001	0.0065947046	-0.0148799942	0.0025725862	-0.0665887074	-0.0563284522	-0.108475388	-0.0378207146	-0.016094668	0.1078981155	-0.0261616758	0.0058040083	-0.0095493821	0.012276313700000001	-0.0331886824	0.1266831344	0.0044744398	-0.029415055699999998	0.0237875206	-0.0894578283	0.0384028502	-0.0293999283	-0.0012338506	0.034396050899999996	-0.037414396600000004	-0.1182616717	-0.0845787513	0.0182160708	0.0203338513	-0.0247657606	-0.0730836869	0.0540292841	0.0490667491	-0.1140603226	-0.0764426529	-0.0442941214	0.1201131709	-0.045848318	-0.0046446126	-0.0076106143000000005	-0.024829629	-0.027723458599999997	0.026101021000000002	0.0281939984	0.046314538200000005	-0.0336419251	-0.1661524657	-0.0174557179	0.0727085746	-0.10701816369999999	0.0207342066	0.026315777999999998	0.0696080372	0.0693852433	0.0235158683	-0.0008514286999999999	0.0788301609	0.0167062674	0.1261634083	-0.0768562032	-0.0931173451	0.0032315668	-0.0638363426	-0.0318702686	0.0017798983	-0.0183272546	-0.0363471572	-0.026389522999999998	0.0429456332	0.0080019936	0.0299493682	0.0376426874	-0.0701836475	-0.0768844082	0.015044432	0.017192827	-0.1776373889	-0.030539058900000002	0.021001401	-0.0129926495	0.0414122226	0.0598485853	0.0589991079	0.0493123369	-0.0075246483999999985	0.024046713799999998	-0.023053182000000002	0.0658000393	-0.093552154	0.0121851416	0.018962736	-0.1258674145	-0.0121417421	-0.0133490236	-0.0094850752	0.0041473129	-0.0205685091	-0.1201218633	-0.0263847111	-0.0076445071	0.021622586000000003	0.0568317846	-0.0524932841	0.0697786775	0.005811351899999999	0.012544983700000002	0.0248779319	-0.1637099958	0.0049892115	0.0529985666	-0.0683045751	0.0258853173	-0.1022072402	-0.0043145556	0.0046008349	0.0763189956	0.022531071099999998	-0.10253423060000001	0.0669990442	-0.07062221519999999	0.0156453886	-0.048293502099999996	0.0180769138	0.0071608544	0.0284608128	-0.11227489380000001	0.013907361399999998	-0.010814665900000001	0.11684023380000001	-0.0047411533	0.0646410764	-0.1358716688	0.017682263400000002	-0.0677252912	-0.0298965265	0.0222633436	0.053899372599999995	0.0387374478	-0.0886071397	0.07611655169999999	-0.154263126	0.0059398013	-0.07366918509999999	-0.025881273	-0.0131178796	0.0289151161	0.0661000893	0.0152773334	0.0495100232	-0.060328871900000004	-0.06932086559999999	-0.042514886200000004	-0.0387037938	0.0030245489	-0.0914702662	-0.0090604767	0.09087238460000001	0.015056951599999997	-0.0783838	-0.016600499999999997	0.006144020102440001	0.0002755766002499999	0.191491	0.031219	0.036668803081	0.0009746259609999998	-0.356756	0.034746	0.12727484353600002	0.001207284516	0.00443861	-0.0007293400000000003	5.319368356000003e-07	1.97012587321e-05	0.00308237	5.877000000000008e-05	3.4539129000000106e-09	9.5010048169e-06	0.0007370089999999997	9.999999996904846e-10	5.431822660809995e-07	9.999999993809692e-19	0.0	0.0
5453.886570266232	1.1021528752771699	29744878.72133037	1.2147409604817332	5483.321997381137	13.862574216223038	30066820.126963865	192.17096390029175	4499.14434078036	-0.9246147280737204	0.8549123953708401	20242299.79917594	4479.05677374651	5202.388542167456	1.125714	25.497448	0.14262859999999994	0.08155019999999999	0.03427507	0.0506573753	0.0860493351	-0.0695162556	0.0225962991	-0.0381484236	0.0817726133	0.0774628989	-0.051457753099999996	-0.024802359	0.0429267776	-0.0125633727	0.1022260722	-0.0021841267	-0.022830769100000002	-0.0193649839	0.023818245800000002	-0.081386608	-0.0770803252	0.03873897	-0.0389720162	0.0271124182	0.0893433382	0.0097200956	-0.0055858659	-0.08216070519999999	-0.0648807854	0.0307048996	0.0565485576	-0.0497545911	0.029731374799999998	-0.0077444134	-0.0640957471	0.0505654879	-0.0463242043	-0.012868067	0.0713332204	-0.0251442138	-0.043398740400000003	-0.0583554567	0.0749692941	-0.0199281404	-0.0568479401	-0.0901248484	-0.010209713399999999	0.0317229992	-0.041963056	-0.0299779967	0.0893780814	0.1609684083	-0.025303679500000002	0.0370433015	0.0746957152	0.0316578955	-0.0502530313	-0.0471416699	-0.0558011566	-0.0227846263	0.0262477437	0.0058422306000000005	0.0444251559	0.0722928196	0.0901129467	0.03338539	-0.08350457110000001	0.055153853200000005	-0.0739679787	0.044795921600000004	-0.08700121289999999	-0.0405914479	-0.0443717832	-0.0393169009	0.1256001025	-0.037065309500000004	0.061466121900000004	-0.0067086738	0.1013893907	0.0612686609	0.0051724317	0.0834202293	0.0879597225	-0.0784173877	-0.053017841100000004	-0.0260323926	-0.0253358309	-0.0280862902	0.09722947189999999	-0.0191179138	0.02957066	-0.0507768724	-0.022117209300000003	-0.0035643883	0.0054427414	-0.055037195700000006	-0.0235286016	0.053262568899999994	-0.0642893656	0.09138883960000001	-0.0035171026	0.026029560499999996	-0.0239248275	0.0415157699	-0.0386904506	0.0198611772	-0.0941796622	-0.0084551535	0.0096378153	0.10364185960000001	0.012243158	0.0118044372	0.0763646296	-0.0269160875	0.015505382	0.037724002799999996	-0.040124468999999996	0.044136201900000005	-0.0788629774	0.018349743300000002	0.0499906311	-0.0796262655	-0.0068019295	0.05856881200000001	-0.08388993289999999	-0.0578194124	-0.0381797756	0.0769341141	0.012515878400000001	-0.055919429900000005	0.055806851100000006	0.0611504389	-0.12358132449999999	-0.0573034937	0.0289959554	-0.0993291883	0.11571802560000001	-0.029182137599999998	0.0366844824	-0.060870111	0.0053875705	0.042991565999999995	0.018050983700000002	-0.0372235731	-0.007226776099999999	-0.05809850900000001	-0.0317121838	0.0388601092	0.0243295089	0.040434534700000004	-0.0020524198	0.0434388299	-0.1385090055	0.010512772	-0.0047381844000000005	0.09549573089999999	-0.0670158758	-0.046428205199999996	0.0175956528	-0.04016035	-0.054676748600000005	0.0393800206	-0.1224667184	-0.033180152000000004	-0.0099315978	0.1243294579	0.1142787233	-0.0258216348	-0.024605774	-0.056350650599999996	-0.055492771600000004	-0.08204823559999999	-0.031561399500000004	0.0381473446	-0.0155919283	-0.0395347746	-0.0357555867	0.0482857208	0.004336743	-0.017965053600000003	0.06852155089999999	0.0188118993	0.0338940863	-0.0477489968	-0.062569339	0.0018149402	-0.09159798289999999	-0.0054419748	0.09138249529999999	0.0090604767	-0.07415269999999999	0.0042311000000000145	0.005498622917289997	1.790220721000013e-05	0.166906	-0.024585	0.027857612836000002	0.0006044222249999997	-0.400296	-0.04353999999999997	0.160236887616	0.0018957315999999973	0.00561172	0.0011731099999999998	1.3761870720999994e-06	3.14914013584e-05	0.0031714000000000004	8.903000000000036e-05	7.926340900000063e-09	1.0057777960000003e-05	0.000593699	-0.00014330999999999968	3.5247850260100006e-07	2.053775609999991e-08	0.0	0.0
5462.594582420299	8.708012154066637	29839939.571887605	75.82947567537227	5483.7114420841635	0.38944470302612894	30071091.180044774	0.1516671767151098	4498.0275066136965	-1.1168341666634658	1.247318555826879	20232251.450253427	4477.981663938	5220.480136366864	1.136768	25.74781	0.11498645	0.0601095	0.027631117200000003	0.0222668888	-0.0188297325	-0.0835198945	-0.0328501231	-0.0678491407	0.09656712949999999	-0.0624244914	-0.092695717	0.024379273599999998	-0.022663147	-0.0318052708	-0.08231848650000001	-0.0343177737	-0.0161849269	-0.0095119491	-0.0334923076	0.049112988600000004	-0.040128290899999995	0.018060711	-0.0426916996	0.0653190507	-0.032626317200000005	0.023815337599999997	0.11032660400000001	0.0107828998	0.0425777366	0.0193675898	0.0080381959	0.0004816473	-0.0339135627	-0.0718710007	-0.06894678679999999	0.06433166929999999	0.0623614184	0.0319675854	0.028373529900000007	0.0415485429	-0.0247242128	0.0847067999	-0.0363389235	0.17804175079999998	-0.0796161705	-0.0325012493	-0.045542102599999995	9.428e-06	0.0656947005	-0.0772089965	-0.0240543259	0.0383172032	0.0161105232	-0.0304711845	0.0028625846000000003	-0.0981351053	-0.11540910369999999	0.0759658049	0.014405058899999997	-0.0266620534	0.10988546269999999	0.032351545499999995	-0.0696069265	-0.0523431754	-0.0087549956	0.0429050474	-0.015589514399999999	-0.0394701274	-0.0039599815	0.0165060686	0.041596103599999996	-0.0173631738	0.0743740784	0.044540228099999996	0.09875588269999999	-0.0194923292	0.0811695496	0.0486757125	0.0379512296	-0.0173437262	-0.07849700230000001	-0.0561986802	-0.043509705499999995	-0.1097751306	-0.0063639021	0.0016147624	0.0040544834	0.091250335	-0.0454365715	-0.120327766	0.0805036932	-0.0157048849	0.030800284700000007	-0.011726411	-0.0328751397	0.1021112184	-0.0034753305999999998	0.070048039	-0.26868668960000003	-0.115755644	0.0239995834	0.0531991181	0.11564991320000001	0.016008897299999998	-0.0411002642	0.0759115711	0.029690422400000006	-0.0157319116	-0.1099669067	-0.0186393132	-0.0106927468	0.0350540415	-0.0046462031	0.0014963662	-0.0478013024	0.0470546249	-0.00044912449999999997	0.0768723565	-0.0135887083	-0.07363802650000001	0.0683184927	0.011139500200000001	0.0047899679	-0.0715299165	0.0661938225	-0.152685803	0.1255388295	0.0078307873	-0.0177038472	-0.0314505071	-0.0510116144	0.08009855469999999	0.0099100526	-0.006833120799999999	0.0253382113	-0.0179297493	0.030201511400000002	-0.106325179	-0.07105089469999999	0.0370796662	0.0072622861	-0.0076756955	-0.005407719399999999	-0.0761997871	-0.0278877766	0.1364858206	-0.0257309734	0.0326612659	0.0379195889	0.0615109478	0.0026872508000000002	0.0081159892	0.0318236583	-0.047106086299999995	0.0119281316	-0.0796425239	-0.1158786729	-0.002889026	0.09160636429999999	-0.059487363499999994	-0.07410517259999999	-0.0481568747	0.0478128652	0.0463754216	0.083743365	0.0464868756	0.054991812599999995	-0.1304054723	0.1382340704	0.0206664339	0.051325923200000005	-0.047425860800000004	-0.0594612807	-0.0333397248	-0.0375539375	0.0488502762	0.0722543283	-0.023100776	-0.0703178403	-0.0840606993	0.1647748355	-0.2258086464	0.004510453	-0.0892699434	-0.1110135667	0.0006050151999999999	-0.09166186359999999	-0.0018149402	0.0916379066	0.0030245489	-0.0727115	0.0014411999999999895	0.00528696223225	2.07705743999997e-06	0.20343	0.036524	0.0413837649	0.001334002576	-0.379928	0.02036799999999994	0.14434528518400006	0.0004148554239999976	0.00487019	-0.0007415299999999997	5.498667408999997e-07	2.37187506361e-05	0.00323256	6.115999999999977e-05	3.740545599999972e-09	1.0449444153600003e-05	0.000924074	0.00033037499999999994	8.53912757476e-07	1.0914764062499995e-07	0.0	0.0
5460.16433045201	-2.4302519682887582	29813394.51554045	5.906124629371381	5494.6656101139615	10.954168029797986	30191350.166969035	119.99379722504824	4497.093967411689	-0.9335392020075232	0.8714954416848434	20223854.151730604	4477.355594822443	5232.994951039345	1.1420549999999998	25.867563	0.11771155	0.0627427	0.019793471	0.0436051763	-0.0345806609	0.0446644571	0.0415493115	-0.060962610999999986	0.12000128369999999	-0.0371432474	0.0514412893	0.052667288099999994	-0.054245499800000006	0.020579217900000002	0.13909815849999999	0.0104304014	0.0254930432	-0.0264886145	-0.0270675371	-0.0511730635	-0.0045187858	0.008739657	-0.0359473291	-0.055340901399999996	-0.0805054107	-0.0534231183	-0.0071651445	-0.013508975900000001	-0.076631785	-0.0733967884	0.0035120673	0.086757501	0.060577236799999996	0.0447519396	-0.0334825675	0.1507641528	-0.0616211387	0.040731828	-0.10096729410000001	-0.0362370935	0.0504914787	0.0745173058	0.0188398254	0.0283760423	-0.0286120781	-0.020489403899999998	0.070691684	-0.051543308899999994	-0.028888848300000002	0.044801464400000005	0.0395106482	-0.1081770862	0.0055304322	0.0692145667	0.0740211704	0.011921178999999999	0.0044046326	0.030246998599999998	-0.02845177	0.041084331200000004	0.0681709558	-0.0281480583	-0.0004281332	0.0097244089	-0.068014159	0.0857048485	-0.050132185999999995	0.0505027458	-0.12681428460000002	-0.051481926100000006	0.0727525966	0.053368668499999994	0.0054873163	-0.0369259603	-0.0648406301	-0.0726314485	0.037285007200000005	0.0402097918	0.0478897787	0.1089604293	0.026912103700000002	-0.043309289	-0.0268955812	0.0631683842	-0.018203634399999998	0.069058194	-0.0466017528	0.0528587454	0.0372616965	-0.0889966842	-0.1149657438	-0.0622778392	0.0205841307	0.0680432825	0.0403663835	-0.1081904335	-0.09627974380000001	-0.0726414433	-0.0838152172	-0.048340420300000006	0.0548329209	-0.0224679942	0.0933180735	0.0057575628	-0.0366052837	-0.033374410099999995	0.0876622757	0.044877603200000005	0.0205545778	0.0307880793	0.043413412400000004	-0.0945284601	0.0039215563	0.10950587349999999	0.041508548900000004	-0.0392865439	-0.0294415915	0.1404750021	-0.0840510507	-0.0034880719	-0.08883178289999999	0.0410060921	0.0670856081	-0.0719902264	-0.033151540800000004	-0.0458894662	0.009675726800000001	0.0044590518	0.048191593600000006	0.0697866746	0.018051841000000002	-0.0469030925	-0.0481437239	0.1089910527	-0.0420739656	0.043938877599999995	0.0515687783	0.0332263587	-0.0013912470000000002	0.010152304000000001	0.0195518109	0.0185231604	-0.0503275008	-0.014479434499999999	0.044026166900000004	0.0136951286	0.0194096134	-0.0152591451	0.0532677208	0.09431512339999999	-0.1372140029	0.015613909399999999	0.056671495499999995	0.005377116800000001	0.0073579867	-0.0306417873	0.0712398154	0.0343209535	0.0947095824	0.0180962594	-0.0111455835	0.0698394936	-0.07372210259999999	0.015396016299999999	-0.0030163972999999998	-0.1378495258	0.032492025	-0.0221056954	0.0845649975	0.029002157599999998	-0.032127878900000004	-0.1296964226	0.0695543484	0.1067095074	0.0491134812	-0.0341929487	-0.0405606211	0.1658781275	-0.053425425	0.0346034333	-0.0007013327000000001	-0.0412548398	-0.040390812400000004	0.0415615061	-0.0504583304	-0.0006050151999999999	-0.09166186359999999	0.0018149402	0.0916379066	-0.0030245489	-0.0761576	-0.0034461000000000075	0.005799980037760001	1.1875605210000051e-05	0.156898	-0.04653199999999999	0.024616982404000003	0.0021652270239999986	-0.402008	-0.02207999999999993	0.16161043206399994	0.00048752639999999705	0.00548881	0.0006186200000000003	3.8269070440000036e-07	3.0127035216100006e-05	0.00317838	-5.4180000000000034e-05	2.935472400000003e-09	1.0102099424400004e-05	0.000683805	-0.000240269	4.67589278025e-07	5.772919236099999e-08	0.0	0.0
5457.002536366334	-3.1617940856758655	29778876.68190861	9.99694184021488	5481.648213763877	-13.01739635008471	30048467.139460698	169.45260773519868	4496.398643013933	-0.6953243977559396	0.4834760181146601	20217600.75689754	4476.255756625719	5231.949842169624	1.107059	25.074917000000006	0.13344669999999995	0.0700148	0.019401807099999998	0.044999301299999996	0.0938831458	0.0635628431	-0.0239190221	-0.038643848	0.1081930211	0.0772109003	0.051764304299999994	0.023382717200000003	-0.0105805001	-0.042682929	-0.0699540335	-0.053271421299999996	-0.002014383	0.0100067827	-0.024276488500000002	0.0124677511	-0.014112263500000001	0.0024035417	-0.0417404229	-0.0719477644	0.019360082600000002	0.0286032887	0.130571445	-0.005826453499999999	0.027803574900000003	-0.0757430677	-0.027783523199999997	0.0278314348	-0.0353694302	-0.022984737400000003	0.055135227099999996	0.0180246387	-0.0505976115	-0.0915703903	-0.024354038300000002	0.0017005907000000001	0.0469112157	0.0058258568	-0.025616250299999997	-0.005391355400000001	-0.0980846477	0.0308406083	-0.005859173299999999	-0.0083248097	0.08222059820000001	-0.0024253645	-0.009068083499999999	0.0010405531	-0.016110400900000002	-0.047744717	-0.00042768019999999996	-0.048609269299999994	0.07517866150000001	-0.0737930709	-0.0480199021	0.070019156	-0.1033597567	-0.008464098199999999	0.0415278922	-0.1086747345	-0.0051206357	-0.0527681583	-0.0833728606	-0.0110435568	0.0679428589	0.0156873742	0.0174964132	0.1078602712	-0.09916448779999999	0.0389107529	0.0725697999	0.0652524354	-0.048178684000000006	-0.0242079148	0.044796235700000006	0.025339955499999997	0.0031158801	0.11452392310000001	0.0331995218	-0.0773785776	-0.081927443	-0.014691341	-0.014055458500000001	0.0008258612	-0.12778189880000002	0.0026074217	-0.0079615135	0.1252898452	0.0187657154	-0.0497552396	-0.06280295080000001	0.09630590060000001	0.045743552300000004	-0.09312943119999999	-0.0288560074	0.0186948088	-0.0116659872	-0.09207449699999999	-0.1057119716	0.0048151782	-0.044753280599999994	-0.07395958700000001	-0.0192493927	-0.015550278899999999	-0.1413235908	-0.0062392909	-0.025917525299999997	-0.062218554	-0.0399761336	0.027167229900000003	-0.0117985308	-0.0391786599	0.0697612258	0.0079077965	0.0159356405	0.0866236814	0.0096300455	-0.004101862	0.0164032475	-0.0093048604	0.04659346599999999	-0.06198519900000001	-0.0558108909	-0.0248418766	0.0215942593	0.009798520500000001	-0.0762860146	0.0174692646	0.0209115289	-0.0329398707	0.0502240826	0.0121949933	-0.0542165194	0.0488256205	-0.057599802199999994	-0.0620004138	0.0537083951	-0.050325971799999994	0.0075659951	0.15900537380000002	0.041852446099999996	-0.032356819	-0.06640599	0.076770281	0.0033949159000000004	-0.0253456015	0.0132394026	-0.0306190901	0.0808284745	0.0024938808	0.0922499951	0.0544736221	-0.0085694692	-0.014015149199999999	-0.121966407	-0.0639917237	0.021745694700000002	0.016660518200000002	-0.0701080037	0.0106968976	0.0013679432999999998	0.1019796572	0.0848351247	-0.0019762375	-0.0368932026	0.012438327800000001	0.15686429699999999	0.0163333283	0.063330347	-0.0893376805	-0.031124362200000002	0.0547443933	0.0453591437	-0.0164963663	0.0095590059	0.08814182109999999	0.0131483765	-0.0180529401	0.0577522773	0.0542239763	0.1456965381	-0.0018149402	-0.09159798289999999	0.0054419748	0.09138249529999999	-0.0090604767	-0.08021239999999999	-0.0040547999999999826	0.006434029113759998	1.644140303999987e-05	0.203553	0.04665499999999997	0.041433823809	0.0021766890249999976	-0.387149	0.014859000000000013	0.14988434820099994	0.00022078988100000035	0.0045749	-0.0009139100000000004	8.352314881000008e-07	2.092971001e-05	0.00335535	0.00017696999999999982	3.1318380899999934e-08	1.12583736225e-05	0.000950483	0.000266678	9.03417933289e-07	7.111715568400001e-08	0.0	0.0
5451.011760867053	-5.990775499280971	29713529.217110936	35.889391082785174	5469.799151522871	-11.849062241005411	29918702.758000325	140.4002759912202	4493.496815989221	-2.9018270247115647	8.420600081346375	20191513.63530527	4473.485602066963	5247.589281480308	1.16916	26.481493	0.1860663	0.102334	0.051592333	0.0149314515	0.0762381743	-0.0554858262	0.0479006686	-0.0077237057999999985	0.0403266255	0.0765440092	-0.0410740074	0.0094406368	0.08492159460000001	0.0158879944	0.08318036820000001	-0.0142801145	0.0137954568	-0.054424788700000004	0.0211127601	-0.11437757890000001	0.0171994582	-0.0323041893	-0.0343653389	0.0031966728999999997	0.0665244198	0.0297154199	0.0088606703	-0.067767693	-0.1150543558	-0.0687415926	-0.0145075284	-0.0048694508	0.1006129802	0.051290483399999996	-0.0199092685	0.006380534300000001	0.005404731899999999	-0.0226496625	-0.077658014	-0.022312117599999997	-0.195759947	0.026293376	0.062299420700000004	-0.0325755438	-0.023495394500000003	-0.016338695900000002	-0.0661285326	0.0051434752	-0.0459254903	0.0682233343	0.0962207561	0.0446771329	0.0210213155	0.0100202565	0.0529930584	0.0204781372	-0.0252113961	0.0333542378	0.0706267047	-0.037180986299999996	0.025346382	0.047373590800000004	-0.06373819509999999	-0.0225279949	0.0120791426	0.0342872634	-0.0832515694	-0.0493191784	-0.0783620986	0.0604793548	-0.059274006	0.013762375600000001	0.0038148212	-0.0785456601	-0.0762370295	-0.006737985699999999	-0.021964595400000002	-0.0503235118	0.0357560978	-0.045314790099999995	-0.0420232165	-0.0708488567	0.025322247599999997	0.0018849293	-0.0215071328	-0.0116373182	0.0753732649	0.0369177028	0.0857353511	-0.0779028597	-0.1497039249	0.0457827158	0.0290301583	-0.0052665683	-0.12783861789999998	0.07521684099999999	0.1626017921	-0.0916896264	0.0078925772	-0.12626908109999999	0.0218987758	-0.0421537485	-0.027079992	-0.0293576801	-0.0336195232	-0.0030300605	-0.0724398735	-0.029284951200000006	-0.0012434004	0.11115766310000001	0.0518964196	-0.0895176483	-0.008415421800000001	0.0111988223	0.0599756875	0.0046599139	-0.0519099064	-0.0087752366	-0.0276130773	-0.0354933418	-0.08972240449999999	-0.1133998558	-0.1309938683	-0.08876711300000001	-0.07619584900000001	-0.028190169700000007	-0.0162999177	0.0198460917	-0.0624395415	-0.047669492699999996	0.0317712749	-0.030278268599999998	-0.1146155542	-0.0205248092	-0.028619122099999998	-0.0370285521	0.022897456	0.02396021	0.0262100533	0.0103028573	-0.011044066299999999	-0.0394499492	0.0522690564	-0.037566493900000004	-0.0637847119	0.0963766618	-0.0593495976	0.0103177832	0.0289804024	0.0863031697	0.001124115	0.0298571813	-0.015611296399999999	0.07639065490000001	-0.0344006355	0.060622218600000013	0.0836863471	0.016692688799999997	-0.0068750598	0.0632867794	-0.0293164295	-0.095477486	0.021251260600000002	-0.0473182999	-0.0484269651	-0.0386743806	0.019394016	-0.0535847264	0.0454598692	-0.0734209849	-0.0573717739	-0.079929457	0.11060642470000001	0.0444072671	-0.0328453421	0.061173142800000004	0.09509623130000001	-0.0096221267	0.1029504845	0.0861565961	-0.0938285035	-0.14246848310000002	0.0605695093	0.0728824001	0.1099002074	-0.0030245489	-0.0914702662	0.0090604767	0.09087238460000001	-0.015056951599999997	-0.0852586	-0.0050462000000000146	0.007269028873960002	2.546413444000015e-05	0.129321	-0.07423199999999999	0.016723921040999998	0.005510389823999999	-0.414481	-0.027332000000000082	0.17179449936100002	0.0007470382240000043	0.00572335	0.0011484500000000005	1.3189374025000014e-06	3.2756735222500004e-05	0.00334825	-7.099999999999901e-06	5.04099999999986e-11	1.12107780625e-05	0.000516911	-0.00043357199999999996	2.67196981921e-07	1.87984679184e-07	0.0	0.0
5442.700884812809	-8.310876054244545	29622992.92154213	69.07066078901538	5468.512445163634	-1.2867063592375416	29904628.362909544	1.6556132549023297	4491.389855571538	-2.1069604176836947	4.439282201685849	20172582.83473092	4471.4649668719	5148.286920968327	1.1831	26.797224	0.1564609	0.0954754	0.0158561106	0.0549113654	-0.0339543581	-0.0961832428	0.0046034564	0.0046643136	-0.06397972099999999	-0.05262766309999999	-0.059092448099999986	0.0925380813	0.1034793045	0.036835694700000005	-0.0162080961	-0.0152775961	-0.0115499708	-0.0149056854	0.0453616604	-0.0030751817	0.0216736937	-0.0601016137	0.0074586678000000016	0.0780389783	-0.0138319479	-0.0474040247	0.0558441178	0.0147224751	-0.12357059150000001	-0.005051372100000001	-0.08547410800000001	-0.05867265820000001	0.0221414894	-0.06040684	-0.0035303754	0.0956208893	-0.0201311578	0.0300330259	0.1074809678	-0.0113133948	-0.05097060690000002	-0.0497036629	0.046401545999999995	-0.027542190299999998	-0.1943468278	0.0076120884	-0.028470898900000007	-0.0656294808	-0.0210609725	-0.0473127613	-0.052689872	-0.0250575656	0.0872531895	-0.0738669858	0.0789840654	0.0635265592	0.0450129665	0.0800270624	0.0429246935	-0.12174299470000001	-0.016664413899999998	0.0233749473	0.02346518	0.001676947	-0.0679745325	-0.0288151952	0.0429116527	-0.021563120499999998	-0.0108538853	-0.025100374900000003	0.0316802919	-0.0975870813	-0.03073507	0.0140310803	0.0029356758000000003	0.0569444086	0.0014615498000000002	-0.0258887704	0.07170748860000001	-0.0701516121	0.029178109900000002	0.0798643891	-0.0555754026	-0.0440683572	-0.0025963342999999997	0.0768928047	-0.005725011800000001	-0.0798538313	-0.049081301900000006	0.1236442215	0.015964156299999997	-0.0835506989	0.0486473183	0.0230965358	0.1012629156	0.0141197694	0.0388374846	-0.0036376346999999996	-0.07732537169999999	-0.0431958518	-0.0370623921	0.0587717688	-0.0210637463	-0.061679840199999995	0.0103431207	0.0814209527	0.0075134365	0.055122715499999995	-0.044051445300000006	0.0535483671	0.1168957713	-0.0291925616	-0.051274472800000005	-0.046982892199999994	0.0116546554	-0.022649776099999998	0.0389648597	0.0672696531	-0.10401293810000001	-0.06741339639999999	0.0837974572	-0.0869300928	-0.023311311600000002	0.0501664097	0.0203939582	-0.1549276615	-0.0961416475	-0.005343207900000001	-0.0360331905	0.0608045475	-0.012167943600000002	0.0651475967	0.041622287200000004	-0.0913286151	-0.08440605710000001	0.08731517949999999	0.004754617	0.0932720851	0.0295845674	0.0743912108	-0.0088339039	0.023762524700000003	0.1227685445	-0.021432752700000002	-0.0281948672	0.0217896998	0.0425387792	-0.0140030681	-0.056329567699999986	-0.006119695600000001	-0.043971469000000006	-0.0333855294	-0.006590360799999999	-0.0618028051	-0.040851650499999996	0.029222890499999998	-0.0223194115	0.0049389051	-0.035515758	0.015792794199999998	-0.0586005142	-0.054228199299999995	-0.044072384400000005	0.06065578360000001	0.0127733302	0.0730471851	-0.0293247168	0.0978335765	0.0076185069	0.065027629	0.0072129273	0.0561177483	0.0627676831	0.0189056997	0.060520516399999995	-0.1246209579	-0.0368651115	-0.059117244699999995	-0.0736697224	-0.0644151942	0.0209409162	-0.07931399480000001	-0.013893428400000001	-0.05404904940000002	-0.0263380593	-0.0042336307	-0.0912788023	0.0126647723	0.09010899630000001	-0.0209878625	-0.101701	-0.016442399999999996	0.010343093401	0.00027035251775999993	0.217667	0.08834600000000001	0.047378922889	0.007805015716000002	-0.427773	-0.013291999999999915	0.182989739529	0.00017667726399999773	0.00588487	0.00016152000000000007	2.6088710400000023e-08	3.4631694916900005e-05	0.00382801	0.0004797600000000001	2.301696576000001e-07	1.4653660560100003e-05	0.000643241	0.00012633000000000002	4.13758984081e-07	1.5959268900000002e-08	0.0	0.0
5441.626008327782	-1.0748764850268344	29611293.61450935	1.1553594580636426	5476.91924236999	8.406797206355805	29996644.387442663	70.67423926879177	4489.820619226194	-1.5692363453435971	2.46250270754733	20158489.192828685	4469.502031249337	5116.9485674591215	1.133942	25.683811	0.1217324	0.0656341	0.0326713508	0.0999221613	-0.0485045957	0.0255045094	0.0316599679	0.0414213325	-0.0850186007	-0.0686731362	0.0759974106	0.0364543754	0.0043073382	-0.0080751651	0.0099040225	0.0519685842	0.08018462650000001	-0.0456322359	0.0180250129	-0.0060733206	-0.023356428399999997	-0.0464366496	0.0164835427	-0.0598213106	-0.09443102390000001	0.0108686124	-0.023337714300000003	-0.0172244069	-0.0527287071	-0.0874758166	0.0504550891	-0.0147146642	-0.007987314799999999	0.033795655200000004	-0.008658247800000001	0.0516768661	-0.0602178045	0.0323222965	-0.1002235636	0.0402199963	0.032410647599999995	0.1107467352	0.022269149	0.0425386438	0.0404550598	-0.0027798515	-0.055147481500000005	-0.0206333661	-0.0639866973	-0.0481560889	-0.08797447359999999	0.07475358929999999	-0.04503923519999999	-0.0077931042	-0.0075263872	-0.1499111292	0.0031046137	0.057510867800000004	-0.0642613254	0.0071064838	0.0084519283	-0.0590255684	0.0570620733	-0.10442006050000001	0.0933534162	-0.0723391093	-0.0101627211	-0.04778537730000002	0.0691519233	0.0961763255	-0.0404148031	0.106861195	-0.0201269138	-0.0437712464	-0.06818620980000001	-0.0145337543	-0.0026644039	-0.0972732279	-0.0352690141	-0.0612969381	0.0792731716	0.08630889900000001	0.0459818526	-0.1098652807	-0.06299152	0.0170092774	-0.0013584235	-0.0243818137	0.0030254525	-0.0060100767	-0.0127427499	-0.0750237541	-0.042525047	0.1424766218	-0.0271506955	0.0148195477	-0.0082946213	0.027636461	0.0313748104	0.006109957900000001	0.0302327263	-0.0174023946	-0.054399437	-0.0485153607	0.0162909922	-0.0461515262	0.09244351640000001	-0.016733716699999998	0.012227656399999998	0.0166672964	-0.0030682758000000004	-0.1188420463	0.0671041872	0.0024047807000000003	0.0011547378	-0.022694975099999997	-0.0198707407	0.042608259	-0.0549188317	0.035267001400000005	-0.09032894300000001	0.09461494849999999	0.0288688103	-0.0750012147	-0.0481632812	-0.022791868399999998	0.0612246342	0.0102068038	-0.061806357	0.0173873276	0.0565201739	0.0701326895	0.1018494242	-0.061311506399999986	0.0756818655	-0.046757872199999995	0.011097944299999999	-0.0496112842	-0.1017687025	0.0531894012	0.0526418224	0.0373970095	-0.0259680573	0.013383998999999999	0.0424235531	0.0109134186	-0.0976844731	0.0413430912	-0.0892645966	-0.0264025377	0.1469321411	0.020437342	0.0861638828	0.0579755613	0.06448812570000001	0.0302121884	0.08918259939999999	-0.0602629921	-0.0206133246	0.0951597089	0.0512813612	-0.058416888499999986	-0.08736783949999999	-0.06909402740000001	0.0012039718	0.1104745448	0.08924160490000001	0.0280186279	-0.0466984557	0.0348122611	-0.004868115	0.0009310375	-0.0461198458	0.07080805009999999	0.07943094099999999	0.0099081978	0.10058298560000001	0.039907816400000004	0.0331357786	-0.054593443	-0.013887525900000001	-0.0078557535	-0.0618660471	-0.0088365011	0.022552424900000003	-0.0054419748	-0.0910237247	0.0162492101	0.08909445810000001	-0.0268273839	-0.0927957	0.008905300000000005	0.008611041938489999	7.930436809000009e-05	0.175558	-0.042109000000000014	0.030820611364	0.0017731678810000004	-0.439565	-0.011792000000000023	0.193217389225	0.00013905126400000058	0.006808800000000001	0.0009239300000000008	8.536466449000014e-07	4.635975744000002e-05	0.00373513	-9.288000000000003e-05	8.626694400000009e-09	1.3951196116900003e-05	0.000481529	-0.000161712	2.3187017784099999e-07	2.6150770944e-08	0.0	0.0
5448.4918112685555	6.865802940773393	29686063.017460506	47.13925002153256	5477.236480000418	0.3172376304282807	30000119.45784737	0.1006397141597504	4492.796391892076	2.9757726658817774	8.85522295900914	20185219.418998454	4472.831833322749	5128.8021406795315	1.232285	27.911287	0.22894515	0.141518	0.0514186445	0.0632960031	0.0820809525	0.06257878360000001	-0.11553748300000001	-0.016138546	-0.034404244900000006	0.0129193973	0.07424624120000001	-0.066595248	-0.0091850871	-0.077227445	-0.0962615165	0.0340429837	0.019035709799999998	0.1105045653	0.08955748820000001	-0.0060992952	0.0454424537	-0.045016784299999994	-0.0333949636	-0.0951744706	0.062099353899999994	0.0202438057	0.1414698384	0.027747410400000002	-0.04206774940000002	0.09557956949999999	-0.0710833923	-0.012654558100000001	0.0529224376	-0.0584607813	0.0361864456	0.049823443499999995	-0.0623873393	0.0612578902	0.0591288358	-0.1178282801	0.09877402689999999	0.0658760157	0.0204057418	-0.08555178220000001	-0.0053215003	0.0183496994	-0.0920028491	0.0604998003	-0.042141923899999996	-0.059812127300000004	-0.0740987524	0.0398232197	-0.0626114623	-0.0009693455	-0.0504773076	0.006895964399999999	-0.0120891201	0.0150933501	-0.0172998033	0.028434789300000006	-0.0060425821999999995	0.0802623484	-0.003398381	-0.0155637462	-0.0803176905	-0.0194097925	0.0179971588	0.055044057800000004	0.0359500871	-0.1344981715	0.0111506214	0.09203097869999999	-0.047043866600000005	0.0698388167	0.024796224	0.1028905441	-0.0349979005	-0.0028552568	-0.0445380906	-0.0951714508	-0.0193163131	0.0459280987	-0.0200997148	0.0059755906000000004	-0.0787728395	-0.129254595	0.12886137820000002	-0.0671424912	-0.0223184519	-0.0348935385	-0.0089624001	0.0249853728	0.016539678000000002	-0.1123600334	0.041371379300000004	-0.0615025964	0.0312712088	0.0145907098	0.0060964376	-0.035066978	0.027275908199999997	0.005652494300000001	-0.0333939392	-0.0426426271	-0.0325026122	-0.1021980901	-0.0480963696	-0.0119771605	-0.1285399028	0.015307013400000001	0.0919547617	0.0747471303	-0.07241302200000001	-0.023470361000000002	0.0729544068	0.017405328	0.0504366692	0.0380088698	-0.0790665232	-0.0122880923	0.018829807	0.0079364263	0.17593967079999998	-0.0087747073	-0.0227923592	0.0363388537	-0.09355447050000001	0.0004927638	-0.0939346607	-0.0369245912	0.0440749271	0.056304530199999994	0.07823748030000001	-0.018540436	0.080036537	-0.008555792	-0.029126639500000006	-0.0357440098	0.028016469300000003	-0.0012100994	0.0684032888	-0.0880412578	0.0392947031	-0.0463505587	0.0059532657999999995	-0.028466965099999998	0.0803244925	-0.0008115736999999999	-0.0329428258	-0.075091648	-0.0977318367	-0.0834034613	0.0342933957	-0.0362265834	0.1076877478	-0.0047369139000000005	-0.000627073	0.0004961668	-0.09371143300000001	-0.031184293999999998	0.08429928310000001	-0.08715244300000001	0.0599118934	0.0484318253	0.0342305594	0.0219103608	-0.004944755	-0.0707203147	-0.0855680053	-0.17915533260000002	0.059480790199999994	-0.0170002387	0.054104210300000004	-0.0067827762	-0.0592121774	-0.0353808398	-0.0544398042	-0.0593785883	0.0170746253	-0.0561073912	-0.0296414754	-0.0110051251	-0.0245107613	0.0610014375	0.0550633254	-0.006649370799999999	-0.0907052112	0.0198081701	0.08783159759999999	-0.0325500881	-0.091519	0.0012766999999999915	0.008375727361	1.629962889999979e-06	0.215305	0.03974700000000003	0.046356243025000014	0.0015798240090000026	-0.390838	0.04872699999999997	0.152754342244	0.0023743205289999967	0.00441938	-0.002389420000000001	5.709327936400007e-06	1.95309195844e-05	0.00348185	-0.00025328000000000026	6.415075840000012e-08	1.21232794225e-05	0.0006227180000000001	0.00014118900000000006	3.877777075240001e-07	1.993433372100002e-08	0.0	0.0
5472.895371516972	24.4035602484164	29952583.74757189	595.5337527980889	5491.392617397039	14.156137396621487	30155392.878402706	200.39622599202545	4499.806419060931	7.010027168855232	49.14048090808849	20248257.80902196	4479.025144412747	5202.031692840443	1.269104	28.745226	0.1393218	0.08429309999999998	0.0739560858	0.0012181610000000002	0.0320086765	0.0596873874	-0.0349735367	-0.1556714968	-0.0898315276	-0.048982456900000006	0.0734315639	-0.1426917434	-0.0198055681	-0.17262883710000002	-0.0039169470000000005	-0.0702764461	0.014534109699999999	0.029317836899999998	0.034569934	-0.2809934531	-0.060525947000000004	0.0028158419000000002	-0.0914660024	-0.056929008499999996	0.028480785499999998	0.053896363499999995	-0.0376714975	-0.0197900367	-0.0045111552	-0.0196433011	0.1658636434	0.05220783440000002	0.045693182400000004	0.049347761799999994	-0.034270243	0.1467223406	0.039681677	-0.0579922684	-0.0787750148	-0.115362067	-0.0018012784	-0.0261774567	-0.012582056299999998	-0.035392381	0.0164107594	-0.08637688019999999	-0.0317320779	0.0794613092	-0.041512490299999996	-0.0427840717	-0.054053319100000004	-0.0225975237	-0.0389841192	0.1038627729	-0.0369804617	0.053275296500000006	-0.0050946995	-0.031267737000000004	0.0714952028	0.0528143048	-0.0045197686	-0.0465114421	-0.08726073460000001	-0.024244388199999998	0.0504451451	-0.0245409617	0.074703352	-0.036416729700000004	-0.051879178	-0.0154458848	0.0684038136	0.0806787174	-0.0773780869	0.031801066600000004	0.0408654825	-0.0255838915	0.0208805426	-0.0719367982	0.042768244500000004	0.0664666972	-0.00010823549999999999	0.0183413918	-0.0100886633	0.0366553997	0.0368136429	0.0464425517	0.0035707906	0.0082998082	-0.0366751126	-0.0317347215	0.10825021050000001	-0.14683816	-0.02864705	-0.0447738649	-0.08945794050000001	0.0150531436	0.009769792	0.08925597460000001	0.1433553917	-0.0410902849	-0.0037285708000000003	0.007240754100000002	0.012561808999999998	0.0016501356	-0.0924731318	-0.0525518446	-0.0166385623	-0.0576659595	0.027943384100000003	-0.0028421203	-0.025072661	-0.0185192543	0.1643721888	0.0704066919	0.026510267799999997	-0.0319225337	-0.0363993529	0.14102957189999998	0.047366090199999995	-0.0018879356	-0.1166246602	-0.102303511	0.046901992999999996	0.0025664481	-0.042075212699999996	0.0299087023	-0.0318931999	0.06980934400000001	0.0042849494	-0.07674350469999999	0.0401613579	0.014401156000000003	0.046758887400000004	0.12089387800000001	0.042503442300000006	-0.049599312300000004	0.0057223670999999995	0.0110156274	0.0918966484	-0.0184728543	-0.021753238799999998	-0.0943766297	-0.060421825	-0.0183736758	-0.0306887858	-0.0040622208	-0.0322768106	-0.0607876778	-0.06580732980000001	0.030730752799999997	-0.0094200397	-0.0414801172	0.08722427210000001	0.0191914256	0.061235655599999994	0.0225457557	-0.039032231800000004	-0.0502838353	-0.006966293199999999	0.0079368817	-0.08723439820000001	0.0956789069	-0.0586413575	0.0159548344	-0.038639035099999997	-0.0352458093	-0.0013640337	0.0052197516	0.0309633104	0.0447855385	0.0023542927	0.0758755294	-0.1369111891	0.0236771056	-0.1134361751	-0.09831211599999999	0.0703648997	-0.043695635499999996	0.0493147571	-0.0861247828	-0.1021680425	0.0409272849	-0.0035450621000000008	0.0203090241	-0.0250525469	-0.007855608100000001	-0.0903234838	0.023336071899999998	0.08632393470000001	-0.0381310563	-0.0852877	0.006231300000000009	0.0072739917712899985	3.882909969000012e-05	0.137503	-0.07780200000000004	0.018907075009	0.006053151204000007	-0.401067	-0.010228999999999988	0.160854738489	0.00010463244099999975	0.00495989	0.0005405100000000001	2.921510601000001e-07	2.46005088121e-05	0.00323911	-0.00024274	5.892270759999999e-08	1.04918335921e-05	0.000504778	-0.00011794000000000007	2.54800829284e-07	1.3909843600000021e-08	0.0	0.0
5494.415365985142	21.519994468169894	30188600.21397364	463.110161910063	5473.379912090209	-18.012705306830867	29957887.662072614	324.4575524707329	4505.15580757997	5.3493885190391675	28.61595752762805	20296428.850571536	4484.82452652771	5445.425390458231	1.381089	31.281691	0.10411645	0.0631722	0.029270966699999998	-0.1406683269	0.0658618024	0.07363282269999999	-0.048880545	-0.046895959800000005	0.0306703417	0.009698375799999999	-0.0169501208	-0.17008900850000006	-0.0361481487	0.0043555513	0.09037277310000001	-0.0957160061	-0.055302073300000004	0.09455134220000001	0.0143651814	0.0689976624	-0.0113904256	0.0716623509	-0.1102003352	-0.060036565199999996	0.0449235903	0.0299817444	0.009285379100000001	-0.0201777206	0.0055276515	0.057303855	-0.022048653900000003	0.0161688826	0.1402059823	-0.07826491990000001	0.054454190199999995	-0.012431721000000001	0.0064610754	0.026090887200000003	0.1144799715	0.0370577648	0.1139127237	0.0710603348	0.0978662627	0.019083084099999998	-0.0219834996	0.12713015490000001	-0.0434227725	-0.04948212230000002	0.075902496	-0.0290939834	-0.0447423109	0.0327787702	0.11143686970000001	-0.025950983599999998	-0.0051522752000000005	-0.0142883519	-0.042065229100000004	0.0490435383	-0.0394052991	0.045922190300000006	0.0017089018	-0.045563090099999995	-0.0407422883	-0.10576120609999999	-0.0076082729	-0.0480054574	0.0421666359	-0.0578499558	-0.034157936800000004	0.1446331209	0.11060406689999999	-0.0181734923	0.0017913014	-0.0148809896	0.018622333600000002	-0.0695744798	0.0097685502	0.0249448458	-0.0604346829	-0.056913447699999994	0.0106837058	-0.0450474779	-0.05842645	0.1013725084	0.0355802613	-0.1667616353	-0.0146370642	0.059856875	0.06827858269999999	0.0603958417	0.0772174567	-0.025337973700000002	0.1389877743	-0.0415171344	0.0674461408	0.1037402353	-0.011751526299999999	0.0473790713	0.1487695963	0.0589582984	-0.0480581288	0.0688388714	-0.010617243799999999	0.0715069633	-0.11138438939999999	-0.0626459684	-0.0328306348	-0.0288265692	-0.0074115715	0.020673520900000002	0.011765046999999999	0.0558205492	-0.027606069900000002	0.0027038540000000003	0.1510779309	0.0382588232	0.0672903587	-0.0084596069	0.011077744799999999	-0.0260981592	0.12862867109999998	0.07163772019999999	0.0637974962	-0.0013948807999999999	-0.032398403199999995	-0.058526053499999994	-0.0022453023	-0.1088747417	-0.1100115778	0.06375498480000001	-0.10764233890000001	0.0185115961	0.0732388737	-0.044403474400000004	-0.0856497075	-0.022221618	0.0080565428	-0.046198988899999995	0.0109797127	0.0069699676	0.0294915023	-0.0029451456	-0.0698582575	0.029741269	0.013019631200000001	0.0749139608	-0.030041001	0.051421591100000004	-0.0911134823	0.1136953665	0.0372436409	0.11275619349999999	0.0947013816	-0.0041498611	-0.020191049	0.0029657520000000003	-0.0517912778	0.0435251538	0.0591187839	-0.0051263836	0.021036399900000002	0.0043768456	0.0375839983	0.0035549226	0.0192605661	-0.0795165278	-0.0876222777	-0.08678123630000001	-0.1396050121	0.014909384	-0.10886782060000001	0.0303268027	-0.0200436589	-0.0994991459	-0.0011791756	-0.0670189798	0.056984488099999994	-0.1539735995	-0.08030283490000001	-0.0121132683	-0.07174753190000001	0.11014406189999999	0.0132923102	0.0017634478	-0.0078833282	-0.0090604767	-0.08987880849999999	0.0268273839	0.0845756715	-0.0435459867	-0.088452	-0.0031643000000000088	0.007823756304	1.0012794490000056e-05	0.196602	0.05909900000000001	0.038652346404	0.0034926918010000016	-0.409917	-0.008850000000000025	0.16803194688900006	7.832250000000043e-05	0.00458016	-0.00037973	1.441948729e-07	2.09778656256e-05	0.00310302	-0.00013608999999999974	1.8520488099999932e-08	9.6287331204e-06	0.000649021	0.00014424299999999995	4.212282584409999e-07	2.0806043048999987e-08	0.0	0.0
5474.043685787121	-20.37168019802084	29965154.27390585	415.00535409043437	5453.4034111532255	-19.976500936983033	29739608.76477764	399.0605896852838	4502.738255855135	-2.4175517248349934	5.844556342252653	20274651.800741345	4482.146576269193	5532.429782791431	1.318309	29.859715	0.10756855	0.0657474	0.043733928899999996	-0.1522468869	0.0012551547	-0.0494280238	-0.0082977026	0.0715774284	0.0374035728	0.0296001871	-0.1013682738	0.0195103519	-0.1280270643	0.0973812317	0.016631498	-0.028075398199999997	-0.0129775831	-0.06307767389999999	0.0246918752	-0.08849323220000001	0.1033068317	0.08668841529999999	-0.09106104359999999	0.0735969051	-0.0481720011	-0.0296128276	0.028040608199999997	-0.0414621133	-0.0034801318	-0.11014742720000001	0.0924208404	0.0388676083	0.043150800999999996	0.0036276256	-0.08767190960000001	-0.0033842321	-0.055836780999999995	-0.0529989881	0.048668186399999994	0.05164127809999999	-0.1780751646	0.0593864511	0.09670333460000001	0.06182616730000001	0.0103162912	0.0693352953	0.0541615429	0.0100675251	-0.07653923110000001	-0.0282071527	0.0325561345	0.0057463379000000005	0.1278841467	0.060207676900000014	-0.0644995152	-0.024817949	0.030442331800000007	-0.0763545144	0.08669680710000001	0.0396390089	-0.011549479199999999	0.0712301217	0.0511526497	0.0808554429	0.0646423543	-0.0464728295	0.08827975910000001	0.0030785558	-0.0407713397	0.056445559900000004	-0.0030217607	0.06590823900000001	-0.035513847200000004	0.1103184765	0.0915035199	-0.0462867954	0.0820767237	-0.026448547700000002	-0.055284754900000004	0.0472201738	-0.0542855032	-0.0981188261	0.0297535049	0.11603565789999999	0.023176935899999997	0.0566840842	-0.0234672075	-0.0663913506	0.0285192166	0.0892360537	0.057917373099999996	0.0590362613	-0.0273251563	0.0114354231	0.0732765911	-0.0708007229	-0.0806064028	-0.0655862272	0.09957203869999999	0.0242034431	0.2020911748	-0.007606340600000002	-0.012006053300000001	0.0850970434	-0.0906525334	0.0799323923	0.0375398926	0.0342007279	-0.0348404876	0.03239804	-0.043038531399999996	-0.09784876640000001	0.0826180538	0.0651143212	0.0272292381	0.052596992	-0.0598713171	-0.010895107900000001	-0.06557421769999999	0.0279611071	0.07953298	-0.054490237000000004	-0.1464203939	-0.1107484902	-0.080231555	-0.0134181456	0.0443449084	-0.07683546990000001	0.0497798091	-0.0251610118	0.0449014534	0.024207768199999997	0.0285451117	0.0283452962	-0.10233753699999999	-0.093364045	-0.06710314690000001	0.056637410199999995	0.0121659189	-0.0326397716	-0.12202225189999999	-0.08114081320000001	-0.0035014244	-0.0672549303	-0.016202994199999998	-0.12297906689999999	-0.0036031817	0.0431441828	-0.0494384929	0.0302751458	0.029472914300000007	0.0717684581	-0.041416514700000004	-0.013157008700000002	0.10475628810000001	-0.0054004927000000005	-0.0994938481	-0.0490757091	0.021983489300000002	0.0035804696999999996	-0.0367643086	0.10031250189999999	0.1073119433	-0.021925363399999998	-0.034155643199999995	-0.0805186317	0.010260574100000001	0.081378356	-0.0543560601	0.0179045646	-0.0368316526	0.047506204	-0.046351664	-0.0332552639	0.036190025099999995	-0.0021281344	-0.12196842289999996	0.046709848600000006	0.0081966013	0.0768714912	-0.0020616216000000002	0.017747221599999998	-0.166698799	0.1066737766	0.0231339294	-0.010263766700000001	-0.0893714952	0.030276632	0.0825916807	-0.048771300499999996	-0.08531280000000001	0.0031391999999999948	0.007278273843840001	9.854576639999968e-06	0.171292	-0.02531	0.029340949264000004	0.0006405960999999999	-0.401203	0.008714	0.16096384720900006	7.5933796e-05	0.00578038	0.00120022	1.4405280484000004e-06	3.34127929444e-05	0.00323134	0.0001283199999999999	1.6466022399999977e-08	1.04415581956e-05	0.000569454	-7.95669999999999e-05	3.2427785811600005e-07	6.3309074889999835e-09	0.0	0.0
5447.314304382079	-26.729381405041753	29673233.13072561	714.4598302961915	5485.205299881181	31.801888727955884	30087477.181844603	1011.3601266652877	4493.0600071221415	-9.67824873299378	93.6684985376957	20187588.227600414	4473.349691778252	5273.4108566768655	1.344286	30.448101	0.06311740000000005	0.043350900000000005	0.0413618733	0.0259922644	-0.097590681	-0.011529995	-0.048700729000000005	0.1099131974	0.087684526	-0.0123207582	0.0199577131	0.13283835970000002	-0.0324485963	0.0281530004	0.0792554221	-0.021535223500000002	-0.055761701100000005	0.09249595470000001	0.0157552192	0.0634532834	0.0216947617	-0.0012023997999999999	-0.0133633324	-0.00465001	-0.1056456223	-0.0216171052	-0.0006413072	-0.0760632267	-0.1063731595	-0.0081886846	-0.0935225076	0.0083666038	0.0166530652	-0.0430441805	0.0177839273	-0.012270199099999999	0.0013740929999999998	-0.0507726814	0.0447864333	-0.006688641899999999	-0.0863435842	-0.022345855699999997	-0.0052281458	0.005487981899999999	-0.0801307668	0.027159447000000003	0.0283630837	-0.0614138535	-0.018826896399999998	-0.1519289638	0.0215389146	-0.0137525129	-0.0047540716	0.1054342244	0.0270999043	-0.00720214	0.07882418570000001	0.0738192714	-0.0372551811	0.0622959335	-0.018810631	-0.0121002426	0.0146711023	-0.0204824705	-0.036938253399999996	0.07048897929999999	-0.0059540860999999995	-0.034608566800000004	0.0486331237	0.0676691838	0.06014697820000001	0.0809670359	0.06750823389999999	-0.0988783542	-0.0078985898	0.0083652046	0.0136176823	0.0142499065	0.0139244555	0.0487491382	0.09526056460000001	-0.1841234821	0.074262331	0.0036777160999999997	-0.0277370693	-0.0252655999	0.08189574969999999	-0.1156854027	-0.06029125110000001	0.0415428467	0.029133069100000002	-0.0510174716	-0.0317505239	0.021415511	0.0375920309	0.061774429299999996	-0.118227611	-0.08232420389999999	0.0236481386	-0.0709741956	-0.0166493757	0.0633218551	-0.00019941959999999998	-0.0044624348	-0.0103535937	0.0104565882	0.1038674074	0.0120446902	0.020546545	0.1337628989	0.054345633	-0.0256583854	-0.0862220745	0.0036920933	0.0074149084	0.0104936959	0.0384718833	-0.017820558	-0.0104098437	0.0004126399	0.0384731802	-0.0840855092	-0.0575419145	-0.0188736361	0.0249234508	-0.056047342800000004	-0.033752435899999995	-0.0337885998	0.024251372200000003	0.030182954799999998	0.0025822468	0.15060477349999998	0.0010417064	0.08387647690000001	-0.0187353997	-0.035354731699999996	0.027034565400000002	0.054437693499999995	0.0004125617	0.1011559816	0.039192025899999997	0.0271168256	-0.040399296800000005	0.02542716	0.045826676	-0.0407086313	0.027387428399999997	-0.012499540200000001	0.0863799692	0.0185950893	0.0153027052	0.06378848620000001	0.11943217130000001	0.034764821	-0.023630448	-0.0290365859	-0.011179046000000002	0.0065671290000000005	0.071682199	-0.0218153541	-0.0051119007	-0.0237047861	-0.0017532785	-0.1786591996	0.050328230099999996	-0.0950516151	0.0204781882	0.1074071741	-0.0444281038	-0.09409695009999999	0.0788940372	0.0796729594	-0.0382859338	0.0637370773	-2.05718e-05	-0.0333056683	0.009201301700000001	0.0022367104	-0.1186043359	0.0021904051	-0.0565150392	-0.052321034599999997	-0.039334212599999994	-0.0918437216	0.0343770401	-0.011465268300000001	-0.0888018974	0.0336784079	0.0803774921	-0.0537842446	-0.0885698	-0.003256999999999996	0.007844609472040001	1.0608048999999974e-05	0.211593	0.040300999999999976	0.04477159764899999	0.0016241706009999981	-0.41598	-0.014776999999999985	0.17303936039999998	0.00021835972899999955	0.00578326	2.880000000000244e-06	8.294400000001402e-12	3.34460962276e-05	0.00330647	7.513000000000009e-05	5.644516900000012e-09	1.09327438609e-05	0.000587092	1.7637999999999942e-05	3.44677016464e-07	3.11099043999998e-10	0.0	0.0
5442.564941558009	-4.749362824069977	29621513.143076334	22.55644723465794	5465.876295152573	-19.329004728608197	29875803.67391082	373.610423798558	4489.478350940133	-3.581656182008373	12.828261006118801	20155415.863560136	4469.181137281352	5150.998730234623	1.208842	27.380283	0.10599605	0.0538165	0.044449288899999995	0.0976356673	0.022482473700000002	0.07038073480000001	-0.08699779519999999	0.033361990099999995	0.0183329661	0.0229938801	0.0951081046	0.0658408903	0.0096775988	-0.0074874027000000004	-0.10530080380000001	-0.0113074685	0.0278740623	-0.0079341615	0.0553600484	-0.0034211110999999997	-0.0389384266	-0.0642811922	-0.0159424252	-0.0616324361	-0.0116896218	-0.0377853627	0.0564867849	-0.0629800573	0.1013602074	-0.0125201552	0.0084525442	-0.062803398	-0.08217355059999999	-0.026740835499999997	-0.0482033433	-0.059835018	0.0040281722	-0.10429117449999999	-0.040574439	-0.0604179184	0.0072614815	0.0378080394	-0.1558215313	-0.0196954501	0.033044614	-0.0937909531	0.0124548601	0.003302706	-0.0946899399	-0.07855865599999999	0.05783948980000001	-0.0082836213	-0.1268420561	-0.0666510496	-0.0005533962999999999	0.056473345	0.0500648008	0.0285359739	-0.0015998751999999998	-0.0339696409	0.0868626292	0.0822200731	-0.0669622701	0.0084434231	-0.0097842681	-0.0458869908	0.0052352277	-0.0850908834	-0.045014348899999994	-0.0079922335	-0.0289259365	-0.0687488252	0.0185285052	0.0027560517	-0.0037870979	-0.0074457746	0.0094952235	0.0439745664	0.056353349500000004	-0.0331557821	0.0452104746	-0.1261975283	-0.1133266885	0.0030740009	0.1488728716	0.0036578003	0.0548211584	-0.1144892352	0.0154250021	0.0203912854	0.057278385	-0.088430753	-0.012704493999999998	-0.0396615523	0.0238342132	0.0371095721	0.1095935025	0.0409867621	0.0037859106	0.1005833984	0.0316027222	0.1144733602	0.1063187564	-0.0642903357	-0.0174152299	-0.0652444405	0.0202119262	0.042741643200000005	-0.0686055482	-0.0009095438	-0.1201359156	0.004016866599999999	-0.0050480861	-0.0681848151	-0.0804915499	0.054624876100000004	-0.008264303800000001	-0.0016867135999999998	0.065738872	0.0907587475	-0.0401527048	-0.0537364217	0.0347709587	-0.0697357016	0.10623457369999999	0.0882207968	-0.000307431	0.0937156954	0.018767549799999998	-0.0152629264	0.1223429657	0.1024030079	-0.0421066414	0.013162306399999999	0.09582636470000001	0.0788219237	-0.0225037752	0.0793820666	0.0478364527	-0.023944572999999997	0.030437871800000002	0.0140283341	0.018776828	-0.0680430772	-0.054412818099999996	0.1014645182	0.0210083329	0.0472256084	-0.013163521899999999	0.037407502	0.0207634743	-0.0453288767	-0.0603314405	-0.0008266994	-0.0484633759	-0.0092952621	-0.040717032400000006	0.0288805087	0.0420742511	0.0045550311	-0.0700187871	-0.0367301582	0.0304635883	-0.0116246778	0.0865150442	-0.0643595515	-0.168589607	0.07413871820000001	0.0639509703	-0.0332660466	-0.0154416413	0.0415471807	-0.0458745706	0.0633234849	-0.0051591678	-0.061192787900000004	-0.0107399769	-0.1161767319	0.0631306429	0.0326761993	0.0794875822	-0.0350130218	0.036277703599999996	0.0239044788	-0.1119277899	-0.0126647723	-0.08817041210000001	0.0370273778	0.077939277	-0.05856299070000001	-0.07689249999999999	0.011677300000000015	0.005912456556249997	0.00013635933529000037	0.17288399999999998	-0.038708999999999986	0.029888877455999992	0.0014983866809999994	-0.391506	0.024474	0.153276948036	0.0005989766759999997	0.00537038	-0.00041288	1.704698944e-07	2.88409813444e-05	0.00320018	-0.0001062900000000002	1.1297564100000044e-08	1.02411520324e-05	0.000690637	0.00010354500000000004	4.769794657689999e-07	1.0721567025000005e-08	0.0	0.0
5450.846547785352	8.281606227343218	29711728.08750349	68.58500170476997	5457.875514764266	-8.000780388307247	29788405.134663306	64.01248682192188	4486.3101626933785	-3.1681882467546534	10.03741676687432	20126978.87588589	4466.159769135353	5194.2439913769285	1.136949	25.751907	0.07045705000000001	0.0372838	0.041312635099999995	0.041443787	0.0996367023	-0.0130390881	-0.0325191421	-0.0360871273	-0.0159458219	0.0846018531	0.0232002096	-0.0619761995	0.0740908034	0.0431323978	0.0666883985	-0.0257713958	-0.0043331843	0.055530539500000003	-0.052452659299999996	0.0876191594	0.0008495528	-0.0942161633	0.0171004607	-0.0548861242	0.09872162720000001	0.0181629347	-0.0829391864	-0.1519584734	0.0056002345	0.006210525	-0.0161422154	0.0337822715	-0.008662506	-0.0260766796	-0.006837340999999999	0.0048180942	0.0181682525	-0.0350048796	0.0461585746	0.1169684427	-0.047437075599999996	0.031088411099999998	-0.0631277058	0.0017646712	0.0100569409	-0.096019231	0.027760635099999997	-0.0277419518	0.055489863	-0.0182020305	0.0284660971	-0.0162327756	0.0759388426	0.012513088200000001	-0.028435372900000002	-0.0671288377	-0.0410325129	0.0911674442	0.0244204217	0.0758017855	-0.028255380400000002	-0.0464748884	-0.02240052	0.0279159592	-0.0518082978	0.022336798300000002	0.025437172	0.0453131238	0.059727954800000004	0.0126425036	0.019620401200000002	-0.09654243470000001	-0.0048527589	0.0663767759	0.12073887330000001	-0.0382264582	-0.010491583999999998	0.1720008974	0.0504355333	0.0006663061999999999	0.0767693192	-0.0008016377	-0.0361922649	0.1002681077	-0.0058420582999999995	-0.1490652565	-0.0536107429	-0.0445893951	-0.053898524100000005	-0.0429775062	0.0164981367	0.0222153457	-0.08832345189999999	0.0226604198	0.09512357949999999	0.0358945621	-0.0093681956	-0.0699103075	-0.017403749399999998	-0.0037715103999999998	0.012319928999999999	0.0181108516	0.0619314079	-0.08900137609999999	0.0157164452	-0.0777474631	-0.0943825475	-0.0214015233	0.0783963417	0.1289372562	-0.0899793485	0.0239262134	0.0016820878	0.0267851127	-0.0208049719	0.0096366045	0.024707908799999997	0.010553011000000001	0.0039783095	0.0014192564000000002	0.0825563658	0.027800284300000002	-0.106813067	-0.0312405188	0.0499705436	0.0008074813000000001	0.0409421929	0.12915174699999998	0.0259661229	0.025737226000000002	-0.0465548746	0.010035965	-0.0093454388	0.0281510744	-0.0803392869	-0.027012785	-0.0347180457	-0.0698602759	-0.038045203300000004	0.08449805839999999	0.0065244722	-0.0201165825	-0.1166533112	0.038595277000000004	0.0139134601	0.019114614	0.0309228998	-0.009134036	0.0375628238	-0.0325032192	-0.032098817	0.043471627199999995	-0.0472315531	-0.044116601799999995	-0.0075085156000000005	-0.0067748958	-0.1553752172	0.1335170537	0.037876137000000004	-0.1116407209	-0.0186752755	-0.0126762395	-0.0314098643	0.0511798829	0.0863483852	-0.0572367973	-0.0636252205	-0.0398121335	-0.1350193043	0.028140173900000003	0.062060368	-0.0110047653	-0.0507927528	0.0670505387	0.0227131287	0.057721377699999986	-0.053810965	-0.049248768899999996	-0.054562317400000004	0.0696775437	-0.022157468700000002	-0.0341672183	-0.0493500801	-0.0282283025	-0.0294689229	-0.013862069599999999	-0.0874774795	0.040318290699999995	0.0752838312	-0.0630867301	-0.0609501	0.015942399999999992	0.0037149146900100007	0.00025416011775999963	0.17973699999999998	0.006852999999999998	0.032305389168999984	4.696360899999997e-05	-0.414156	-0.022650000000000003	0.17152519233600005	0.0005130225000000002	0.00578894	0.00041856000000000017	1.751924736000001e-07	3.3511826323600004e-05	0.00326405	6.387000000000016e-05	4.0793769000000205e-09	1.06540224025e-05	0.000672834	-1.7803000000000046e-05	4.52705591556e-07	3.169468090000016e-10	0.0	0.0
5455.464133216077	4.61758543072483	29762088.90880705	21.32209521004221	5447.450470692685	-10.425044071581397	29674716.63064995	108.68154389441443	4486.32036209216	0.0101993987818787	0.00010402773551178871	20127070.39132273	4466.3200244264135	5269.564287603726	1.095212	24.80658	0.045469450000000015	0.022875	0.0428667713	-0.0097937298	0.0348731073	-0.0905216331	-0.051481277	0.045146337800000005	0.035530118900000005	-0.0034723976	-0.11290669710000001	-0.042636105	0.0303626727	0.021287591600000003	-0.1331215819	-0.0124813426	0.0882095546	-0.0664757522	0.077392716	0.048944580999999994	-0.0079292137	-0.0979549292	0.0123889354	0.1096902442	0.08554652869999999	-0.0167476707	-0.0234182133	-0.0305579598	0.0878850779	-0.0748821649	0.0429197074	-0.0368787489	-0.0085208231	-0.1331031764	0.032711782200000004	0.022353783	0.0563544917	0.0296466769	-0.128746688	0.06739493790000001	-0.0272118217	0.029512829100000002	-0.0097935447	0.0556736974	-0.0600611556	0.042561159400000007	-0.0689700496	0.0956713686	-0.0028036207	-0.0076863425	-0.062058724	0.012797402	-0.003834176	0.0106026823	0.0074767392000000005	-0.0321285455	0.0809338342	0.0444709264	0.0691872714	-0.0385192345	-0.0649319911	-0.057295824100000003	0.027797256	0.0194554904	0.0925827158	0.056973586799999996	-0.043144601399999996	0.024284020400000002	0.0136825133	0.0317765091	-0.0080360149	0.0350700246	-0.0592606039	0.043440963799999996	-0.1532868971	0.0373310278	0.0071115336	-0.10286408650000001	0.08896337259999999	0.1686691377	0.11413285470000001	0.023259482799999998	0.11681513689999999	-0.025572858700000003	0.0329275852	-0.0059122325	-0.053351014800000006	-0.20422504730000002	0.0668655997	0.07027707379999999	-0.000192079	0.0070634615000000015	-0.015454273400000001	-0.045167018899999994	-0.0036873412	0.0335008841	0.09176995550000001	0.06663661679999999	0.050348992	-0.08868436980000001	-0.0298926324	-0.0018543938	0.051603313399999996	-0.0952496875	0.008953420699999999	0.0935922898	-0.1056221848	0.0175530319	0.0075761634	-0.0261473504	-0.1196355069	-0.0616824859	0.0040380995000000005	-0.0427578733	-0.0324769325	0.0765088121	0.1125878382	0.0613801271	0.0616221312	-0.0615406508	-0.0948766794	0.0587111369	-0.0561206624	-0.0384682829	-0.0048465182	-0.0746821882	0.0263530802	-0.0264863905	-0.0262392365	-0.1107525266	-0.008405734100000001	-0.0115195311	0.10181656830000001	-0.0318237615	0.034612073	-0.0076442698	-0.0017647207999999996	0.0831520407	-0.026687829500000003	0.0621204832	-0.0455050425	0.0204965052	-0.016649361799999998	0.0335800081	-0.026367393399999998	-0.031470115800000004	-0.0955904844	-0.044770832999999996	0.0457975019	-0.0120559606	0.0075323180000000005	0.00966569	-0.020885987800000002	-0.0349007654	0.053112569400000004	-0.002326813	0.1222858974	0.019818175900000002	-0.0611321707	0.0933406379	-0.1397659516	0.1394184463	-0.1164120371	-0.1258710498	-0.030030944599999998	0.0713343936	-0.0532392761	0.17815604350000006	-0.11767992320000001	-0.0869003373	-0.0002843662	-0.0508996171	0.0082032082	0.0235286281	-0.0043983124	-0.012880519299999999	-0.042821703499999995	-0.0878058676	0.0376823416	-0.042892772999999995	-0.0346229981	-0.0825739152	0.0855411697	0.0011807033	0.0040614096	-0.015056951599999997	-0.0867235824	0.0435459867	0.0724185559	-0.0673357648	-0.0603813	0.0005688000000000012	0.0036459013896900003	3.235334400000014e-07	0.184401	0.004664000000000029	0.034003728801000006	2.1752896000000273e-05	-0.403909	0.010247000000000006	0.163142480281	0.00010500100900000012	0.00549396	-0.00029498000000000024	8.701320040000014e-08	3.01835964816e-05	0.00350175	0.0002377	5.650128999999999e-08	1.22622530625e-05	0.000739947	6.711300000000005e-05	5.47521562809e-07	4.504154769000006e-09	0.0	0.0
5455.338353680547	-0.12577953553045518	29760716.55313798	0.015820491558257037	5483.236769361023	35.78629866833853	30065885.46887271	1280.6591723795282	4490.369915693306	4.049553601145817	16.398884368553055	20163421.97976351	4470.989089168482	5176.815919377503	1.1025200000000002	24.972099	0.1281797	0.0692762	0.032629809100000004	0.040485406	-0.0827561857	-0.0624111677	-0.014421212	-0.0339247222	-0.1003988362	-0.10135669779999999	-0.0330176165	0.0024690951999999998	0.0381878727	-0.0229395073	0.0294302673	-0.033044441699999996	-0.0043144753000000004	-0.0058691661	-0.0365941635	-0.0042433001	-0.00286546	-0.07230863480000001	0.0251752411	0.0680936603	-0.0820234415	-0.038415016499999996	-0.07730419599999999	0.0328038759	-0.009665758299999999	-0.0082831347	0.0158280903	-0.05154322980000002	0.039270198799999996	0.040538955099999996	0.1031648098	0.1023596756	0.0341850581	-0.0158489353	0.045997694900000004	-0.0535743428	-0.065375372	0.08947980359999999	0.0048480989	-0.0037432666999999997	0.0207507136	-0.0774662814	0.030644256600000006	0.0757094371	0.038642579100000005	-0.0024372442	-0.008496300600000001	-0.1039259526	0.0277731906	0.11632739210000001	-0.00041147339999999996	0.014382000700000001	0.031431021600000005	-0.0434394671	-0.07157799620000001	-0.0647254983	0.0159451888	-0.0049342436	-0.0598177979	0.0030976686	0.139473853	0.0628422275	0.06297430379999999	0.059879141799999994	0.0735793392	0.0340673621	0.00022066700000000002	-0.051958589400000005	0.0490121617	0.05422009	0.0395981998	0.0055050488	-0.09676788039999999	0.051915740999999994	-0.12916281029999999	-0.0734624939	-0.0206495743	-0.0025337369	-0.039702623	-0.0669043498	-0.0173059248	0.10766200880000001	0.0799540602	-0.0128158199	0.1060115521	-0.0321311017	0.030579549100000002	0.04711175980000002	0.0452271282	-0.07407403629999999	0.0287258316	-0.0320494998	0.033375921	0.07886467059999999	0.11302995960000001	-0.0222322627	-0.14883623599999998	-0.043545670099999996	-0.0103625278	-0.0748680643	0.0283770657	0.076246833	0.0653803437	0.027825680499999998	0.0727980593	-0.026691696299999998	0.0150333931	-0.023904716099999997	0.034356209900000004	-0.0411225111	0.0778539323	-0.11996666859999999	0.065077706	0.0355130219	-0.0022065546	-0.0541026418	0.019982638400000002	-0.055680393499999994	0.0236555709	-0.09067560220000001	-0.0428038566	0.016123931799999998	0.0189511108	0.08388610699999999	0.0127893182	-0.06377523389999999	-0.0313159534	-0.033154813	0.021296962200000002	0.1559727042	-0.0162975193	-0.0043029159999999995	0.0221127214	0.0211850678	-0.00642047	-0.0594800095	0.00045679739999999997	0.0830172133	0.0208398078	-0.0251538015	-0.0400560687	-0.0335391161	-0.0342827848	-0.1348763798	-0.0465910139	-0.0312608817	0.09054827210000001	0.07302299	-0.0277801958	-0.0654286503	0.009066489	-0.0215407725	-0.06487107190000001	0.0799341421	-0.05743893150000001	-0.0098519362	0.17583345460000002	-0.061895944	0.0531270194	-0.00037005800000000004	0.018881136	0.029982102799999997	0.0387296485	0.0584226782	0.1105152516	-0.053620943899999995	-0.0888855756	-0.0308536146	-0.007633705699999998	-0.06557524440000001	-0.0386167894	-0.005979208299999999	-0.0412146789	-0.0831609971	0.0593756414	-0.0895851983	-0.1044028005	0.0674439474	0.0634054473	-0.0543823058	-0.018693478899999998	-0.0162492101	-0.0859092462	0.0467054048	0.069351437	-0.07129159269999999	-0.06299880000000001	-0.002617500000000009	0.003968848801440001	6.851306250000045e-06	0.158928	-0.025473000000000023	0.025258109184	0.0006488737290000013	-0.437655	-0.033746	0.191541899025	0.0011387925160000001	0.00646825	0.00097429	9.492410041e-07	4.18382580625e-05	0.00344301	-5.874000000000027e-05	3.450387600000032e-09	1.1854317860099997e-05	0.000446113	-0.00029383400000000003	1.9901680876900002e-07	8.633841955599997e-08	0.0	0.0
5460.668641848466	5.330288167919207	29818902.01606717	28.411971953059496	5461.7013058894345	-21.53546347158863	29830181.15475436	463.77618693612817	4494.588838156925	4.218922463618583	17.799306754025487	20201328.82408481	4474.2876452939945	5218.6355376332285	0.998588	22.618032	0.04986615000000001	0.0237135	0.0237239608	0.0306667365	-0.0354646917	0.0553795174	-0.0396132622	0.05429685730000002	-0.0800881931	-0.050981596799999994	0.0660522144	-0.0229187112	-0.0414331876	0.050093343	0.0336791776	-0.0391056729	0.0673504152	-0.0865284693	0.0317822291	-0.0105198176	-0.0639469551	-0.020110251000000003	-0.018553198700000002	-0.07484706070000001	-0.0710570794	-0.0170685189	-0.0842824893	-0.021888198900000003	-0.0051457740000000005	0.059747871200000004	0.0090528502	-0.0041934521	-0.0375097426	-0.027751067	0.024899827000000003	0.0226056216	-0.0043296517	0.1034944542	-0.07667628209999999	-0.0419277764	-0.0357221947	-0.027373154900000002	0.0127422283	-0.053677188099999995	-0.0145873367	0.005442890600000001	-0.07310253559999999	-0.0039188738	0.0011570403	0.0984762841	0.0720290444	0.048304474699999995	-0.008191645899999999	-0.1188249824	0.096342892	-0.0184651043	0.0274088344	0.031059067599999997	-0.0133544031	-0.053563414000000004	-0.0778210754	0.10854429189999999	0.0182040401	-0.0013817364	-0.0197389623	0.0540567384	-0.1243465937	0.055902839100000004	0.0314270622	0.020044915700000002	0.0090312512	0.0587113088	-0.1395123307	0.0162732544	0.0146508703	-0.0899718946	0.043253509800000006	0.052775317	-0.027186346200000003	-0.015003096200000001	-0.0017088674	0.1143059884	0.073189936	0.0914630952	-0.0398132227	0.0498430761	-0.0049095033000000005	0.0482660644	-0.020949809099999998	0.1636169794	-0.011622723500000001	-0.15778559949999998	-0.0743698763	0.0393646439	-0.0588460307	-0.022547733700000003	-0.0264196346	0.0942105627	0.021542479500000003	0.013837183000000001	0.09039776220000001	-0.052784381799999995	0.0170777048	-0.023382640899999998	-0.0160484103	-0.0569191075	0.0799804422	0.0083807777	0.0812153249	0.0172958347	-0.0076195755000000006	0.0476532929	0.022038061400000003	0.0083916702	-0.047379963899999995	0.0020766156	0.0247909914	0.018843786100000003	-0.0395285271	-0.069215848	-0.1115760311	0.0149098961	0.0183182931	0.017912616699999998	-0.027185832000000004	0.0091516081	-0.0353178523	0.0182951831	-0.0465350673	-0.0340070521	0.013185724199999999	-0.0461518304	-0.1030949966	-0.1616807317	-0.0046384298	0.042859863	0.0048301504	0.0480916482	-0.07637044700000001	0.032387404700000004	0.0444037885	-0.0202186472	0.1321034592	0.033246275299999996	-0.0479056636	-0.0402423955	-0.0279581515	0.0503533337	0.1006224748	0.0092270915	-0.044121647	0.0304190231	0.0016635726	-0.0395231377	0.10312124140000001	0.1226617619	0.0163604099	0.017912224299999998	0.047541609500000005	-0.0345814865	0.0813570506	0.0519190966	-0.099218831	0.04823183440000001	-0.12006558099999999	0.0099648429	0.0687021341	-0.0070487704	-0.07780739099999999	0.0457077342	-0.1071831408	0.1675874919	-0.009754953299999999	0.0911198455	-0.0026870449	-0.0698641922	0.0192908772	0.0670799916	-0.0153777815	-0.0757687863	0.0467319787	0.0253355683	0.0236318575	0.1222646161	-0.0162350934	-0.0174386375	-0.0850350384	0.0497915913	0.0660910233	-0.0749369886	-0.06553969999999999	-0.0025408999999999853	0.004295452276089999	6.4561728099999225e-06	0.165701	0.006773	0.027456821401	4.587352900000002e-05	-0.4219979999999999	0.015657000000000088	0.17808231200399993	0.00024514164900000276	0.00624434	-0.0002239099999999999	5.013568809999996e-08	3.89917820356e-05	0.0035272	8.419000000000005e-05	7.087956100000008e-09	1.244113984e-05	0.000256308	-0.00018980500000000006	6.569379086400001e-08	3.602593802500001e-08	0.0	0.0
5463.271259405316	2.602617556850418	29847332.85384415	6.773618147226043	5481.415020431062	19.71371454162727	30045910.62620726	388.63054102876646	4502.610174943504	8.021336786579013	64.34184384372573	20273498.38750477	4482.23504255726	5286.85884812928	1.053617	23.864433	0.09565389999999996	0.05975700000000001	0.0298112783	-0.0118044764	0.0905108507	0.022185510699999998	-0.0581271751	0.0433970821	-0.0724048001	0.0824069831	0.025351867599999998	-0.0647366836	-0.041333305099999995	0.0170373079	0.0330137397	0.013201897800000001	0.050858603499999995	0.0449098077	-0.07586838580000001	0.0315297659	0.0831319499	0.0669726938	-0.0593693326	-0.080417417	0.05052999019999999	0.0309898876	-0.028316942299999998	-0.0709478199	0.0408233806	0.0779627453	0.041893715899999996	-0.0227076958	-0.0098886294	-0.059858349299999995	-0.0048090333	0.0016029895000000001	0.0382074909	0.0077761739	-0.0242669869	0.0223484023	-0.017522628300000002	0.023122644700000004	0.084527856	7.61596e-05	0.1304735719	-0.0974849683	-0.0438252337	-0.0603224044	-0.0317379987	-0.0379898222	-0.0004952519	0.028627422599999997	0.0975612158	-0.0798358903	0.0956949849	0.11416565050000001	-0.0034839469000000002	-0.0368004946	0.0626257626	0.0059753995	0.0089450874	-0.0060351177	0.021863616800000003	-0.0010918972	-0.0118461011	-0.00044304839999999995	0.04226614730000002	0.033707228	0.034179174900000005	-0.011031818300000001	0.0049023361	-0.016476595900000002	0.11891421029999999	-0.036746543799999996	0.0335247981	0.0248693775	0.0543374439	0.0734064956	-0.0095320579	0.0002723736	0.0212213791	0.1568765527	0.0280343646	-0.0100805278	-0.0747935754	0.06906452	-0.0097910225	0.0419881204	-0.0847612532	-0.0192309771	0.0925438995	-0.0194003259	0.0027854703000000005	-0.0250629933	-0.0566216985	0.1528883063	-0.025167224900000004	-0.031851645899999996	-0.0288793402	0.0574153632	-0.0389913053	-0.07384815089999999	0.1235029049	0.0700775122	-0.0624645708	-0.0781419141	-0.0325932626	-0.0273656792	0.021831620899999998	0.0386352599	-0.0635198055	0.0836340529	0.052431405800000004	-0.0182388753	-0.0312815167	0.043878420700000004	0.0215912346	0.0396542403	0.0127483099	-0.0208994954	-0.0024084366	0.015172750700000001	-0.0254960882	0.0053161671	-0.0900479026	0.047850677800000005	0.1203674398	0.0725996709	-0.0745467953	0.0713995078	0.0051935002	0.0408296483	-0.0200899316	-0.0970661413	-0.1171188777	0.0258347952	0.0648253312	0.0380415325	0.08940556849999999	-0.0265387435	-0.016240366000000003	-0.0536956339	0.033467625200000004	0.0004497924	0.0443689792	0.0022940195999999998	0.0378999795	-0.0648127688	0.0178647037	-0.0679475856	0.0077704113	0.0328685762	-0.0141862142	-0.0041494788	-0.0386786037	-0.09057035460000001	-0.0023963522	-0.0788014149	0.0603417568	-0.09501603439999999	0.0776820944	-0.0151031198	-0.0781325146	0.0822870473	-0.016629861399999998	0.0770519611	0.06744749559999999	0.0033215572	0.027644773900000003	0.0578887296	0.0672152032	0.0267364637	-0.0457421643	-0.0352187236	-0.0666426194	0.012784931999999999	0.0615290218	-0.0519752904	-0.1478274425	0.0463400651	0.008692931899999999	-0.0370972668	0.1799458657	0.0715161212	-0.0736171344	-0.018625026399999998	-0.0841015683	0.0527997072	0.062646402	-0.078256079	-0.0724813	-0.006941600000000006	0.00525353884969	4.8185810560000095e-05	0.180623	0.014922000000000019	0.032624668129	0.00022266608400000053	-0.409121	0.012876999999999916	0.167379992641	0.00016581712899999785	0.0051678	-0.00107654	1.1589383716e-06	2.670615684e-05	0.00346903	-5.8169999999999756e-05	3.383748899999971e-09	1.2034169140900003e-05	0.000339864	8.355599999999997e-05	1.15507538496e-07	6.981605135999997e-09	0.0	0.0
5465.926109915858	2.654850510542019	29876348.23905991	7.048231233325219	5470.611185158969	-10.803835272092329	29927586.739186425	116.72285658650631	4495.956734447461	-6.653440496043004	44.268270434384974	20213626.95802348	4475.563745141591	5325.006111363845	1.014268	22.973192	0.11414960000000005	0.0620051	0.026188453900000002	-0.0361413904	0.029653887099999998	-0.0811223466	-0.0010351148	0.057949662	0.0255529627	0.0323381071	-0.11141709300000001	-0.0350396602	0.0036248923	0.007141868199999998	0.0051076684	-0.0093366951	-5.44361e-05	-0.0108406895	0.0648485816	0.1212347369	0.040899111	0.0457023079	-0.040040416	0.053757184699999995	0.018129795	-0.0176358856	0.0257017935	-0.1043392191	0.0088915344	-0.0753891734	-0.0303968357	0.0404109188	0.0559802204	-0.0127242265	0.009551352800000001	-0.013338941399999998	0.065195969	-0.0357795484	0.0086771295	-0.0051877508	0.028025592400000004	-0.11894959179999999	-0.042038759800000006	0.0241237006	0.1334072256	-0.0740234635	-0.0567448466	-0.0969845976	0.028842616800000002	-0.0110612512	0.037841928399999995	0.0702222324	-0.0141765551	0.0172773182	0.0261650711	-0.0120821076	-0.05787530530000001	-0.0409153101	0.0197260676	0.026896339900000003	-0.0187757663	0.0966493334	-0.0247098654	-0.1249763085	-0.0172426309	0.019767011	-0.0416555657	-0.0737670854	-0.09709188349999999	-0.013897655600000001	-0.061108625599999994	-0.0633263458	-0.0081123951	0.00032333380000000003	-0.0548678407	-0.024581282700000002	0.013282287700000001	-0.04407849900000002	0.06473185669999999	-0.0004800804	0.11661307900000001	-0.036967026800000004	-0.0177458275	-0.0422634738	-0.066909484	-0.0123120822	0.0085845917	-0.036574590899999995	-0.0479423707	-0.0312320681	-0.1506131304	0.12635358119999998	0.0081819126	0.0044071781	-0.019330578	-0.0416522013	0.1235461034	0.08783282810000001	-0.014104419299999999	0.0251990477	0.0816828628	0.04403537019999999	0.003960864000000001	0.0464907543	-0.0387251296	0.044380839400000004	-0.0364405224	0.0201362096	-0.026711718	0.083587782	-0.0632293675	-0.062457027400000004	-0.04197968690000002	0.0258134939	0.043198868099999996	0.017649269	-0.0108215695	0.0030910347999999997	0.0761821488	-0.014143841	-0.0095638498	-0.0412113613	-0.0181767318	0.11956885310000001	0.050093352199999996	0.1052609238	0.105830257	0.037895803799999996	-0.0497104913	0.0788761658	-0.0007824714	0.022686397799999997	-0.0667416224	0.0052399765	0.014422106100000004	-0.0501648263	0.028736108399999998	-0.028481113199999998	0.0098682313	-0.012899288500000002	0.023598788399999997	-0.12522885039999998	0.0840431615	0.047236689400000004	0.0029424221	0.0866612357	-0.0435929579	0.0619536995	-0.0156374981	0.11733379199999999	0.0332559412	-0.063368377	-0.0709621354	-0.0163446455	-0.0458902486	-0.0013433251	0.025834616499999997	0.013192231200000001	0.0373508461	0.07802866139999999	-0.0277007343	-0.0283663529	-0.0702424833	-0.0693758854	0.0852114927	-0.013877694099999999	0.008402878	0.0054341052	-0.0243850366	-0.0256319925	0.08364689	-0.058183527	0.1559075998	0.0120207675	0.04797168809999999	0.098789589	8.755899999999999e-05	-0.022388346	0.1654411307	-0.0563542513	0.0561416349	-0.0100531765	-0.0198970712	0.007589301899999999	-0.0038330674	-0.0198081701	-0.08310948650000001	0.0557250359	0.059027173899999986	-0.0812344112	-0.0753346	-0.002853300000000003	0.0056753019571599995	8.141320890000017e-06	0.132627	-0.04799600000000001	0.017589921129	0.0023036160160000013	-0.40087	0.008251000000000008	0.16069675690000002	6.807900100000013e-05	0.00589407	0.0007262700000000003	5.274681129000003e-07	3.4740061164900004e-05	0.00317787	-0.00029115999999999994	8.477414559999998e-08	1.00988577369e-05	0.000256308	-8.355599999999997e-05	6.569379086400001e-08	6.981605135999997e-09	0.0	0.0
5457.491409157448	-8.434700758410145	29784212.48102735	71.14417688392467	5472.982181329671	2.370996170701801	29953533.95715209	5.621622841482604	4495.143430465713	-0.8133039817475947	0.6614633667264918	20206314.46045906	4475.276972515484	5261.081133469475	1.08659	24.611273	0.10104330000000004	0.067659	0.014812238	0.0045591697	-0.0760323074	-0.0485504634	-0.0455452735	-0.0173079401	-0.0120126885	-0.0340877547	-0.054087896399999995	0.09223273189999999	-0.028990187	0.0454974953	0.0215236081	-0.0405182328	0.0098598404	-0.0052562342	-0.013232423600000001	-0.0409013567	-0.0008946044	0.0059814038	-0.016524996299999997	0.0662706717	-0.0326495415	-0.0552548206	0.0284642188	-0.0818731464	-0.0408335912	0.0545550389	-0.024624160099999997	0.0658603643	-0.00024234900000000002	-0.012710553700000002	-0.0194406508	0.0562293628	0.0259828424	-0.034711700299999995	0.055956749800000004	-0.0165916224	-0.07059827839999999	-0.2148153879	0.0327296679	0.1024476482	0.0034253638	0.0448524696	0.0124271946	0.030704811000000002	0.013054576699999999	0.0599243908	-0.0226825293	-0.0327213532	0.0278205239	-0.0615349754	-0.007550333399999999	0.0396397734	-0.0107748313	-0.1142354582	-0.009602434699999999	0.0985378911	-0.07656478530000001	0.0634019046	-0.048930191500000005	-0.0093321711	-0.0094057752	0.08073342139999999	0.0325320948	0.0261736839	0.0764154267	-0.0064770022	-0.0511503326	0.027018404500000003	-0.0115445032	-0.1349604613	-0.0037087332	0.1118340099	0.009314885600000001	0.0465694109	-0.1151362398	0.0446416797	-0.096095515	0.0160821396	0.032664786200000004	-0.046977881299999996	-0.0395526152	-0.042352857	0.009118924399999999	0.045268036500000004	0.0415363637	-0.1263023699	0.0833394827	0.0328364378	-0.0705305139	0.0715981025	0.0365125581	-0.052511894	0.0179263722	0.008495434100000001	-0.0168777642	-0.0252806275	-0.0794782062	0.1189892917	-0.0141826104	0.0043274920000000005	-0.0136365295	0.0723695616	0.0380366885	0.0592585192	-0.0190918817	0.0982582902	0.014431379099999999	0.0606948525	-0.0103246321	0.0595284716	-0.0090889934	-0.0263447987	-0.0029738840999999996	0.0435173432	0.0018979446	-0.0204751084	0.054524534699999995	-0.1158934123	-0.0688434706	0.17110093739999999	0.017352905	-0.0416251656	0.0671247995	-0.1102121985	0.0550305412	-0.0495126613	-0.008860403000000001	-0.0624691465	0.0001221819	-0.0091648332	-0.015355760100000001	0.036354572	-0.0379446753	-0.0058153617000000005	0.0010227507	-0.09476059210000001	0.0485704075	-0.11755211460000001	0.0138338075	0.0578907186	0.0036871809000000003	-0.042681703499999994	0.0271217421	-0.0564813838	0.0951271399	-0.0577397327	0.0689797272	0.0192151619	0.0151594543	0.045751056799999995	-0.0229031488	0.0675933143	0.0943302089	-0.0507128292	0.0128257075	-0.1175189407	0.0762988391	0.0122763046	0.1077156019	0.0071295058	0.050752140099999996	0.0106237424	0.0653666774	-0.0679077102	0.0342129094	-0.0755993706	0.029338119399999998	-0.0988752647	-0.1423943469	-0.0147358448	0.0642364388	0.005976109	-0.05948738150000001	0.0380149158	0.0441709158	0.0026555428999999998	-0.0250857551	-0.0341129234	0.06661656269999999	-0.1228182131	-0.0038536628999999998	-0.0209878625	-0.08205948440000001	0.05856299070000001	0.055243426500000005	-0.0838590164	-0.0831789	-0.007844299999999998	0.006918729405209999	6.153304248999997e-05	0.195255	0.06262799999999999	0.038124515024999986	0.003922266383999997	-0.399817	0.0010529999999999706	0.15985363348900006	1.108808999999938e-06	0.00538868	-0.0005053900000000005	2.5541905210000055e-07	2.90378721424e-05	0.00326284	8.496999999999975e-05	7.219900899999958e-09	1.06461248656e-05	0.000256308	0.0	6.569379086400001e-08	0.0	0.0	0.0
5449.430302292764	-8.061106864684008	29696290.61954661	64.98144388385562	5464.242758100367	-8.73942322930452	29857948.919452306	76.37751838090745	4488.397312740351	-6.746117725362638	45.51010436445196	20145710.4370148	4468.4792536112345	5180.813719581362	1.1179770000000002	25.322193	0.10790310000000004	0.0563184	-0.003769523	0.08457119800000001	-0.0207293968	0.0416382875	-0.0148628678	0.0351060561	0.0015901094	0.010982349099999998	0.06015842530000001	0.051228785199999995	-0.0268151375	0.0167405643	-0.0570656578	0.0722720292	0.10580322439999999	-0.0338617439	-0.013534419399999999	0.032137216600000004	-0.0539363017	-0.0500625441	0.028228719700000002	-0.0619576263	-0.0630608951	-0.06199061190000001	0.016677640900000002	-0.0635304635	0.0469532953	0.0095493907	-0.0136977491	-0.041149137999999995	-0.10169019119999999	0.0541508007	-0.0412705179	-0.0273121469	0.1253378928	0.0148023039	-0.026304621099999998	0.0110868873	-0.013090053899999999	-0.0011041902	-0.0731357683	0.0538901429	-0.052711575700000006	0.016175531599999998	0.0435121667	-0.0233372907	-0.0025302871	-0.039240271	0.0964660968	0.0082455623	0.0571996906	-0.1353808352	0.0111184503	-0.0024812273	0.10516389289999999	-0.011775208700000001	0.0268757214	0.0560223629	0.0672058844	0.023055926400000003	0.030302952999999997	0.0273282912	0.0130327698	0.1144872703	-0.0348522404	-0.0061920376	-0.0776416478	0.0040474028000000006	0.0032061564	0.0440334853	0.0570763116	0.170442375	-0.1275238894	0.0245041963	0.0378563291	0.0210781906	-0.0129486403	0.0353417755	0.059744971699999996	0.0076471382	0.0714800847	0.014166235	0.0795618892	-0.0012907971	0.1005906096	0.1085776758	-0.09906553859999999	0.0303184273	-0.0008427797	-0.0154527451	-0.1042789909	0.1222669149	-0.0768537276	-0.1407982134	0.0427549975	0.0194744762	0.0282989144	0.057042597699999996	0.0253465765	-0.0518551046	-0.0631876344	-0.0499148934	0.025225159	-0.0581899632	0.0701443894	0.0560702298	-0.0159641939	0.0302348421	-0.0833848671	0.0064565843	0.0018267344	-0.052651150099999995	-0.09919136699999999	-0.0364167626	-0.0711292703	-0.0075100586	0.08558297	-0.0610227673	-0.014599781599999999	0.025096991699999998	-0.0049116277	-0.0219500846	0.0841472428	-0.0294638525	0.0244124051	0.0017798422	0.06969802509999999	-0.0193469249	0.0026621554	0.0886337802	-0.0698260069	-0.10814220699999999	-0.07018475639999999	0.0389697154	-0.0622637709	0.10391218949999999	-0.0667278542	-0.0193183464	-0.0159462955	-0.0166680001	-0.034745919	-0.059096895499999996	0.0636656526	-0.0281691933	-0.0014441166	-0.0379211405	0.1082565298	0.0940205397	-0.016566049	-3.23436e-05	-0.0440814425	-0.0649358059	0.0860074118	-0.16881834350000002	0.09500020519999999	0.0448476777	0.0295663089	0.026720236	0.0061173397	0.042787195800000004	-0.0372720017	-0.0412261388	-0.048607692300000005	-0.0008043986	-0.0411053636	-0.077969679	0.04751445309999999	-0.0343327607	0.0362999573	0.127267929	-0.0415898876	0.0464582396	0.0881749443	-0.010790161299999998	0.0480712899	0.15137419259999998	0.1270935199	-0.0088623434	0.0044723635	0.065028956	-0.0301061075	0.0419243031	0.024650798199999997	-0.0221638981	-0.0809522936	0.0613091217	0.051305705800000004	-0.0861184661	-0.07622360000000003	0.006955299999999985	0.0058100371969600035	4.8376198089999765e-05	0.185744	-0.009510999999999992	0.034500833536	9.045912099999984e-05	-0.416085	-0.016268000000000005	0.17312672722500005	0.0002646478240000001	0.00629162	0.0009029400000000004	8.153006436000009e-07	3.958448222440001e-05	0.00347945	0.0002166099999999999	4.691989209999995e-08	1.21065723025e-05	0.000640134	0.000383826	4.09771537956e-07	1.4732239827599998e-07	0.0	0.0
5452.972249661431	3.5419473686670244	29734906.35557765	12.545391162407258	5463.055484431263	-1.1872736691038879	29844975.2259745	1.4096187653474088	4488.465570255277	0.06825751492669951	0.004659088343968607	20146323.17536703	4468.812991005656	5183.52237088901	1.108596	25.109726	0.03874805000000005	0.0200742	-0.0012145952	0.0690138592	0.09893073890000001	-0.0027490377	0.0198049728	0.0037762892	-0.029969737000000007	0.0710005704	0.0406462395	-0.0548871724	0.0295988923	0.041634350099999995	0.0560559317	0.10313632800000001	0.0524465811	0.0705287981	-0.08571786529999999	0.0329844235	0.026075080499999997	-0.06415444669999999	0.0411597133	-0.036517472200000005	0.09467548419999999	-0.0641806219	-0.04685282650000002	-0.09076613609999999	-0.037036565099999995	-0.0498248919	-0.021556551299999997	-0.026135904300000002	0.0163457312	0.08809734359999999	0.040420526	0.0086515861	-0.0541666118	-0.078360974	0.0172637644	0.1357021207	0.0271324541	-0.0653813273	-0.0874068898	-0.023830342799999998	-0.0540911958	0.0248204894	0.0036182110999999997	0.0021712806	-0.015378268700000001	0.038142142000000004	0.0004179901	0.0224360439	-0.0335245937	0.1382127775	-0.0175480708	0.103077479	-0.0415162886	-0.0195432402	-0.00243686	0.09507136039999999	-0.0594795362	-0.0745623549	-0.0165031482	0.0399399422	0.0638565258	0.008068113	0.0392931321	0.0235004071	-0.1025022673	-0.071140577	0.026340576600000002	-0.028878740400000002	-0.10609454369999999	0.056345060499999995	-0.0106878586	0.010039315200000001	-0.0526041072	0.06136667730000001	-0.0254687669	0.0584324268	0.0699004275	0.0058999985	0.0638900911	-0.1226977597	-0.0555906129	-0.0820304037	-0.0203719348	0.0614877696	0.0146815295	0.0749476816	0.0240154163	0.0408908558	0.017092368700000003	0.0319877297	-0.0154308329	-0.053203997999999995	-0.0858360296	-0.116036524	0.014747778799999996	-0.0515349882	-0.0873935841	0.0101191883	-0.08475691380000001	-0.0585641509	0.0392614197	-0.0561103171	-0.08756769539999999	0.061787385800000004	0.0641625111	0.09076832970000001	-0.0246420056	-0.057983858	0.0043610039	-0.0389070575	0.034934107400000004	-0.0822491383	-0.014598456999999999	0.001589554	-0.006425648199999999	0.0966335894	0.027998910099999996	0.07928822070000001	-0.1073497981	0.06008094570000001	0.11565757119999999	-0.0169166077	-0.0651108095	0.0038935729	0.0204677583	-0.0052867101000000005	0.0187667827	-0.0620767385	-0.0317192069	0.0715036785	0.0334745276	-0.0653010324	0.047025394500000005	-0.0349032562	0.12288083960000001	-0.010828986399999999	0.0049586885	-0.0351444037	-0.09757153589999999	0.0263260336	-0.017540304099999997	-0.09905175779999999	-0.0042271251000000004	-0.07462667860000001	-0.0825970466	0.026827661200000002	-0.078635548	-0.0563659374	-0.0355236282	-0.0642711658	-0.0028847360999999998	0.0133658449	0.0506080908	0.1201776201	-0.0121935724	-0.0333215773	0.0101226417	0.0836509844	-0.014068906599999998	-0.112203471	0.0667766065	0.08517671369999999	0.07078340820000001	-0.0605985266	-0.044089524000000005	0.0018060265	0.0135774798	0.0184111518	0.035691154700000005	-0.07521357570000001	0.018701933100000002	-0.0423473371	-0.0167442761	0.0839583623	-0.042463194800000006	0.0554388092	-0.09161776199999999	-0.0058467179	0.0136089597	-0.0969715497	0.0498437751	-0.023336071899999998	-0.0797886859	0.06395912320000001	0.0472249869	-0.0880029215	-0.072869	0.0033546000000000127	0.0053098911609999995	1.1253341160000087e-05	0.187436	0.001691999999999999	0.035132254095999994	2.862863999999997e-06	-0.426375	-0.010289999999999966	0.181795640625	0.0001058840999999993	0.00628368	-7.940000000000549e-06	6.304360000000874e-11	3.94846343424e-05	0.00332654	-0.00015291000000000005	2.3381468100000008e-08	1.10658683716e-05	0.000332755	-0.00030737900000000004	1.10725890025e-07	9.448184964099998e-08	0.0	0.0
5466.811030839611	13.838781178179488	29886022.84690965	191.51186449753487	5470.2608032984945	7.205318867231653	29923753.25610389	51.91661997848444	4486.378420208305	-2.087150046972056	4.356195318575455	20127591.329310767	4466.392100968805	5248.862289698995	1.132946	25.661243	0.061280200000000014	0.0342214	-0.0141563602	0.013431578700000002	0.0159086358	-0.1143805683	0.0174984516	-0.0175682375	0.0322859356	-0.0376134508	-0.1076793474	-0.0934212122	0.0755129702	-0.0984723894	-0.14078456460000002	-0.025406239599999998	0.039679761699999996	0.004116916500000001	0.034406012	0.0565053563	-0.0372277156	-0.0883032927	0.0680047869	0.093381163	0.0976090273	-0.0468537659	-0.034836593799999996	0.0221152046	0.0778091925	-0.0880540496	0.025194198199999997	-0.0377951131	0.0386280818	-0.0710475409	0.0504178095	-0.1173584755	0.0053392023	-0.0809365271	-0.0248217006	0.0342338763	-0.0125889007	-0.0472601569	0.023970077000000003	-0.0240370929	-0.093927475	-0.0059262689	-0.0212218489	0.005240545	-0.0338770323	-0.0570229204	-0.0776772466	-0.0013369983	-0.021083832400000002	-0.0207216754	-0.022568487999999998	-0.11092828869999999	0.0284955704	-0.0732261696	-0.0324783127	-0.0046044547	-0.007777698299999998	0.001498553	-0.0435589354	-0.0271384069	-0.0266510417	-0.031168829300000006	0.0447380174	0.1566400815	-0.0196655416	0.026747388799999997	-0.0327103423	0.015500053400000003	0.0164894401	0.05693863160000001	-0.030930566099999997	-0.0188639906	-0.0305071426	-0.0174275195	0.096852185	-0.10161458460000004	0.0093045676	-0.0863882824	-0.12182426	0.0108345227	-0.0595360384	-0.0428298085	-0.09972545740000001	0.09125487869999999	0.015465256200000001	-0.0202764205	0.0401588346	0.09789950929999999	-0.0039480368	-0.0295345293	0.0859831389	-0.0074814756999999985	0.06763791	-0.08599554359999999	-0.0563932458	-0.0134297756	0.0285591667	-0.019098464	0.066037504	-0.0865285607	0.0686467191	0.077264153	-0.1028861101	0.0510546217	0.0304797609	-0.0716859996	-0.0767316055	-0.0602172318	-0.0158666883	-0.0358213982	0.0344560514	0.0794281717	0.0810297742	-0.0846036718	0.0706406388	0.0556976087	-0.020134726999999998	-0.053070606	-0.058844829400000014	0.0418927427	-0.0058690074	-0.0822935729	-0.056185569000000005	0.0035547949	-0.014934137	0.0194786507	0.0153716094	0.0472195917	0.0988155951	0.0188851403	0.0559895843	0.0018460339999999999	-0.0040593552	-0.009650576800000001	-0.0833396475	-0.0680473704	-0.0120027659	-0.0133447057	-0.0024068213	0.065650687	0.0043032801	0.0436217078	0.0233056404	-0.0190147426	-0.0563351069	-0.04314614940000002	-0.0618978522	0.0871034407	-0.062318657199999995	0.0009186805999999999	0.07395978660000001	-0.0222761391	-0.0080363038	0.042029269	-0.0024565244	0.09193218480000001	-0.0604859815	-0.1063233724	0.001199042	0.06524138089999999	0.1059508398	-0.0806319368	0.0140786024	-0.0766676344	-0.0149341068	0.0884566227	0.0141932469	-0.029178135499999997	-0.0024174023	-0.0808829913	0.028263268900000006	0.0271952133	-0.1236849041	-0.0343266847	0.018466871699999998	0.1101625576	0.038029974700000004	-0.0429765146	-0.047648509699999994	0.0022483114	-0.0305840422	-0.024504179700000003	-0.0785694722	0.0665088402	0.043012643499999996	-0.0895041772	-0.0699565	0.0029124999999999984	0.0048939118922499995	8.482656249999991e-06	0.199789	0.012353000000000029	0.039915644521000014	0.00015259660900000075	-0.3980530000000001	0.028321999999999962	0.15844619080900005	0.0008021356839999976	0.00630108	1.739999999999988e-05	3.027599999999958e-10	3.97036091664e-05	0.00322758	-9.895999999999992e-05	9.793081599999988e-09	1.04172726564e-05	0.000570249	0.000237494	3.25183922001e-07	5.640340003599999e-08	0.0	0.0
5476.295314600736	9.48428376112497	29989810.37271797	89.9516384615388	5473.601268198007	3.340464899512882	29960310.843218833	11.158705744877603	4490.929215416918	4.550795208612726	20.709737030732544	20168445.21788521	4470.8401437604025	5275.812133342954	1.229816	27.855349	0.1835253	0.0884843	-0.0755563401	0.0186175367	-0.10889377019999999	0.0070818583	0.1216283367	-0.0564024262	0.0101288002	-0.1347701485	0.007888568299999999	-0.0048671217	-0.029750175099999998	-0.0123930358	0.0433053892	-0.027119216499999998	0.0432449145	0.0092175245	-0.0631313255	-0.077693478	0.0040589006	-0.0376834008	0.08873997130000001	0.0669049349	-0.0366587644	-0.0923992637	-0.12329446890000001	0.0649279432	0.0115396573	-0.038180810600000004	0.0658746067	0.0240183877	-0.016570033799999998	-0.0071974399	0.055939570999999993	-0.0792338291	-0.0507147703	0.0578938295	-0.0533835083	0.0328116498	0.0795846887	-0.0663012559	-0.0081229232	0.0649609983	-0.0638414682	0.017108241899999998	-0.0213045564	0.08125690990000001	0.0200390921	0.023915990699999997	-0.0596211247	-0.0503620586	-0.0267374508	-0.0676320603	0.0132423229	0.0743830744	-0.032019793	0.0363506685	0.0990310459	0.0676601325	0.0206675649	0.1048001685	-0.058167622	-0.0512440259	-0.019647711	-0.1138807649	-0.1028167624	0.0636677076	0.0481616342	0.0215571065	0.11439437460000006	0.0187326525	0.0194397787	-0.0376203225	0.06019878610000001	-0.057226813200000004	-0.048917721	-0.0779645476	-0.0404173506	0.018930604	-0.0367477181	-0.0037241905	-0.0432404609	0.0018308895999999998	-0.08672858609999999	0.0422301218	0.0663096552	-0.0701674105	0.0444787885	-0.07523193980000001	-0.0409817574	-0.031784827	-0.0784806282	-0.0723899946	0.01908009	-0.0832608008	0.1313523448	-0.0810440865	-0.0048804298	0.1232897574	0.0193185727	-0.030579223399999998	-0.030401286899999998	-0.0396934634	0.09064636949999999	0.0756513492	0.0314402611	0.0842758468	0.1230740674	-0.0878120624	-0.0033328778999999996	-0.046696795199999995	0.0501007528	0.0257733657	0.0028446314	0.030846571099999998	0.044644281200000004	-0.0815769719	-0.000379812	0.017969653000000002	-0.0599604975	0.08692105970000001	0.0197635755	0.0867916449	0.0318594852	-0.0698263668	0.0138108651	-0.0510268394	0.0109112934	-0.05926593400000001	-0.0301110057	-0.045813097000000004	0.0394639979	-0.007169015500000001	0.0287171673	0.1148789425	-0.0203144827	0.0215577086	0.08577829390000001	0.0094719119	0.010530908600000001	-0.1084978017	0.0018204864000000002	-0.043873353399999995	-0.0483478593	0.1056888892	-0.0693864574	0.1313326216	0.0139263871	-0.0866110532	-0.062069947300000004	0.0675870807	0.0741509097	-0.016413995	-0.0341031999	0.0336247188	-0.054740063	-0.0379316079	-0.0471257308	0.037148002	0.101507981	0.0151703432	-0.0187120731	0.045825775	-0.0092981018	-0.0444501745	0.1082243491	0.0180039601	0.028213771600000007	-0.060526547699999995	0.012063142800000001	-0.0288155941	0.0053256553	0.0892042243	-0.06431015179999999	-0.0322997411	-0.08588689390000001	-0.04496857889999999	0.1572542406	0.0872981438	0.0128239602	0.06533878	-0.0326130798	0.0210537996	-0.0432665465	-0.0256680179	-0.0772955021	0.0689542748	0.0386804161	-0.09061569609999999	-0.08975219999999999	-0.019795699999999986	0.008055457404839999	0.0003918697384899994	0.240583	0.04079399999999997	0.057880179889	0.0016641504359999975	-0.439092	-0.04103899999999994	0.192801784464	0.0016841995209999948	0.007363749999999999	0.001062669999999999	1.129267528899998e-06	5.422481406249998e-05	0.0035982	0.00037061999999999984	1.373591843999999e-07	1.2947043239999997e-05	0.000365607	-0.000204642	1.33668478449e-07	4.1878348163999996e-08	0.0	0.0
5480.391777787179	4.096463186443543	30034694.03803732	16.78101063788719	5457.261162785936	-16.340105412071352	29781699.39885171	266.99904487760347	4499.001549197407	8.072333780489316	65.16257266362894	20241014.93968067	4478.5224296988645	5353.01983618726	1.113405	25.218632	0.06207069999999994	0.035047800000000004	-0.0897830494	-0.0092867158	0.0090803399	0.089229697	0.1246993091	-0.046064557199999995	0.0956791257	0.0195679522	0.1049453089	-0.0346689308	-0.0166915931	-0.022964214700000003	-0.0338236749	-0.0026182733	-0.13567176039999998	-0.0385241069	0.0446577566	-0.0253022349	-0.0492109968	0.07139446070000001	0.035890629	-0.0936301319	0.010794035	-0.0521478497	-0.06268811889999999	0.0360601012	0.0306266859	0.0150887334	0.017834487	0.0100397162	-0.0046121117	-0.0628023411	0.1314544615	-0.071027445	-0.0173639747	-0.0650054408	-0.0603480741	-0.0321687857	0.0476468416	-0.0610841237	-0.014818701399999997	-0.0189011396	0.0272810607	-0.029431595	-0.0561616313	0.0161208428	0.06956003179999999	-0.0393660846	-0.034905908199999995	-0.11597657689999999	0.06970181639999999	-0.0072632317	0.0054379944999999996	0.0050291070000000005	0.0365409986	0.025823787200000003	-0.023539661200000003	0.0217490574	-0.078825474	0.0119704389	-0.0033844793	-0.0012484754	0.0615276721	0.0533508759	-0.12294251769999999	0.12379833050000001	-0.0696488067	-0.0942433597	-0.0044104812	-0.07273391929999999	0.10656197029999999	-0.0334163113	-0.0149551746	0.0336900896	0.0438284247	-0.009447026899999999	0.0246650494	-0.0196635952	-0.0794415179	-0.0202914827	0.0258998888	0.0878602585	-0.0037737778	-0.07142374900000001	-0.023902124900000002	-0.0886263457	-0.0101424176	0.0049238473	0.0733101993	0.144406998	0.1088305324	-0.0612015971	-0.009126445300000001	-0.0346677218	-0.0327136808	0.0434832257	-0.0007049878999999999	-0.0126034006	0.10915549	-0.0794106818	-0.10698536300000001	0.0688992027	0.0368476583	-0.09451423130000004	0.020095931299999998	0.045033456	0.062543085	-0.0429091757	0.0018132474	0.030494838599999997	0.0008308894	0.010961045800000001	0.0013278784	0.0048276375	0.1355026183	-0.06656110330000001	0.0708035444	0.050929486600000004	-0.0775115207	-0.0442394784	0.0278914179	0.07159576549999999	-0.0033473820000000003	0.025058933399999997	0.005479701899999999	0.0215594866	-0.0424995788	-0.0068110251	-0.07846677440000001	0.0026429892999999998	0.0443036444	0.0926872501	-0.058938968200000004	0.0524150063	-0.0038667578999999996	0.011855791599999999	-0.024288249100000003	-0.0230958083	0.0526574218	0.011141158500000001	0.0118485502	0.0647580103	-0.0359094436	-0.0322545844	-0.14064381310000001	-0.0280145296	0.0862747775	-0.030505134700000002	-0.1604828113	0.0108518155	-0.11129342960000001	-0.008964700899999999	-0.0750717209	-0.0933497331	0.0005611954	-0.051268891100000005	0.045380248600000006	-0.0233536226	-0.051118234299999996	-0.0429552053	0.057222888799999996	0.0497516585	-0.0526391631	-0.0203034371	-0.0429846107	0.0202876009	-0.1091333823	-0.0659157697	0.0403824333	-0.0681676043	0.0137066479	-0.15907866810000001	-0.030790528799999998	0.0090793453	-0.0190019772	0.0021408906	0.017060173799999998	-0.07364101990000001	0.0525266869	0.0094376988	-0.13542827400000002	0.043642627999999996	0.0692449822	-0.0268273839	-0.07596766349999999	0.07129159269999999	0.0342403795	-0.09133263800000001	-0.0829217	0.006830499999999989	0.006876008330890001	4.6655730249999846e-05	0.218541	-0.02204200000000001	0.047760168680999984	0.0004858497640000002	-0.432141	0.006950999999999985	0.186745843881	4.831640099999979e-05	0.00689148	-0.00047226999999999865	2.230389528999986e-07	4.749249659040001e-05	0.00361589	1.7690000000000327e-05	3.1293610000001164e-10	1.30746604921e-05	0.00033062300000000005	-3.498399999999995e-05	1.0931156812900005e-07	1.2238802559999965e-09	0.0	0.0
5482.855535635257	2.463757848077876	30061704.824646186	6.070102733965324	5460.303329615045	3.042166829109192	29814912.45140515	9.254779016132275	4499.009983315632	0.008434118224613485	7.113435022675732e-05	20241090.829973724	4478.862397113572	5380.548463474199	1.099424	24.901981	0.050645099999999985	0.0246528	-0.09232599849999999	-0.0605913161	0.0367821525	-0.0066775686	0.1036928398	-0.048948308899999994	0.0606425046	0.0759386935	-0.0279929336	-0.0619341946	-0.0061075984	0.006054908100000001	-0.0120890501	-0.0010816328	-0.0794328339	0.0316366706	0.018753493	0.0044751391	0.1255873123	0.10035328880000001	0.0736215645	0.060610877	0.0869680998	-0.0469098573	0.0133252625	-0.0241784745	0.0645883514	0.07204781639999999	-0.0851185425	0.0647618011	0.12160653390000001	0.0616998909	0.0197884496	-0.0485225393	-0.00036386029999999997	0.0388939366	-0.0078037468000000014	-0.0158012898	0.0784655432	0.0049709316	0.0252095088	0.0033924241	0.0333607073	0.0199959373	-0.10645906720000001	-0.1248713008	0.08928433470000001	-0.0314949503	-0.040916835	-0.0026706902000000004	-0.0538723978	0.0661274492	0.021966275	-0.0304305263	0.1160561097	-0.021387869900000002	0.0065285915	0.042243780300000006	0.05082789150000002	0.058526646200000004	0.0015455045	-0.034877439100000004	0.0239878175	-0.0335982791	-0.036141427999999996	-0.0346796667	-0.1253289732	0.0053426204	-0.0387951824	0.0105136395	-0.0749250781	-0.0268315923	-0.0591085964	-0.047342485999999996	0.0660906258	0.0105484	-0.0121927483	-0.0558859582	-0.047259195700000006	0.0628326173	-0.018445859	-0.0382372951	0.06531289230000001	0.0126236408	-0.0091294087	-0.0059285906	-0.0729211874	-0.0190039896	0.0073522609	-0.0638636188	-0.0785647077	-0.056595486699999996	0.0322061395	-0.1212470019	0.024403355	-0.1192380606	0.0979884909	0.0292461161	-0.0939332231	-0.0085493944	0.046171305	0.1043026685	0.0744072436	0.0330853977	-0.09531282519999999	0.0537825445	-0.0010958765	0.0082456502	-0.041559126	0.0872642443	-0.09947288300000001	0.0337542834	0.1180788028	-0.0126906568	-0.0627026517	-0.055323709900000004	0.012717175700000001	-0.0031270371999999997	-0.0371462123	0.034448214500000005	0.0571285224	0.0414789057	0.0159266584	0.0125657945	0.022720772900000002	-0.0310030791	-0.1271082356	0.096952405	-0.08734590699999999	0.0479192881	0.0118952884	0.0494348073	0.0751974381	-0.0423251281	0.0172810514	0.1085428224	-0.0426029954	0.0090509955	0.027122155800000002	-0.044794868200000004	0.0250827888	-0.0337042235	0.0518673325	-0.0130477602	-0.0497939996	0.0383356901	-0.047190441500000006	0.1054122193	-0.015364371399999997	-0.0435317041	-0.0371322202	0.0087143835	0.0288189408	0.0611175775	0.0695208434	-0.0291134778	0.0649891222	0.0133292483	0.025687840299999997	-0.0062803619	0.012686287	0.0352640369	-0.0287263975	0.0675283939	-0.0239671287	-0.038288035899999996	0.0399907933	0.0331480013	0.052896307999999996	0.0593355262	-0.0174156744	0.0742772491	-0.0013214531	-0.059464828	-0.0863069269	0.0227041459	0.0617173222	0.09740106300000001	-0.1208604286	0.0877878116	0.0534997722	-0.036813891	-0.0516256887	-0.0279820755	-0.07458688179999999	0.0735171291	0.0297049088	-0.0916518812	-0.0829607	-3.899999999999737e-05	0.006882477744490001	1.5209999999997947e-09	0.233484	0.014943000000000041	0.05451477825600001	0.00022329324900000123	-0.440782	-0.008640999999999954	0.19428877152399995	7.466688099999921e-05	0.00656518	-0.00032629999999999985	1.0647168999999992e-07	4.3101588432400014e-05	0.00344304	-0.00017285	2.98771225e-08	1.18545244416e-05	0.000371915	4.1291999999999956e-05	1.38320767225e-07	1.7050292639999963e-09	0.0	0.0
5475.944466240362	-6.911069394895094	29985967.797348443	47.76288018105564	5465.254840839234	4.951511224188835	29869010.47531668	24.517463403268014	4492.733332147682	-6.276651167950148	39.39634988412997	20184652.79379081	4472.721993272776	5382.071301310223	1.08796	24.642302	0.08382534999999998	0.0439135	-0.07473105669999999	-0.0593566091	-0.07071088440000001	-0.05984483440000001	0.12212708970000001	-0.0717739128	0.0346169151	-0.0382271321	-0.0314845018	0.0593001582	0.0035868112	-0.0357296833	-0.011889956200000001	0.015935417099999998	-0.10361536199999999	-0.052613856900000006	-0.0324147716	-0.0179870424	0.0430330671	0.0247596048	0.09775314730000001	0.0777303998	0.0072258044	-0.0835464301	0.0037039034000000003	0.0143987556	0.0062314518	-0.006974091500000001	0.0189352249	-0.069217058	0.0440382511	0.1073362453	0.0311303147	0.0354070213	0.0783122022	0.083678688	0.048359324800000006	-0.035516494100000004	-0.0434552731	0.030684302599999998	0.0354121423	0.0040306213	0.043017014000000006	-0.039015615499999996	0.1284839498	-0.0588932555	-0.0019877842000000003	0.0703741804	0.0184691174	0.0117994052	0.0415623187	0.018347804	0.002444644	-0.046572633700000005	0.0175564404	-0.0172539635	-0.0347352538	0.0313312897	0.0618536071	0.0215441901	0.07012124360000001	-0.0337837319	-0.0223144914	-0.0703206344	0.046489854500000004	-0.0665288632	0.07026755650000001	-0.046979223099999995	-0.0197951037	0.008352594599999999	0.0708055725	0.0040344317	0.0049605401	-0.0508037604	0.0508136994	-0.09220848279999999	-0.0958760138	-0.0180798823	0.0597328771	0.007488368100000002	0.0270786986	0.0431460205	0.030868665099999998	0.0190934498	0.049756114500000004	-0.1496827787	0.0205030267	-0.10564250550000001	-0.0977620691	0.0116201221	0.06582601490000001	0.019674654	-0.0163139112	-0.0248891526	0.048073442699999996	-0.0005909464	0.0150084285	0.0530278032	0.1644681681	-0.0036781472999999998	0.0280795542	0.024019742599999998	0.10022475630000001	0.07526195769999999	-0.0051003694	0.0821632885	0.0073146774	-0.017665378500000002	0.0042511876	-0.0047658205	0.0458746365	-0.057489010199999996	0.061682194	-0.096395865	-0.0619931747	-0.0342671753	-0.0175801647	-0.13740755	0.0185237824	-0.023341681	0.004610234600000001	-0.047929655700000004	-0.0305784536	0.042756103600000005	0.0206559503	0.023896694399999998	0.10588588619999999	0.08865311880000001	0.002461038	-0.0592983366	-0.0333024129	0.014097998700000001	-0.030824381499999998	-0.0271916698	0.005409774399999999	0.018646944	-0.0391790156	-0.0155845506	0.023188051	0.0003603377	-0.0073343403000000005	-0.0525172325	0.0787463129	0.0063616346	0.032643575099999995	0.07216212	-0.0529861173	-0.0393327406	0.07950841089999999	-0.028985897400000002	0.0355406089	-0.011821363400000002	-0.009044023	-0.04139309	-0.0519743945	-0.1206917612	0.035759785	0.1015234174	0.0827455565	0.0041704384	0.046159896	-0.0437044903	-0.0577921942	-0.0144563659	-0.07940372799999999	0.058277784699999995	-0.031962597200000005	-0.060736840300000004	0.0243738317	-0.1243666334	0.061574303	0.05687129990000001	-0.0218123289	0.0363453267	0.042500757	-0.020400393	0.0447254997	-0.0095124574	-0.0088533906	-0.0037495965999999998	-0.1111931352	0.07854635	-0.0970885017	-0.0291318917	-0.0731541193	0.0756273945	0.0250866452	-0.0915720357	-0.07112669999999999	0.011834000000000013	0.005059007452889998	0.00014004355600000026	0.195252	-0.038232000000000016	0.038123343504000005	0.0014616858240000012	-0.430885	0.009896999999999934	0.185661883225	9.795060899999869e-05	0.00687354	0.0003083599999999997	9.508588959999984e-08	4.72455521316e-05	0.00359619	0.0001531499999999999	2.345492249999997e-08	1.29325825161e-05	0.000356178	-1.5736999999999992e-05	1.2686276768399998e-07	2.4765316899999957e-10	0.0	0.0
5470.966110890433	-4.978355349929188	29931470.18651159	24.784021990168572	5472.224598928648	6.9697580894144275	29945242.06111981	48.57752782495785	4493.174554216159	0.4412220684771455	0.19467691371125087	20188617.574655574	4473.459819367624	5294.375491475667	1.077892	24.414278	0.1038753	0.0551682	-0.0901523483	0.007546061	-0.10562329890000001	0.0341348	0.13149871900000001	0.036776123	-0.026674059500000003	-0.0521674529	0.0884427089	0.0575190962	0.0526563049	-0.037491767200000005	0.043929739100000004	-0.0101255789	-0.06752565469999999	-0.048396902400000004	-0.025149070699999998	0.0683293401	0.10150722820000001	0.0043972388	0.1271797507	-0.0068085327	-0.0883018457	-0.10689149199999999	-0.13445111740000001	0.04467509	0.0354285614	-0.0685789111	-0.0682543222	-0.0103717533	-0.022460179700000003	-0.0082236418	-0.054392429400000004	0.1256448772	-0.0862891324	0.0249740673	0.1091336613	0.0699832442	0.0618298068	0.0384831778	0.0099230925	0.0252667377	-0.0754548136	-0.0214964037	0.19661824519999999	-0.0030306307	-0.0315156687	-0.0693585743	0.0363085125	-0.0030290189	-0.016401026699999998	0.0024607573	0.0154137674	-0.013472111	-0.008411869	-0.0278986336	0.07619902469999999	0.0751583269	0.0494060089	0.0266419465	0.039199249500000005	0.0206871019	-0.0798095108	-0.0534234188	-0.052541581799999994	-0.023511882	0.0480956487	0.0361094564	0.056826872	0.062010475999999995	-0.0104922656	-0.0748168492	-0.069424699	0.0200538502	0.0718333909	0.0968667359	0.0542496025	-0.060951822	0.0712621772	-0.016039821399999998	-0.027627433700000002	-0.065495502	0.0045855124	0.0527146303	0.051146245800000004	0.0083783339	0.011024200500000001	0.0185387929	-0.0694880719	-0.0391849016	0.0372804379	-0.022574164700000003	-0.0423007841	0.059007186600000004	0.0041085873	0.0643931367	-0.0067840462	-0.09078497099999999	-0.0221920243	0.0047863685	-0.0088904866	0.00034642559999999997	0.1279669984	0.0027116647999999998	0.0930771683	0.0902329389	0.1417705976	-0.0653996332	-0.0265678315	-0.0613660674	-0.061528435199999995	0.0143363539	0.0032319893	-0.0374723513	-0.0050848228	0.1020983408	-0.11210014970000001	0.024659587	0.1391759918	0.0692939113	0.0215559635	-0.006425731	-0.0145900815	-0.0350495278	-0.035488141699999996	0.0148119043	0.1729123464	0.0401466189	0.0297157225	0.0825078262	-0.0113446692	0.027562675	0.0173584531	0.025390200800000002	0.0251706283	0.0277512909	-0.0028080812	0.0080165516	-0.0768063541	-0.0369196133	-0.0306227756	-0.0405975118	0.046308059900000004	0.0179547211	0.0448919202	0.1396646501	0.0555193451	-0.042197140599999995	-0.017093884099999998	0.029375258799999998	0.09491191	0.023179420200000002	0.019456682700000002	0.0079736688	0.072814499	0.021551299700000002	0.1075701992	-0.0461941858	-0.0237213837	-0.0755392526	-0.0468768059	-0.029985601400000002	0.0573307595	0.039711131600000005	-0.044190610199999994	0.0531827499	0.0590167449	0.0196892847	-0.0440761643	0.0305607791	0.0670154936	0.025922285099999998	-0.041975197	-0.0016456342	0.0902711262	-0.036367735	-0.0265405737	-0.0586478817	-0.00019685310000000001	-0.0332395992	-0.0408933264	0.0095063571	0.0795545849	-0.030276632	-0.07167037450000001	0.0776190801	0.0203984606	-0.09109344890000001	-0.076933	-0.005806300000000014	0.0059186864890000005	3.3713119690000174e-05	0.227464	0.03221199999999999	0.051739871295999995	0.0010376129439999993	-0.460673	-0.029787999999999926	0.21221961292899996	0.0008873249439999957	0.00744293	0.0005693900000000002	3.242049721000004e-07	5.53972069849e-05	0.00354407	-5.2120000000000124e-05	2.7164944000000117e-09	1.2560432164899996e-05	0.000256308	-9.987e-05	6.569379086400001e-08	9.9740169e-09	0.0	0.0
5476.891920710364	5.9258098199306914	29996345.111142457	35.115222021987016	5459.666486909186	-12.558112019462895	29807958.14827929	157.70617749337848	4497.252548448525	4.077994232366109	16.63003695921125	20225280.484526753	4476.582497228127	5346.001799422667	1.0599980000000002	24.008972	0.0949786	0.0513091	-0.094517894	-0.0054807099	0.0014258765	0.09316221779999999	0.0843931369	0.073106922	-0.0338978938	0.0248807368	0.106291105	0.0024093282	0.0486651425	-0.026372137599999998	-0.0042881152	-0.0056370915	-0.0078646276	-0.1213204143	0.08769695	-0.005364868199999999	0.0493643717	0.0461412513	0.054239148499999994	-0.0817323324	0.0020271829999999997	-0.0372893392	-0.0344471539	-0.008153210400000001	0.0655146104	-0.0184226361	-0.0122172157	-0.0534293132	-0.043146809	0.0604188536	0.0050001296	-0.0190925761	0.0333334441	0.0470133067	0.1072589769	-0.0957375318	0.0145448201	0.0480280629	-0.030275090600000002	0.0283344929	-0.0444921224	0.10479205890000001	-0.0123048922	0.058674733	0.016708864099999998	0.0230623089	0.0213541036	-0.0051225032	-0.0082890512	0.1065189857	-0.0762752149	-0.0007749628	-0.0324141111	-0.1011238634	-0.0395076283	-0.051619877800000005	0.0311225128	0.042987280999999995	0.0371762188	-0.014124146499999999	0.0005844547	-0.0200118073	0.0167253749	-0.0210457001	-0.0224491622	0.0451959757	-0.04737906	0.0006942411	0.1120473212	0.0394194655	0.038665191	0.04251953309999999	-0.0479152824	0.09267696380000001	0.0496756851	0.0306983636	-0.08632425310000001	-0.0465994446	-0.063234029	0.0668479031	0.0055536395	0.029542759	-0.0053869928000000004	0.0302017712	-0.0589043775	0.0298325359	-0.0583390658	-0.0113890043	0.0018626364000000001	-0.0162259622	-0.09219052330000001	0.0847821039	-0.10634892609999999	-0.0203556174	0.0721912266	0.0195181332	-0.1312213718	0.1305371241	-0.0140500129	0.044889008	0.0539060878	-0.08398438820000001	0.0207972056	0.031479796000000004	0.034468861499999996	-0.0260330644	-0.0535717612	-0.0010659832	-0.001303965	-0.0529611535	-0.036939918700000005	-0.0582009679	-0.0347070479	-0.0687182415	-0.0053728266	-0.0643399651	0.064986155	-0.0522788571	0.1067221884	-0.043470777599999996	0.0326782703	-0.0174452718	-0.0457520159	-0.0948403261	-0.003724095	-0.070010031	0.0085898126	-0.0304553936	-0.0029639038	0.0926455836	0.0407352033	-0.0895756859	-0.0192040484	-0.0517704267	0.0028220777000000003	-0.0790835308	-0.0441306442	0.0482772276	0.0780718036	0.0103605996	0.0264548152	-0.0144845866	0.000116186	0.053171868	0.0093265941	0.0322646273	0.0368352659	0.0169908476	-0.0512603943	0.0804194465	-0.0191023341	-0.1198223431	-0.0496636004	0.0631196783	-0.0298626315	-0.09337842539999999	-0.057398182400000004	-0.009876914399999999	0.0681957901	0.0660627928	-0.0291185212	-0.0642356437	-0.0092831663	0.045124482	0.0384827133	0.0650920087	-0.0032867747	0.0596118233	0.0463625322	-0.008582331	-0.0873194692	0.046052421600000004	0.084549795	0.0084466256	-0.0657844492	0.0353835923	-0.0833630848	0.0655805077	0.0268446086	-0.1322770321	-0.0073612185	-0.031416097000000004	-0.0701366814	0.079489063	0.0156534218	-0.090218205	-0.0681672	0.008765800000000004	0.004646767155839999	7.683924964000008e-05	0.208299	-0.019165000000000012	0.043388473401	0.0003672972250000006	-0.4335	0.027172999999999947	0.18792225	0.0007383719289999972	0.00676572	-0.0006772100000000001	4.586133841000002e-07	4.577496711840001e-05	0.00352185	-2.2219999999999882e-05	4.937283999999946e-10	1.24034274225e-05	0.000354374	9.8066e-05	1.2558093187600002e-07	9.616940356000002e-09	0.0	0.0
5481.849208102152	4.957287391788668	30050670.740370195	24.574698284786898	5480.188683919406	20.52219701022023	30032468.01135831	421.160570126292	4504.032794931352	6.780246482827351	45.97174236789266	20286311.41781713	4483.559736563094	5395.576136018269	1.125967	25.503164	0.10927205	0.06602710000000002	-0.049680015599999995	-0.053817532599999995	0.09616253570000001	-0.0088909608	0.0388644194	-0.0058742321	-0.0401618029	0.1030225076	0.012187360500000001	-0.04314165	-0.0211049508	-0.0101248315	0.0747526203	-0.0489925076	-0.0026987857000000002	-0.051219207	-0.07965481370000001	-0.012282376599999999	0.0080524075	0.0892854925	0.0113329359	-0.0443407238	0.0724276825	-0.0611335183	-0.0463201783	-0.053601323	-0.0867749186	0.0877435285	0.0856741709	-0.025075869700000003	-0.0161532185	0.0296444145	0.057238653	0.0041693835	0.019224993	-0.06876132019999999	0.00400603	-0.0077574185	0.0123332878	-0.0234024452	-0.0168539525	0.010622763899999998	0.025363522599999997	-0.0149868346	-0.0774261046	-0.0635355816	-0.057741951799999996	-0.0013103413000000001	-0.0556862306	0.012061527800000001	-0.0260282529	0.0039246904	-0.029077987799999996	0.1012202524	-0.0284378843	0.0362758061	-0.1391864427	0.0494337442	-0.07514130549999999	0.0649167058	-0.0947430791	0.013095483100000001	0.0603418851	-0.0519170782	0.0271285415	0.0261874346	0.0528867808	-0.0394810775	0.056617525599999996	0.0099833479	0.0031061262	0.0690063216	-0.179594465	0.0564907568	0.07308651940000001	0.1038992038	0.0711464232	-0.0347094098	-0.0170903692	0.2297427093	-0.018161756	0.0228957211	0.0260365239	-0.045058716500000005	-0.09736932890000001	0.0169625355	0.07185618769999999	-0.06052798440000001	-0.0108502668	-0.0918751366	-0.0686340624	0.0796936316	-0.0347080664	0.12956245619999998	-0.08778486070000001	0.0507259329	0.0056202846999999995	0.0201613139	-0.006617699999999999	-0.0851785768	0.0795765103	0.0924404006	0.0083491947	-0.057468442	-0.0595439131	0.0618221978	0.0500690087	0.07324858769999999	0.0503913634	0.0674342638	0.1223190327	-0.026951642400000003	0.010051157199999999	-0.050419429800000005	0.027716217400000003	-0.011927710800000001	0.038667041	0.0390306099	-0.0132671087	-0.026058174700000002	0.0067172674	0.0268534611	0.028905405099999996	-0.0036212719	0.035885992900000004	0.0067130501	-0.0688345341	0.038279202000000005	0.05257009309999999	0.0092195033	0.0333582696	0.0005323452	0.0313379091	-0.0027936253	-0.0213084977	-0.0097930777	0.0675761256	-0.0391081869	0.19209655690000002	-0.0496790159	0.020086376	0.016072479299999998	-0.1313486201	-0.0463567805	0.022366756600000003	-0.033715848	-0.0346467815	-0.0570498608	0.0362458509	-0.0229547136	0.0175498596	-0.0552495076	0.0529026191	-0.10151737400000001	0.1455078931	0.0752576858	0.056139018	-0.0115308499	-0.0227637417	-0.0012146722999999999	-0.12101729580000001	0.16928223899999995	-0.0073202402000000005	0.1339870726	-0.04455290519999999	0.023792171600000002	-0.07885215820000001	0.0606155815	-0.09012243560000001	-0.0461343986	-0.1172389593	0.1270414357	0.011202931599999999	0.0706734866	0.1151271239	0.0069826307999999995	-0.12439296130000001	0.024181474300000002	0.038457338199999996	0.0632410901	0.056823803099999994	0.05468583849999999	0.0209539223	-0.0325500881	-0.068554109	0.0812344112	0.010864754099999999	-0.088950115	-0.0691222	-0.0009549999999999976	0.004777878532839999	9.120249999999952e-07	0.223285	0.014986000000000001	0.049856191224999985	0.000224580196	-0.420145	0.013355000000000006	0.176521821025	0.00017835602500000018	0.00559243	-0.0011732900000000007	1.3766094241000009e-06	3.12752733049e-05	0.0032853	-0.0002365499999999999	5.595590249999994e-08	1.079319609e-05	0.000544055	0.000189681	2.95995843025e-07	3.597888176099998e-08	0.0	0.0
5477.626810959029	-4.222397143123089	30004395.480137184	17.828637634254022	5453.992904959022	-26.195778960383905	29746038.60734335	686.218835341292	4499.734729056027	-4.298065875324937	18.47337026863272	20247612.63187292	4479.337699738196	5424.798832676712	1.093143	24.75971	0.09231030000000004	0.0454545	-0.0491005592	-0.0698144208	0.0024804744	-0.0727024782	0.057803685099999995	0.08869142460000001	0.0634446617	0.0243865872	-0.1225429157	0.0032235072999999997	-0.017865202	-0.009466005100000001	-0.044583141	-0.008853622700000001	0.0083567214	-0.0142741075	0.0136541975	0.1260619288	0.0092953558	0.0584892634	0.015647398700000002	0.075022813	0.060752162900000004	-0.0683950187	0.0168219179	-0.0154401475	0.0831749745	-0.0924226926	0.0054750434999999995	-0.0017243851000000002	-0.1322648023	-0.0833316268	0.0569707074	-0.0709798323	0.0785827749	0.0920128353	-0.0541380562	-0.0214490472	0.0395995061	0.0297414173	-0.042767510999999994	0.0113617971	-0.0135829476	-0.0486768957	-0.0717220001	-0.015845925900000002	-0.028340885899999998	0.046121851500000005	0.0996954526	0.025524340299999997	-0.0022267371	0.10352820869999999	-0.10538866449999999	0.0737735108	-0.050307411100000005	-0.0096921889	-0.0048534647999999994	-0.0148870605	-0.016533203899999998	0.0572915445	-0.0110356428	0.0167185909	-0.0870377556	-0.021538674100000002	0.0521424022	-0.0954441841	-0.0573005542	0.1299988685	-0.07055453469999999	0.0113552609	0.0391745827	-0.10435659	-0.042042542	0.0303484925	-0.0318486362	0.0497356958	0.0534555334	0.009145961800000001	-0.0034366349	0.0492740727	-0.026614709	0.0080814886	0.0939795971	-0.0934574916	0.055534869400000006	-0.0300240979	-0.0200090647	0.027798333300000002	-0.0216542029	0.0427113441	-0.0704284753	0.029921063799999998	-0.0673611038	0.0319467538	-0.0826733561	0.0493811316	-0.0624919491	0.0144743227	-0.0785306696	-0.0271801951	-0.1226816442	0.0587082133	0.0128991404	0.06767336389999999	-0.0698187295	0.072093633	-0.0163125272	-0.0409080869	-0.0978619371	-0.0733649212	-0.027282175099999997	-0.0107711648	-0.128890322	0.0456064914	0.0910115569	-0.0816499704	0.0618192004	-0.0829982151	-0.0479722264	0.051055208	0.0645731602	-0.007312179	0.0302799182	-0.0218369286	0.021890436699999998	0.0334175083	-0.0400219388	-0.0060042261	0.028307500099999997	-0.026108055499999998	-0.08977576720000001	0.046856977300000005	-0.0007413798	-0.09106449429999999	-0.07393802740000001	-0.0164696212	0.1025889532	0.0188144499	-0.0042731405	-0.0209132151	0.048137288099999995	0.0047500947	-0.0133441536	0.0199609773	0.10986452699999999	0.0552598459	-0.0112627623	0.09198168960000001	0.07404557219999999	0.0206382381	-0.0318321103	0.1683495631	-0.0774627698	0.0091386409	0.0606338805	0.0257016854	-0.0046048057	-0.0492439534	-0.0344254772	-0.005904753	-0.0276993185	0.0245068842	0.0458505957	0.0291775552	-0.11975170480000001	0.0159433655	-0.034892371299999995	-0.0867359784	0.0079121952	0.0778856304	-0.0338207435	0.005428061600000001	0.0010514305999999999	0.0813263501	0.0463496959	0.0666309672	-0.0228433862	-0.032336077000000005	0.045735789000000006	0.0330972142	0.0743996926	-0.0887922892	0.129297829	-0.0336784079	-0.0669237601	0.0828523881	0.0060458045	-0.0872947008	-0.0714094	-0.002287200000000003	0.00509930240836	5.2312838400000144e-06	0.187194	-0.036090999999999984	0.035041593636	0.0013025602809999988	-0.408731	0.01141399999999998	0.167061030361	0.00013027939599999957	0.00591642	0.00032399000000000056	1.0496952010000036e-07	3.5004025616400005e-05	0.00297761	-0.0003076900000000002	9.467313610000012e-08	8.8661613121e-06	0.000325373	-0.00021868200000000002	1.0586758912899999e-07	4.7821817123999986e-08	0.0	0.0
5468.1483004431375	-9.478510515891683	29900645.83563917	89.84216159986927	5479.908141686527	25.915236727505544	30029393.24132229	671.5994946426523	4497.127801955726	-2.6069271003016183	6.796068906287004	20224158.467123136	4477.501760683011	5343.519117600366	1.1996870000000002	27.172932	0.08482745	0.0411556	-0.0612793619	-0.010548878999999999	-0.060568751799999994	-0.0360822993	0.0454426712	-0.0015045807999999998	-0.0742800649	-0.0107720522	-0.0161108168	0.11853303550000001	-0.0059517664	0.012910575300000001	0.0650049116	0.0170436775	-0.0131537602	-0.055453985	-0.0475013846	-0.0784933486	0.0677238228	0.0275309879	0.071430961	0.0683924298	-0.0678517375	-0.0980892278	-0.055609297599999996	0.0343093077	-0.056941528	0.0647749783	0.0350976241	0.052209955	-0.08453374710000001	0.08721095400000001	0.05308802730000002	0.111477836	-0.0473577262	0.0172160983	0.020672669299999998	-0.0273942617	0.0033402370000000002	-0.1808804611	-0.043269026399999994	-0.09130388810000001	-0.0025848806	0.0174437491	-0.060806680999999994	-0.0776448493	-0.0413537736	-0.1010837934	-0.0362142544	0.0060030118	0.025537159500000003	-0.0451102062	0.024161642799999997	0.025475902400000004	-0.0565764837	0.0771150325	-0.08688448380000001	-0.16040485359999998	0.001965551	-0.0909345117	-0.0680788103	-0.007639535899999998	-0.0013245370000000002	0.037098686	0.0624193556	-0.012448342900000001	-0.0229663283	0.0534133381	-0.044916932	-0.0255806952	0.0656002323	0.027961239	-0.0259752402	0.001637524	-0.051089569	0.0255922642	-0.0241239839	-0.0015244644	-0.0276237647	-0.0520883269	-0.0672582869	0.0593389151	0.0169888124	0.0875180112	-0.1348674078	0.09885811929999999	-0.0380040881	-0.1097947814	-0.06815056679999999	-0.0469558888	-0.0316070238	0.0241193511	-0.1084157164	0.024804806000000002	-0.0311098045	-0.0560290659	0.0164609942	0.0450678574	0.0203160317	-0.0089499691	-0.0711719449	0.0239002266	0.07159194769999999	0.0811399052	0.06801891	0.097395072	0.0546514822	0.0006649106	0.06513555110000001	0.0549353044	0.0644641162	0.0638657908	-0.0753340563	-0.1369246106	0.0142137003	0.045277942599999996	-0.0543078171	0.0173569266	-0.047657591799999996	-0.0626587856	-0.012309796999999999	0.17962871030000002	0.0466786726	0.0158592374	-0.0759063459	-0.0067445458	-0.0700930723	0.0593146885	0.0298480771	0.1003897705	0.0367327821	-0.039178956200000004	-0.0492081761	0.0069788374	0.048405477999999995	-0.0706798102	0.0104103331	0.03085594	0.0258732022	0.144162609	0.0345078291	0.0126183128	-0.0861498809	0.054945495899999995	0.0283860125	-0.1238203722	-0.0078351994	0.055573039500000004	0.036357895099999996	0.0268970683	-0.0088298971	0.083132839	-0.0238298267	-0.0517196111	0.0009087216999999999	0.04211695730000002	-0.0395455595	0.0093168767	0.008307334	-0.0056121288	0.04677759769999999	0.0457394049	-0.0325976309	-0.0690571077	-0.0328098888	-0.0113736842	0.0856744205	0.18132859129999998	0.0231151941	-0.0617451267	-0.030051703500000002	0.054338821600000003	-0.0888534898	0.0406181191	0.0671708532	0.1078399666	0.0345587879	0.07352293389999999	0.0258793656	0.0536052648	-0.0152302068	0.0494870161	0.0989461598	-0.0348008596	-0.0652467709	0.08434045679999999	0.001210004	-0.0852591707	-0.0879216	-0.016512200000000005	0.0077302077465600015	0.00027265274884000017	0.216871	0.029677000000000012	0.047033030641000007	0.0008807243290000006	-0.425157	-0.01642599999999994	0.180758474649	0.00026981347599999803	0.00608474	0.00016831999999999958	2.8331622399999858e-08	3.70240608676e-05	0.00318447	0.00020686000000000006	4.279105960000005e-08	1.01408491809e-05	0.000256308	-6.906499999999999e-05	6.569379086400001e-08	4.7699742249999995e-09	0.0	0.0
5457.093283358444	-11.055017084693644	29779867.10327584	122.21340274286837	5468.729066381426	-11.179075305101831	29906997.60148506	124.97172467713764	4493.554677963084	-3.5731239926417406	12.767215066792051	20192033.643843915	4473.63176792753	5287.046571226578	1.137077	25.754808	0.07005910000000004	0.0339456	-0.0588712024	0.0489844487	-0.049250958600000005	0.035515392400000005	0.0364017986	0.1213393851	0.0646107732	0.0203346152	0.0510689034	0.1032785148	0.0144857099	-0.0062298208	0.007512905	0.007432829300000002	0.0034540067999999998	-0.0942301515	0.018929212	0.12371681109999999	-0.0459771343	0.008636505400000001	0.076418841	-0.063951251	-0.08415326050000001	-0.0814633052	0.045009846799999996	0.0181980681	0.0077024025	-0.0635926864	-0.0049489212	0.0112177603	-0.004399126	-0.0610127989	-0.0493936595	-0.0975291802	-0.028580004	0.095683819	0.0629376169	0.0278447245	0.0168589182	0.1102909373	-0.014372614399999999	-0.0483858053	0.026091057999999997	-0.046821176500000006	-0.0240705314	-0.006628610300000001	0.0702389158	0.0007716436	0.0625866644	0.0377336711	-0.0186074054	-0.0395817248	-0.0821767853	-0.07421845349999999	-0.06368411360000001	-0.0167554116	-0.0260598654	-0.0728880814	-0.0895613225	-0.0439620971	-0.0201133455	0.0125192079	0.125213665	-0.0217831612	0.0529738166	-0.0325209865	0.0012518547	-0.0109968483	0.1379696668	-0.1317272033	-0.056908965599999986	-0.0228353834	-0.09941545880000001	-0.0331769762	0.0073714902000000014	-0.0967596633	-0.08721940439999999	0.0126981105	0.0445781579	-0.008200098000000001	0.0625079984	-0.0122728488	-0.0711377182	0.0138436397	0.0475914987	0.0289040928	-0.0955381621	-0.0014429993	-0.061329645599999996	-0.044235553399999995	0.012652898899999999	0.0723335949	0.054199284900000005	0.0743617926	-0.09381467710000001	-0.0772457986	0.0019760592	0.0451106029	0.0150526177	-0.046776144000000006	-0.021674049900000002	0.0076007746	0.075498803	-0.05450066519999999	0.0945099034	0.07707828929999999	-0.0426455526	-0.022410166800000002	-0.0058464345999999995	-0.0702860684	-0.0373616113	0.0153332214	-0.018745426699999998	0.1117809595	-0.0188103908	-0.07754464929999999	-0.0576740466	-0.049250674	0.06752795360000001	0.07754161009999999	0.0456624452	-0.0500434213	0.0082388402	0.038804746	0.0035000933000000002	0.08128615780000001	-0.0357881411	-0.0038879882000000003	-0.0635409376	0.0037567578	-0.0316906277	-0.0338655527	0.032772178	-0.0273178342	-0.08279760679999999	-0.1092853642	-0.0485609463	-0.0087139031	-0.0575040536	0.0592991941	-0.0036719966999999997	0.047856473499999996	-0.12388822210000001	-0.0371449742	-0.035342912000000004	-0.0521226236	-0.1042438234	0.0068582241	0.046605287599999996	0.0244029887	0.0629416089	-0.1762153618	-0.1077427883	0.036316883	0.09447439070000001	-0.0272241133	0.0262484714	0.0816403938	0.0369566481	0.028283709900000002	0.0257997458	-0.046221069299999994	-0.0400886075	-0.0123070756	0.0594657174	-0.0119169102	-0.0141327359	0.0136217618	0.090645998	0.0212659594	0.0326867534	0.050882607999999996	0.0669308286	0.0343262652	0.0918516212	0.006094508100000001	-0.1051468843	0.0545834559	-0.0027331169	0.0315888802	-0.0315202978	0.0402976795	0.0393854183	-0.035917247799999996	-0.06352431019999999	0.0856962841	-0.0036291689	-0.0828523881	-0.08328039999999999	0.004641200000000012	0.0069356250241599995	2.154073744000011e-05	0.208038	-0.008833000000000008	0.043279809444000006	7.802188900000014e-05	-0.411232	0.013924999999999963	0.16911175782399998	0.00019390562499999904	0.00664011	0.0005553700000000003	3.0843583690000036e-07	4.4091060812100014e-05	0.00296511	-0.00021936000000000004	4.811880960000002e-08	8.7918773121e-06	0.000334776	7.846800000000001e-05	1.12074970176e-07	6.157227023999998e-09	0.0	0.0
5451.046926774195	-6.0463565842492235	29713912.597894397	36.558427943893946	5465.5744459146645	-3.1546204667611164	29872504.02383539	9.951630289308124	4493.9161681930045	0.3614902299204914	0.13067518632796973	20195282.526746497	4474.138987425314	5227.072199598521	1.152256	26.098606	0.046052600000000006	0.0224093	-0.08369927419999999	0.11142797789999999	0.0830911287	0.0691123936	0.0541917926	0.0801305149	-0.059092018499999996	0.09867651289999999	0.1094800581	0.05099058150000002	0.0042442871	0.0151229907	-0.0108952548	0.0931484836	0.0913380366	-0.006882209300000001	-0.0821698629	-0.08263328219999999	0.09369932460000001	0.0201218961	0.1043061782	-0.0898050281	0.0299614961	-0.07499187759999999	-0.0318573974	0.0272509955	-0.05319760230000002	0.0732777396	0.09000428099999999	0.0736035467	0.0194062188	0.009901308499999999	-0.049844603	0.0005679387000000001	-0.0343263617	-0.0013168875	-0.0105570793	-0.0812327439	0.0708543876	-0.0656277529	-0.0177316322	-0.0204113565	-0.0108061574	0.0148194501	-0.0732605581	-0.0391796321	-0.0036598457	-0.0892734298	0.0095685125	0.0580337566	0.0198266679	-0.0524670208	0.0870977027	0.0191497149	-0.028478519900000002	0.0198593074	0.0399949843	-0.0918526223	0.0496782826	-0.0922107741	0.050891078799999996	0.0708502904	-0.005686487099999999	-0.0064844319	0.0438545833	0.0819028804	0.0002521339	0.040382311000000004	-0.012632381000000002	-0.0220934906	-0.0975233459	0.039925106	0.0899629807	-0.0211917544	-0.0680930843	-0.0259873633	-0.033912033	0.08481721539999999	-0.0303935627	-0.0802672229	-0.11473861099999999	-0.0728722703	0.0053511960999999995	0.0904468552	0.099438075	-0.026551394300000003	0.05854377190000001	0.0522728358	0.0696769677	0.0214560873	0.057728387400000004	-0.0351169973	-0.0228895843	0.022141477799999996	-0.0177359164	-0.0102231837	0.0462124703	0.0046516628	-0.06263578780000001	-0.0465305755	-0.0616126491	0.021992455	0.10049964859999999	-0.09283697310000001	-0.014245917299999999	0.07189633299999999	0.039487789	-0.007508034300000002	0.05927157070000001	0.0507825832	0.0863598924	0.0722322659	-0.0044759081	0.0457702855	-0.0466132538	0.040380666600000004	0.0042752521	0.058207410099999995	-0.0613057672	-0.024271573900000003	0.0828808667	0.0759403694	0.0478619614	-0.012406410500000001	-0.0239528202	-0.0066852636	-0.0800205914	0.027557736200000002	0.0011129643	0.0798709537	-0.0066471927	-0.0957135952	-0.0571120537	0.0064999839	0.0900585461	-0.0095139001	0.019809773200000002	0.0066049731000000006	-0.084935804	0.0944171141	-0.030282601800000006	-0.0453396539	0.0179807569	-0.0020723305	0.0236840275	-0.039529266699999996	-0.037358526	-0.0278218679	-0.04763452940000002	0.0505949792	-0.0233675127	-0.0160095324	0.0275183785	0.1182866072	-0.0947640113	0.039472172	-0.09723587410000001	0.0212903864	0.0058021463	0.091549535	0.0863799134	-0.0247129538	0.080777456	-0.0280405	0.026261356	0.10780851529999999	0.1315107244	-0.06242456900000001	-0.0515783388	0.0299291236	0.0172942485	-0.1314264128	-0.057784083300000004	-0.026477644900000003	0.020017788300000002	-0.031826193100000004	-0.0407709457	0.0269986584	-0.040896259500000004	0.042614986900000006	0.0411906288	-0.0028299528999999996	0.0204207215	-0.0370273778	-0.0617575784	0.0869177441	-0.0084582266	-0.0800848332	-0.0972326	-0.013952200000000012	0.00945417850276	0.00019466388484000032	0.221442	0.013404	0.049036559364	0.00017966721599999998	-0.420075	-0.008842999999999991	0.17646300562499995	7.819864899999982e-05	0.00661272	-2.73900000000004e-05	7.502121000000219e-10	4.37280657984e-05	0.00305632	9.121e-05	8.319264099999998e-09	9.3410919424e-06	0.000256308	-7.846800000000001e-05	6.569379086400001e-08	6.157227023999998e-09	0.0	0.0
5444.880992067379	-6.165934706815277	29646729.01777665	38.01875080870922	5457.270632565949	-8.303813348715266	29781802.75706676	68.95331613030184	4494.11466418469	0.1984959916853768	0.03940065871516117	20197066.614839867	4473.559403845741	5185.767504044264	1.225444	27.756334000000006	0.10144489999999996	0.049418800000000006	-0.094629165	0.09357397449999999	0.0763059037	-0.1080346122	0.0475871787	0.0653520601	-0.003540934000000001	0.12447991650000001	-0.0626010048	0.0065854068000000005	0.0846355717	0.038972847799999995	-0.0162364035	-0.047533527	0.065888371	-0.014541563300000001	-0.0892946325	0.0591364673	0.0626895977	0.031656663700000004	0.096216656	0.0376758092	0.0328801439	-0.10821371880000001	0.0049568839	0.0297288163	-0.0069543159999999994	-0.0487841404	0.0205911771	0.0346275325	0.0855865791	-0.0220367756	-0.0815774863	-0.1000775614	-0.052905586500000004	-0.0010912262	0.0844965867	0.0773421796	0.06560416320000001	0.0406413769	-0.135105669	-0.0914554548	0.013486476399999999	0.13865116859999999	0.014482688200000001	-0.0208406337	0.0065518096	-0.003086783	0.056210845599999996	-0.0663167265	0.022469763900000002	-0.020792441000000002	-0.0175072709	-0.07647925480000001	-0.0971628491	-0.060942583	-0.0138142203	-0.1131874565	-0.0221962817	0.0380876822	0.0781222849	-0.0243685957	0.0033381874	0.0005150280000000001	-0.06746362980000001	0.047570553200000004	0.220500317	0.0065541694	-0.0728272108	0.0469758147	0.049880687800000004	0.06559503309999999	0.055812455899999995	0.051849844400000004	-0.0013008306	0.0252521349	0.017028115700000002	0.0332995553	-0.0750665794	-0.007553833100000002	0.06865108889999999	-0.0336115715	-0.0492046367	0.0923608128	-0.030976546	0.09467105599999999	-0.051072282000000004	0.039839595	0.054854115999999994	-0.0193082041	-0.0241142811	-0.0377594839	0.0717284096	-0.0622843375	-0.1065003023	0.0444427371	0.0515689008	0.0072696474	-0.0001176495	0.0555076921	0.062542542	0.0359864443	0.0964682212	0.0192715359	-0.0539097086	0.10938379179999999	0.0092114849	-0.022886175099999996	0.0175392447	-0.049125826	0.0005535374	0.0305971396	0.0799921046	0.1113092625	-0.0683486169	-0.0653144396	-0.0238979153	0.0323920222	0.0970903513	0.0968335625	-0.0046521363	-0.0345716975	0.1222365517	0.0852799457	-0.0998683499	-0.0539957557	-0.0127996621	0.0239805677	0.0141791112	-0.0026563241	-0.0052381432	0.0220401776	-0.0584298671	0.0306214731	-0.0196559475	-0.11519649900000001	-0.0918033958	-0.0173488325	-0.0646807859	0.0720951139	0.1049645158	0.08779629060000001	0.0114827477	0.0028814277	-0.0381369131	0.0619230349	0.1217478741	-0.16939670269999998	0.11876168	-0.0039301574	-0.0212110311	0.0100218857	0.0998569999	-0.0682973003	-0.0539147758	0.0209691532	-0.0703163728	-0.066992448	-0.015640952	-1.08105e-05	0.011467736200000002	-0.0077619806	-0.0446442064	0.0276320365	0.11699039369999999	-0.0025887533999999998	0.0661886699	0.040739405	0.010957691	0.06535860480000001	-0.025660669900000002	-0.0307588408	0.0193275718	-0.0144887943	-0.09125040529999999	0.0433194642	-0.0699368817	-0.0445968946	-0.009377913100000001	0.0796066765	0.0069784542	-0.021865445	-0.0642425488	-0.0381310563	-0.0599478067	0.0880029215	-0.0132637098	-0.0769685571	-0.0833832	0.013849399999999998	0.0069527580422399995	0.00019180588035999996	0.194572	-0.02687	0.037858263184	0.0007219969000000003	-0.391986	0.02808899999999997	0.153653024196	0.0007889919209999987	0.00628228	-0.00033043999999999955	1.0919059359999971e-07	3.94670419984e-05	0.00273403	-0.0003222899999999998	1.0387084409999988e-07	7.4749200409e-06	0.000256308	0.0	6.569379086400001e-08	0.0	0.0	0.0
5450.007437299317	5.126445231937397	29702581.066617865	26.28044071605366	5468.085121340558	10.814488774608435	29899954.89422598	116.95316745613184	4495.912504362357	1.79784017766724	3.232229304434573	20213229.246881798	4476.1669069517875	5131.256751758314	1.195177	27.070782	0.20248475	0.09600810000000004	-0.09587456820000001	0.11870408449999999	-0.007968545799999999	-0.1156723604	0.0749216069	0.059777232199999995	-0.1612193093	-0.0568204182	-0.050418972699999995	0.0068472633	0.02305663	-0.030990632	0.1396320109	0.0913095315	0.0298108835	-0.054278567400000005	-0.024523132599999997	-0.0396144163	0.1951598588	0.0488435884	0.1276197533	0.1017964576	0.04305741440000002	-0.09548056640000001	-0.050832870499999995	-0.0321960195	-0.0028855318	0.0427653808	-0.0203291397	0.012105197600000001	0.014952566	-0.021354889	-0.029302597200000002	0.08392165609999999	0.0315370778	0.0186434369	-0.019015906000000003	-0.09350539050000001	-0.015306933100000001	-0.0065803828	-0.1237664134	-0.11690312380000001	0.0243265446	0.0028726409999999996	-0.0229815182	0.014515365700000001	0.0367226155	0.016516318500000002	-0.023987654100000002	0.1239025099	0.0111038422	-0.025175199500000002	-0.09254190640000001	0.044083803899999996	0.0693179934	0.0489925348	-0.011175840900000001	0.0381962854	0.08651352820000001	0.0409151604	0.0753139223	0.0299744123	-0.054839449900000004	-0.1124215442	0.021392678999999998	0.0039044084000000004	-0.040800695299999995	-0.0367367965	-0.019152405900000002	-0.0466646125	0.0718206064	-0.0749598525	-0.055794013600000004	-0.14770688640000001	-0.0349961253	-0.0587201879	0.0030712473999999997	-0.0070672061	-0.013496126200000002	0.0578196746	0.0667994772	-0.1190302625	0.0627473025	-0.1035494479	-0.0401303213	0.058121245	0.09558518710000001	0.0243389782	-0.020730252	0.0358440417	0.1260819198	-0.043647814699999996	0.0174487799	-0.1809075815	0.0769264753	-0.0091891358	-0.12102655	-0.051328713899999996	-0.1409248984	-0.06180752530000001	-0.0166135297	0.0509820361	0.1285207752	0.08894844539999999	-0.0478424349	0.0934083472	0.0677796755	0.0339930616	-0.0089108981	0.036173866	-0.0202145338	-0.007164206899999998	0.0170664461	0.0057646109	-0.0023171189000000003	0.09825691339999999	0.0095158065	-0.04642121	-0.0383786168	-0.0446330387	0.028544977200000002	-0.0175339889	0.10739949480000001	0.11751409480000001	-0.0908944778	0.027331312000000003	-0.029827532900000002	-0.0225648746	-0.0411375752	-0.005090817	0.0241666228	-0.0783681474	0.0384619011	-0.0939820856	-0.0652071593	0.0316891943	0.0490781035	0.015775674	0.0592786991	0.0216635101	-0.014026586200000002	-0.1123559231	0.0771653263	0.0229847171	0.0737399432	0.09624687470000001	-0.0644773946	-0.0605429079	-0.0443484746	0.0112715049	-0.025899062900000002	0.050994295999999995	-0.1353342186	0.0060426303	-0.0202625748	-0.0217363459	0.0452351268	0.1362492092	0.0359228365	0.0537251154	-0.01118291	-0.0441967375	-0.0470897738	0.1279965496	-0.0560410138	-0.1505849218	-0.0073597735	-0.0443883775	-0.0254790601	-0.0792658296	0.083833145	-0.0772600911	0.0415798348	-0.1047522208	-0.0685608747	0.06899701379999999	0.0695341646	-0.0326039101	0.0457538465	-0.0241241304	0.0732139663	-0.0415532379	0.015076531	-0.039228091	-0.0580962564	0.088950115	-0.0180322247	-0.0735171291	-0.0587649	0.024618300000000003	0.00345331347201	0.0006060606948900001	0.215187	0.020614999999999998	0.046305444968999986	0.00042497822499999976	-0.458367	-0.06638100000000002	0.210100306689	0.004406437161000003	0.00673601	0.0004537299999999994	2.0587091289999946e-07	4.53738307201e-05	0.00352384	0.0007898099999999997	6.237998360999995e-07	1.24174483456e-05	0.0008301769999999998	0.0005738689999999997	6.891938513289996e-07	3.293256291609997e-07	0.0	0.0
5464.382905671693	14.375468372376414	29859480.53979701	206.6540909251947	5493.157547646923	25.072426306365738	30174779.84327036	628.6265608881407	4495.421952509384	-0.4905518529731126	0.24064112045535424	20208818.531103283	4475.477483322242	5177.040485325672	1.206377	27.324455	0.07993755000000001	0.0392144	-0.11657363890000001	0.08508680980000001	-0.08400964820000001	-0.0643664452	0.08650253849999999	-0.0197886076	-0.06609637410000001	-0.0777190923	-0.018502028	-0.0180472812	-0.038597335499999996	-0.1497897111	-0.10844541960000001	0.0308551087	-0.033720985099999996	-0.0348675794	-0.174922633	0.1376444301	-0.0291292934	0.039665111499999996	0.1246994346	0.0418953065	-0.0682681992	-0.09749777550000001	-0.029382440699999998	0.033949226299999996	0.08599963279999999	0.0171085268	0.0179840954	-0.0377641665	-0.0466451938	0.0312720785	0.08668466109999999	-0.1366527555	-0.0704469144	0.021833509700000003	0.006763875999999999	-0.0234451953	0.17077190539999998	0.08598040539999999	0.0709497312	-0.0098244366	0.0789376349	-0.0024330914	-0.0129222555	0.0438913561	-0.0153146547	0.0528376787	0.0359694306	-0.07676309	0.0906668463	-0.059007339400000004	-0.037625587599999996	0.028732215499999998	0.0594125606	0.0283373471	0.08212777660000001	-0.0191896348	0.1310429367	-0.0016144294	-0.0740004071	0.0446523304	-0.1200384981	-0.0610060271	-0.0508472509	-0.0891929552	-0.011345131699999999	-0.027042137400000003	0.0358912431	0.053834321500000004	0.0280589386	-0.0040222413	0.0647491805	0.101780267	-0.0337904277	-0.0803591387	0.0408728484	-0.0146833884	-0.07413192190000001	-0.09475789130000001	0.0682889279	0.0750466927	-0.0998356558	0.0324468248	-0.052791498099999994	0.0337312475	0.0572525359	0.011487283700000002	-0.0329488389	0.0667986114	0.0465565454	0.0563432813	0.0031600056	0.0687277531	0.0221126235	0.1236756129	-0.0415516985	-0.0679689457	0.1140758101	-0.0556855409	0.0475494375	0.0365139681	0.12512836970000002	0.041861968799999996	0.0657561238	0.0961661634	0.0298498592	-0.076769256	-0.0557778737	0.025718449700000003	0.0021935085	-0.0477739197	0.0227112867	-0.0171037019	0.0532067152	-0.1465792565	0.0176085588	0.0890732558	0.014590943799999999	0.1289641815	0.1535456374	-0.0079507093	-0.0819902397	0.05965165190000001	0.0166730516	0.0038111272999999998	-0.0275602638	-0.0150424305	-0.0021425378	-0.0653553599	0.0060115517	0.0023687975	-0.10015518080000001	0.0415669154	-0.0982052158	0.09568032369999999	0.0106508599	-0.0230300473	-0.0343485118	-0.0124179103	-0.021905041099999998	-0.0887230324	-0.0249944812	0.1410133952	0.0685327332	0.0478998344	0.0360500244	0.0016578476	-0.0571446045	-0.073193793	0.0739032614	0.0567569435	0.0034033792	-0.043784022699999994	-0.023880377999999997	-0.0571237421	-0.0856984928	-0.035127183199999995	-0.12058603119999999	-0.0816672315	0.0540306867	-0.0413669585	-0.0745736594	-0.0985863236	0.1283866393	0.0070165322999999995	-0.0232603752	0.0430109745	-0.06317390860000001	-0.0673420901	0.032662716200000004	-0.043132590199999994	0.047112283	0.0813600607	0.0328166588	-0.028222741200000002	-0.011470851499999999	-0.1097503647	0.0582194405	-0.08552480800000001	0.0084152777	0.09864121279999999	-0.0332356944	-0.040318290699999995	-0.0562042179	0.0897578394	-0.0227504805	-0.0697455783	-0.066611	-0.007846100000000002	0.004437025321000001	6.156128521000003e-05	0.21251	-0.002676999999999985	0.0451605001	7.166328999999919e-06	-0.4338	0.024567000000000002	0.18818244	0.0006035374890000003	0.00701648	0.00028047000000000055	7.866342090000031e-08	4.92309915904e-05	0.00302572	-0.0004981199999999999	2.481235343999999e-07	9.1549815184e-06	0.000711818	-0.00011835899999999973	5.06684865124e-07	1.400885288099994e-08	0.0	0.0
5472.607249729285	8.224344057592134	29949430.10978953	67.63983517765104	5471.010099642008	-22.14744800491553	29931951.51038485	490.50945313043695	4496.700113704864	1.2781611954796972	1.6336960416300887	20220311.91259333	4476.588248016084	5233.315483841929	1.318472	29.86342	0.26084495	0.124878	-0.19241622320000001	0.09779475509999999	-0.0543977037	0.0838799252	0.1950667392	0.0361518205	-0.0513342041	-0.051450681500000005	0.1362019683	-0.06418506759999999	-0.0840831026	-0.0797504813	0.0661033255	0.0522054105	-0.056149788	-0.1449477931	-0.0049160405	-0.0162980856	0.0971612102	0.08896197119999999	0.1613778555	-0.0915127542	-0.0408242699	-0.0866392931	-0.0806115189	0.060140281500000004	-0.0460974695	-0.051612583	-0.0072533380000000015	-0.045069800300000004	-0.0633561572	0.0816415321	-0.0699621641	0.0332857501	0.1209686007	0.119054837	-0.0226214848	0.022785654199999998	-0.0769184861	-0.0931615879	0.0399404382	-0.0376380094	0.0921247025	0.012402103999999999	-0.0484647032	0.034022205699999995	-0.0037172445	0.06861638469999999	-0.013987001399999999	-0.0694352065	-0.12159119089999999	-0.0490009895	-0.0971625092	-0.0225548688	0.0545876109	-0.049628216600000004	0.0030244790999999997	0.12479184210000001	0.0316502633	-0.0233345763	0.0694652762	0.021069201800000003	0.0323564587	0.11321183789999999	-0.0406209663	-0.014402368	-0.0436019592	-0.049794258099999995	-0.024736715299999996	-0.0242611952	-0.049722255	-0.0807724606	0.079894449	0.0042519587	-0.038046539	-0.09477254560000001	-0.06999092230000001	-0.027350224700000002	-0.0204512185	0.0169170382	-0.0231174478	-0.0168104281	0.0331504342	0.0464554358	0.0485046311	-0.022016373	-0.0068680805	-0.0721324503	0.0599885141	0.0590378365	0.12452061689999999	-0.007097954	0.1194654387	0.0483049211	-0.0367666243	-0.0086257195	-0.0185024181	-0.042732806	0.0971150501	0.0720638954	0.0940901975	0.08880141679999999	0.1624862527	-0.07602661	0.0647930436	0.0717175129	0.0896361693	-0.0390263301	0.0522060929	-0.060601330999999994	0.004887005	-0.037578150299999995	-0.1077525194	-0.036878753	-0.1106110053	0.0236639248	0.031339453999999996	-0.1479140042	-0.046644251500000004	0.0025941678	-0.07811343700000001	0.0763484726	-0.0480767238	0.0838068821	0.0028821305	-0.0313306264	-0.0465293545	-0.042182509699999995	0.0283580425	-0.06266676339999999	-0.0227452964	0.0450716715	0.1023293913	0.063289956	-0.1030280516	-0.0171615425	-0.0447143826	-0.0594059396	0.0236909784	-0.046763357900000004	-0.06939325730000001	-0.045542183	0.1200635259	-0.0953364267	-0.0212754392	-0.0529995269	0.0485937926	0.05836654400000001	-0.0412049208	-0.052914834400000006	-0.002641403	-0.0292654807	-0.0585456238	0.1282841191	-0.0174276206	-0.1072557781	-0.053314508600000005	0.0321458685	0.065450669	-0.0363165633	0.0291408663	-0.0043442749	0.0008933918	0.0069320743	-0.011521263600000001	0.0050238229	0.0736950625	-0.045846869000000005	0.0421314167	-0.0731576939	0.0032962342	-0.08890382710000001	0.044694787300000004	0.0004175214	-0.0424046609	-0.058105980999999994	-0.1207477217	-0.02010542	-0.0273918233	-0.0880516389	-0.0276450164	0.0328982106	-0.07162459019999999	-0.0414014655	-0.05427300980000002	0.0904248282	-0.027405326600000002	-0.0656703274	-0.126201	-0.05959	0.015926692401000003	0.0035509681000000007	0.222195	0.009684999999999971	0.04937061802499999	9.379922499999944e-05	-0.464929	-0.031128999999999962	0.216158975041	0.0009690146409999977	0.00851166	0.0014951800000000007	2.235563232400001e-06	7.244835595560002e-05	0.00385083	0.00082511	6.808065121e-07	1.48288916889e-05	-0.000176711	-0.000888529	3.1226777521e-08	7.89483783841e-07	0.0	0.0
5482.57605792235	9.968808193064433	30058640.23090337	99.37713679010857	5465.747269399899	-5.2628302421089765	29874393.21295245	27.697382157256822	4502.4971969877615	5.797083282897803	33.60617458885316	20272481.00888265	4482.300505693503	5344.189657486228	1.258033	28.494478000000004	0.14557645	0.0768125	-0.21217150699999998	0.010987406299999999	0.06774541889999999	0.0118269875	0.1815764989	0.0020958463	-0.036529190499999996	0.0801776105	0.046153509599999996	-0.10535244199999999	-0.022021425600000002	0.0380446872	0.0400955952	0.0878380559	-0.0955300726	-0.0171319332	-0.010946551100000002	0.12039612949999999	0.0786412943	0.1406829397	0.1263657325	-0.045106436900000005	0.0628778552	-0.08957909	0.0031071786999999997	0.1453844109	-0.1002036382	-0.0215725264	-0.0959650217	-0.0913706173	-0.0678395902	0.019296408799999998	0.05662011	-0.0155581248	-0.0401179276	0.0482594016	0.0326389109	-0.0148481355	-0.027093698500000003	0.0348386627	0.0280497785	0.008831977900000001	0.10201954380000001	0.0333042397	0.1019329949	0.1208175043	0.15865067	0.0157256296	-0.0064401825	0.0188142284	-0.0986308665	0.039291413399999996	-0.08137398650000001	-0.016554138	-0.0817049874	0.0459986705	0.029689213500000002	0.0527226388	-0.0506000803	0.0256391692	-0.0491796172	-0.0089176947	-0.0869161965	0.1957364578	0.0805467788	-0.10913610970000001	-0.0180820372	-0.053142717400000004	-0.0113212428	0.0308983517	-0.0224911027	-0.0204456589	0.0653378467	-0.020510132	0.019493771599999998	0.0159473131	0.0372562464	0.07573360230000001	-0.0476959807	0.04423918860000002	-0.0856613947	-0.0078708556	0.0394279476	0.0308350076	-0.0377512306	-0.028047975699999998	0.0065513201	0.0639946372	-0.0330256632	-0.0349638083	-0.041972688099999995	0.0216473062	0.059365403899999995	0.0414403572	0.0406544382	-0.0639986545	0.028487881	-0.0372560024	-0.0414573436	-0.0243072508	-0.0189548488	0.1436365684	0.1243975751	-0.0546464996	-0.0486510684	0.0865494015	0.0193468865	-0.0659679173	0.1571032084	-0.050894618200000005	-0.0672022023	-0.0967684444	-0.0479965584	-0.0712834617	0.042293992	-0.0593154794	-0.0673368181	-0.0137456405	0.0407517251	0.010810351599999999	0.0159548298	-0.0373165679	-0.0625251899	0.1123250841	0.0389121158	-0.024291031499999997	0.1067758963	-0.1034514589	-0.12025158720000001	-0.0406599864	-0.0073159854000000015	0.0176573874	0.0963096789	0.014551759899999999	-0.030181479900000002	-0.1588174744	0.0016542726	0.0793451551	0.008241833399999999	-0.0815520353	-0.003748306	0.0096763787	0.0279393065	-0.014728036699999999	0.0678563801	-0.1010169876	0.09177351730000001	0.1341387863	0.0165341905	-0.0969045924	0.0465687266	0.0319727911	-0.0099284339	0.0390010123	-0.0761662296	0.0014511676000000002	0.0249554108	-0.0215612495	-0.0451656076	0.0699141011	-0.0069001716	0.0654349151	0.056346015	-0.0029042240999999996	-0.0301706409	0.0653154447	0.019729452800000002	0.02960022	-0.0416593363	0.0171270898	0.0174035347	0.0500476425	0.06305275889999999	-0.0293437939	-0.0374027664	-0.0348448416	-0.0149802753	0.0479085593	-0.056624980199999994	-0.0258955175	0.0251211312	-0.013260941699999999	0.0445956075	-0.0424774267	-0.0523039779	0.0909500356	-0.0319837892	-0.0613091217	-0.13980200000000004	-0.01360100000000003	0.01954459920400001	0.0001849872010000008	0.190662	-0.031532999999999985	0.036351998244	0.0009943300889999986	-0.461228	0.0037010000000000103	0.212731267984	1.3697401000000073e-05	0.00731507	-0.0011965900000000008	1.4318276281000018e-06	5.35102491049e-05	0.00417607	0.00032523999999999964	1.0578105759999977e-07	1.7439560644899995e-05	-0.00058971	-0.0004129990000000001	3.477578841e-07	1.7056817400100005e-07	0.0	0.0
5486.566012630759	3.989954708409641	30102406.61095499	15.919738575160265	5470.1140217082975	4.366752308398645	29922147.410489727	19.068525722904894	4502.175915926118	-0.3212810616432762	0.10322152057063064	20269587.977945186	4480.985396334264	5380.60056979186	1.6845900000000005	38.156002	0.32688670000000003	0.215074	-0.0303354621	-0.077722417	-0.0275036348	-0.043404203499999995	0.0619536785	0.0071061325	0.0078535345	-0.0460682708	-0.0734898952	-0.044663205899999996	-0.0833741177	-0.087644211	-0.0251017948	0.045545408200000005	-0.0411322098	-0.0695886034	0.0911367779	-0.007560545500000002	-0.0521507983	0.0761015367	-0.0040652987	0.062146404	-0.0092710247	-0.0026721653000000003	0.1063930658	0.078284	-0.0468222878	0.0390611362	-0.0185517576	0.1026600856	-0.11352905220000001	-0.0214061656	-0.07223550299999999	0.042454779000000005	0.07726969360000001	0.012174846000000001	-0.0850313004	0.11392736369999999	-0.031857241200000004	0.0183888343	0.0223529084	-0.0034131008000000003	0.1842743982	0.1061875462	0.0174503355	0.013526834	-0.054359013600000006	0.050717258200000004	-0.0930971966	0.1628243892	0.048074861600000005	-0.0040017076	-0.0181388793	-0.0782843214	-0.0673053815	0.022833222099999998	-0.0846346424	0.0389240234	-0.1165152609	-0.05256539019999999	0.025753729700000002	0.1105486625	-0.0727080639	0.0027648289000000003	0.017996583400000002	-0.0692563888	-0.1072254392	-0.06374668879999999	-0.0710624492	0.023790037000000003	0.017694333700000002	0.0695839032	0.0191072325	0.012910171699999999	-0.059768691	-0.0766576998	-0.0397068998	-0.0827209709	-0.028470904300000002	-0.0388310195	0.1397329347	0.0809974244	-0.0089386585	-0.0654468639	-0.0541697978	-0.0339612344	0.0201026771	0.0425302568	0.1118107309	-0.0650137065	-0.012019818600000001	0.0308789882	-0.0950028894	0.057081789699999996	0.019318076	0.1102885473	-0.0700520679	-0.024427443700000002	-0.0039673351	0.0391346058	0.0268777891	0.0763782313	-0.0011965106	0.0715825079	-0.0060038251	0.012368309	-0.10050203490000001	-0.011911316399999998	0.0927829614	0.0364882157	-0.0240701927	0.0869456894	-0.15169892880000002	0.0134243892	-0.033158488199999996	0.0756340011	0.0863781975	-0.0069556908999999995	-0.0079438165	0.114567895	-0.0949347203	-0.049205814900000006	-0.07238582219999999	0.1297473412	0.0667621792	-0.0845862193	0.014043458500000001	-0.005462335	0.051379023600000004	-0.054220049699999995	0.0905711175	-0.13461802650000002	-0.0130797597	-0.1347004957	0.04662421059999999	-0.1206312311	-0.0494543304	0.027832888700000002	0.0554353782	-0.0099742451	-0.048506355300000005	0.0450990876	-0.0274635069	-0.1338463273	0.0757745782	0.005370685500000001	-0.0136651381	0.0787501157	-0.0523842148	-0.0956805387	-0.050058744800000006	0.09737755960000001	0.0045849086	-0.0456232326	-0.0261393201	-0.0047217342	-0.0548055384	0.075666923	-0.0160408012	-0.053935911100000004	0.0675606148	-0.0618838143	-0.1176663606	-0.0197539897	0.0159819301	-0.0295651555	-0.1319406606	0.0230443202	-0.045197946399999994	0.041353967799999995	-0.13495369699999998	-0.009093858	-0.0429446792	-0.0275466543	0.08930146679999999	-0.0320106675	0.0085236918	-0.08784095480000001	0.0886465075	-0.07004420809999999	-0.0102677965	-0.0194791962	-0.0350887404	-0.0435459867	-0.0502984945	0.09133263800000001	-0.0364731072	-0.0566809517	-0.137717	0.0020850000000000317	0.018965972089000003	4.347225000000129e-06	0.105826	-0.084836	0.011199142276	0.007197146895999999	-0.466201	-0.004973000000000061	0.217343372401	2.4730729000000603e-05	0.00354138	-0.00377369	1.4240736216100003e-05	1.25413723044e-05	0.00403307	-0.0001429999999999999	2.0448999999999967e-08	1.6265653624899994e-05	0.000193454	0.0007831639999999999	3.7424450116000013e-08	6.13345850896e-07	0.0	1.0
5481.283967033654	-5.282045597105026	30044473.927260194	27.900005689896577	5492.401148968402	22.28712726010417	30166470.38118942	496.7160415080784	4496.392758745405	-5.7831571807128075	33.44490697683009	20217547.84089812	4476.815883372705	5294.175662870226	1.213756	27.491604	0.1652711	0.105378	0.0200400736	-0.046841315300000005	-0.11802326	0.0428259158	0.0498957221	-0.0906836349	-0.028570170699999998	-0.10530051800000001	-0.0308688754	-0.0107274698	-0.0061570692	-0.093329139	0.0256102104	0.008987515699999999	-0.0121769375	0.0946139846	-0.1102456716	0.0615463538	-0.0955608757	-0.0212283551	-0.046412921399999994	0.022911487400000003	-0.0845110875	0.0691096254	0.0585061111	0.1625713897	0.0099318132	0.0262972744	-0.1270109141	-0.019897508600000002	0.0435951751	0.0901563195	-0.07063828230000001	-0.0640798762	0.0287538429	-0.18718617710000002	0.023491390600000002	0.0755785174	0.1418550526	0.14861901789999998	0.0155643358	0.054083970700000004	0.047768010199999995	0.031996599	0.0370122126	-0.0230995248	-0.0169865006	0.1012673733	-0.1180649621	0.0196132097	-0.09949254269999999	0.0639358085	0.0433456792	0.0635216162	-0.0099594076	-0.003095986	0.09061704460000004	0.0049446026	-0.0883888927	-0.09840721179999999	0.1226464318	-0.0427839566	-0.0222694653	0.0059263601	-0.052126791799999996	0.0545765352	-0.1343519592	0.0618163866	0.00034454410000000005	-0.0026409863000000002	0.0072459662	-0.0198266799	0.0356213319	0.0695203642	0.0165253099	-0.0307257786	0.0684353031	0.0210864139	-0.0411824712	0.0522435742	0.032265729300000004	0.0637068294	0.0637771001	-0.074490279	-0.1271099244	0.0039189127	0.0013482184	0.0046332269	0.0335891428	0.0433908014	0.0404616277	-0.0401123442	-0.0680538311	-0.0602435813	0.0758950424	0.10619331580000001	0.0089687299	0.0068765922	0.022837598799999997	0.0558144271	0.0296273533	-0.0271657934	-0.042589725	0.0421545797	0.0805412566	-0.0670582443	-0.0571158015	-0.11822827150000001	0.09675356019999999	0.0179640922	-0.12599471240000001	-0.0564030867	0.0630589651	-0.0392956102	-0.1248275516	-0.0034196589	0.1376751125	0.1816577184	0.11556858730000001	0.0720159625	0.0323324998	-0.10674680869999999	-0.0136758249	-0.0271388979	0.0581717897	-0.011498346100000001	-0.007742948	0.0655597304	0.0339404348	-0.11498704380000001	0.0628199368	-0.006756001899999999	0.0842140451	0.0056377499	0.0838408591	-0.009887093100000001	0.1114390034	0.0726047117	-0.0754601429	-0.0088461216	-0.0255372918	0.1050432339	0.0979399566	-0.06323977929999999	-0.0795794547	0.0107143084	-0.0042411984	0.0806729205	-0.1024234941	0.0378488465	-0.0457294734	0.0643540475	-0.026792717999999997	-0.0076700012	0.040729771899999996	-0.0577083971	-0.08864293029999999	-0.0704285492	-0.1112944034	0.0312532155	-0.040530468300000004	0.044143518799999996	-0.0775638607	0.0306193769	-0.06391733150000001	-0.0658910705	-0.08566450449999999	0.0478145101	-0.0260397352	-0.0299393594	-0.021486085	-0.0531730654	-0.0421942015	-0.0280573991	-0.0394199803	0.0074888271	0.0966055023	-0.10530946070000001	-0.015049802099999999	-0.0006004302	0.0377710807	0.049805537000000004	-0.0399938379	-0.04460695940000002	-0.0482579572	0.0915720357	-0.0408607681	-0.051805970199999996	-0.127929	0.00978800000000002	0.016365829040999997	9.580494400000035e-05	0.00670665	-0.09911935	4.49791542225e-05	0.009824645544422502	-0.466392	-0.00019099999999999676	0.21752149766400006	3.648099999999875e-08	0.00304858	-0.0004927999999999998	2.428518399999998e-07	9.2938400164e-06	0.00369889	-0.00033417999999999984	1.1167627239999993e-07	1.3681787232099997e-05	0.0004899290000000001	0.00029647500000000004	2.400304250410001e-07	8.789742562500002e-08	0.0	0.0
5489.320229641189	8.036262607534809	30132636.583548	64.58151669726216	5456.5083152749185	-35.892833693483226	29773482.99466433	1288.2955105480444	4497.347187100688	0.9544283552822891	0.9109334853668551	20226131.72132247	4477.416073942455	5389.414081488926	1.2035049999999998	27.259399	0.19818699999999992	0.0951779	0.0479376095	-0.0949498142	-0.031178466000000002	0.1751940823	-0.0033602593	-0.0697379511	0.038841175299999996	-0.0511356679	0.1057920912	-0.0413111028	-0.0624104279	-0.007161626	-0.0253789059	-0.07465167019999999	-0.0435608672	-0.0129339721	0.124214033	-0.0682646724	-0.0733874174	-0.043957675300000006	-0.0779036752	-0.0689994492	-0.0147670023	0.1121293914	0.1000473775	0.09795439310000001	0.0358675932	0.1175249757	-0.0345401003	-0.0090578719	-0.033526006000000004	0.133165013	-0.0574109471	-0.110356262	0.10281269230000001	0.0063486997	0.0472757049	-0.0367351854	-0.1348844241	-0.052135147300000004	-0.043691525	-0.0724504434	0.0008360800999999999	-0.0441049351	0.1359615956	-0.0930505566	-0.0485583195	0.042360285899999996	-0.2305413721	0.0341937479	0.0006995929	0.0716845089	0.1110815283	-0.1267027447	-0.0696531482	0.0028157853999999996	0.0771650026	-0.0333566026	-0.0570724968	-0.019334011	0.038622313	0.0261378181	-0.0191614801	-0.059401578	-0.0959886125	-0.0338142695	0.008334026	-0.0613428105	-0.025884171400000003	-0.0238706411	0.0615940712	-0.0779539452	0.0262975631	0.0433200788	-0.028223129399999998	-0.07650861190000001	-0.0995097428	0.0177830846	0.0976487425	-0.0434337474	0.0189065134	0.023088942	0.0656868217	-0.0586219313	0.0536358042	0.059921815999999996	0.10658701970000001	0.0320049854	-0.12454370279999999	-0.0091665271	0.0130803121	-0.0794922515	-0.0699485236	-0.0790963128	-0.1299083633	-0.0754461359	0.0301969414	0.0718053402	0.0463327773	-0.09752790439999999	0.0140655037	-0.045326089699999995	-0.07735043280000001	-0.0672420139	0.035390936	-0.0998507168	-0.104103343	-0.0759355013	0.0588854488	0.1448361716	-0.0398148544	-0.0143218463	-0.0640778273	-0.0478013871	-0.1450910216	-0.11672640210000006	0.0489747189	-0.06721223650000001	0.0052769413	-0.1454358081	-0.0981224226	-0.0047389170000000005	0.0317386884	0.0210792752	-0.0376503828	0.05698254570000001	0.0949730332	0.1412608565	0.0455000237	-0.09845637130000001	0.17015166780000002	-0.0037223468	0.026035840299999998	-0.0250671066	0.18537900870000001	-0.034997407	-0.058609739	0.0784859178	-0.0969803	-0.007961011899999999	-0.008011876999999999	-0.005580336	-0.0459951313	-0.0141716779	-0.030903876	0.062026215499999995	0.0108858283	-0.0322444144	-0.0361559732	-0.06441747440000001	-0.0036350422	0.025720633	-0.1001193221	0.011325221699999999	0.0144076213	-0.1105934975	-0.0781756228	0.045639718600000004	0.0955093586	-0.0041585637	0.0081555898	-0.1303053206	0.031839628599999996	-0.047075761699999996	-0.0828122855	-0.0730534016	-0.023505704900000004	-0.0579804735	-0.11451382269999999	0.0084817872	0.0905268234	0.0529601628	-0.0903005117	0.0139343659	-0.0011119978999999999	0.11808111789999999	-0.07852359769999999	0.062898503	0.0049807188	0.0989256998	0.0151047548	0.086061377	0.027238479	-0.04566016	-0.0461837883	0.0916678532	-0.045134542699999995	-0.0467054048	-0.12191	0.006018999999999997	0.014862048099999997	3.622836099999996e-05	0.0533366	0.04662995	0.00284479289956	0.0021743522370025	-0.4224350000000001	0.04395699999999997	0.17845132922500004	0.0019322178489999968	0.00195599	-0.00109259	1.1937529081e-06	3.8258968801e-06	0.00328756	-0.0004113299999999997	1.6919236889999973e-07	1.08080507536e-05	0.00101763	0.000527701	1.0355708169e-06	2.78468345401e-07	0.0	0.0
5480.810799575321	-8.5094300658684	30039287.020741466	72.41040004590509	5468.22835176325	11.72003648833197	29901521.307027437	137.35925528783278	4500.998179580188	3.6509924795000184	13.329746085365697	20258984.612584166	4481.126098946272	5425.36463360081	1.197187	27.116312	0.12132523	0.0695277	0.09013572310000001	-0.128750347	0.076178407	0.0807344383	-0.019944925	-0.059115263099999996	-0.0275678938	0.060008441399999994	0.03285337	-0.0744382398	0.0382522032	-0.032602806	0.0077087147	0.029853460699999997	-0.051685465199999996	0.1318243268	0.025453375	0.0143978389	-0.0173575528	-0.0195199284	-0.1105324004	-0.0153352051	0.0880844489	0.11366106769999999	-0.034779665099999996	0.12087933949999999	0.0740722147	0.0459466614	-0.021539994700000002	-0.0064555075	-0.0356140258	0.1069948034	-0.033576657999999995	-0.0958243684	0.0099167984	-0.1266822926	-0.039569076099999996	0.038569397799999995	-0.0458735609	0.0203596953	0.0533943868	-0.0184435061	-0.0699167226	0.0057502757	0.0881531888	-0.07036677849999999	0.0547790329	-0.0595151185	0.02414258	-0.0288028735	-0.0028567817	-0.0091078856	0.0656617624	0.0439251127	-0.0171559007	0.027649545499999997	0.07844356799999999	-0.011716751200000002	-0.0232320655	-0.0471415607	0.09385422800000001	0.0833445687	-0.0887995483	-0.0519030571	0.0883394918	-0.1191801105	0.1352396507	0.0807102083	0.0312720239	0.0094227945	-0.0281750483	0.0295601783	-0.0238199671	0.0336677585	-0.06889582799999999	0.021633287	0.0362272161	-0.0625912321	0.0671785793	-0.07678322139999999	-0.050398367400000005	-0.0371705771	-0.06270362480000001	-0.1578855992	-0.09927112130000001	0.1122622958	0.0039342627	-0.1093958159	-0.051855886600000005	-0.0161818421	-0.0685591643	0.1208157758	0.0195038261	0.0126942845	-0.0264341919	0.027498786299999998	0.0370827142	-0.031789193	0.0140141448	0.0808805168	0.0015066543	-0.0173419168	-0.1125172876	-0.029766053599999998	-0.0786980539	-0.102987118	0.016288022	-0.1332336963	0.0031586641	0.061939563899999994	-0.015144797	-0.0238864908	-0.0030153353	-0.0415796375	-0.0834064326	-0.0688523523	0.0733385492	0.1147786916	0.0062653933999999994	-0.0260127222	-0.08956061650000001	-0.0625813884	-0.013915852900000001	-0.042491681100000005	-0.0361849896	-0.010822301299999998	0.0519603696	0.0692757463	-0.0827814445	0.0468690435	-0.0399715314	-0.06272584839999999	-0.0345153296	0.0715670283	0.033007048399999996	0.042757039299999994	0.0472702734	0.1227293906	-0.100685938	0.0148574536	-0.037528607	0.0066328259	0.0087500561	-0.0490934966	0.1340612345	0.040646479900000004	-0.0174632426	-0.0795459952	0.14061594970000002	-0.0067911683	0.1158833957	-0.005741850600000001	0.0031877381	0.0061291973	0.0260003961	0.1201698038	-0.059310718	0.0055773478	-0.07297447650000001	-0.08480290830000001	0.0170185477	-0.027327750699999997	0.1378439068	-0.0386402224	0.0199746239	-0.1360178011	-0.0722845431	0.0939672092	0.0132896601	-0.0885774889	-0.0343959581	0.0811838275	0.065963693	0.0795245741	0.0289293017	0.0687487884	-0.0039877456	-0.0557474013	-0.0421911612	-0.0216642165	0.030493180099999996	-0.07252440610000001	0.0015328829999999999	-0.0467054048	-0.044077433099999994	0.0916199402	-0.049282519299999994	-0.0414014655	-0.10258	0.01933	0.010522656399999998	0.0003736489	-0.00885863	-0.06219523	7.847532547689999e-05	0.0038682466347529	-0.409689	0.012746000000000035	0.16784507672100002	0.0001624605160000009	0.00178715	-0.00016883999999999996	2.8506945599999988e-08	3.1939051225e-06	0.00297053	-0.00031703000000000026	1.0050802090000015e-07	8.8240484809e-06	0.00107284	5.5209999999999975e-05	1.1509856656e-06	3.0481440999999974e-09	0.0	0.0
5479.392595741795	-1.4182038335256948	30023743.21827001	2.0113021134269764	5459.056869820862	-9.171481942388711	29801301.907938346	84.11608101956217	4492.155496978206	-8.842682601981323	78.19303559938321	20179461.00903152	4472.173368101704	5423.118096908381	1.078974	24.438774	0.04025673	0.0232693	0.10834060039999999	-0.1376724654	-0.013781817	0.0039441518	-0.0329258169	0.045054276799999994	0.0068853069	-0.0384128685	-0.0863408451	-0.0900715541	-0.0158651079	0.0039971686999999995	0.0247959295	-0.0251687304	-0.043501732300000005	0.0104958729	0.1437974553	0.0278425225	-0.0319064275	-0.0688873335	-0.0603908721	0.045017927	0.033258611800000004	0.11866158449999999	-0.0114384581	0.053716529400000004	0.0832875362	0.0068503363	-0.10292515619999999	0.0939488024	-0.0390091849	-0.0009549646000000001	-0.06178588860000001	-0.0618761186	0.08449358789999999	0.0211136236	-0.0311945329	-0.09113277310000001	-0.0663442971	0.0077150439	0.0607505643	-0.07466175929999999	0.0748043322	0.0027835896	0.1137859141	-0.057378842699999995	-0.004861821	0.0308899661	-0.06047214	-0.1318734174	0.1058870678	-0.034873219500000004	0.0350914061	-0.0028905957	-0.1177846618	-0.081126291	0.112117022	-0.0573272074	0.09166455960000001	0.0011394524000000001	0.04705713809999999	-0.0409201456	0.1022228005	-0.0015801095	-0.0076340261	-0.0285324889	0.0124774539	-0.010818463700000001	0.0154473823	0.0470333046	-0.1450682463	-0.038407486	-0.0208258035	-0.1427000676	0.1111132575	0.138274595	0.1113772441	-0.0312266438	0.0564852676	0.09236972369999999	-0.07359947309999999	-0.029748473900000006	-0.0199838541	-0.00605931	0.119364724	-0.099134789	-0.056597967199999995	0.0228289654	-0.0844288491	0.0445518009	-0.0208089548	-0.0095660889	-0.058968748700000004	-0.0263956979	-0.0465890317	-0.030251150499999997	-0.0631693683	-0.060815934	0.0219317704	0.019957155	-0.0595485	-0.06730162	-0.060991790199999986	0.0405936013	-0.0536531166	-0.11225942050000001	0.0025946473	-0.0679599006	-0.0339714384	0.0414297983	-0.1264351139	0.08707040880000001	-0.07539163389999999	0.015229338200000001	-0.0657990575	-0.0358052325	0.0625159166	-0.057115125999999995	-0.0338331693	-0.0827073629	0.0028606668	-0.0524128383	-0.07919110389999999	0.08815017259999999	-0.0165576812	-0.0138910282	0.045722724000000006	0.1128521368	-0.0005010514	-0.0613395615	0.0520505937	0.023519300299999997	-0.13800306539999999	0.0913957432	0.0406742486	-0.039523884100000004	-0.0082947837	-0.0668185979	-0.1616978527	-0.0039630458	0.050537154	-0.1174957626	0.0253456588	0.0086653955	-0.0930609902	0.0246420408	-0.044346574699999995	-0.009586858	0.053609141500000006	-0.0382753671	0.0440379763	-0.0217211602	0.05878633530000001	0.12072534539999999	-0.0021688014000000003	0.0576436018	0.18576932510000002	-0.0720403952	0.00026780419999999997	0.015304492	-0.12347589449999999	0.09834004130000001	0.0465343983	0.0718103951	-0.0437753695	0.0365408638	-0.009376101	-0.0910287611	0.052566771500000005	0.0531526363	0.1241696118	0.0201393401	-0.049091815899999995	0.0396851718	0.048762157699999996	0.0538060731	0.0268112662	0.0088730963	-0.0141270109	-0.060025744299999996	-0.0857624024	-0.0221283894	0.0524765861	-0.047742511900000006	-0.0419403596	0.091428372	-0.0532931366	-0.035917247799999996	-0.104899	-0.0023190000000000155	0.011003800201	5.3777610000000716e-06	-0.00906136	-0.00020272999999999992	8.210824504959999e-05	4.109945289999997e-08	-0.402187	0.0075020000000000095	0.16175438296900002	5.6280004000000136e-05	0.00221475	0.0004276000000000002	1.8284176000000018e-07	4.905117562500002e-06	0.00287029	-0.0001002399999999997	1.004805759999994e-08	8.238564684100001e-06	0.00114966	7.682000000000001e-05	1.3217181156000002e-06	5.901312400000002e-09	0.0	0.0
5471.591474429511	-7.8011213122836125	29938313.263049714	60.8574937289656	5440.642882585988	-18.41398723487327	29600594.97583357	339.07492588607585	4494.556180466593	2.400683488386676	5.763281211412419	20201035.25937045	4474.71895439075	5365.582020239434	1.055464	23.906282	0.11714554	0.0646031	0.1340200832	-0.112336973	-0.0393851558	-0.017428416699999998	-0.06439468429999999	-0.0346007917	-0.0282263405	-0.0448205863	-0.0727368567	-0.0195480055	0.0373384287	0.0101453733	-0.0492927247	0.017297786699999998	-0.0407117133	0.1677255704	0.1258420358	-0.0369157204	-0.024441323100000002	-0.0675882272	-0.10494662390000001	0.10826088810000001	0.0624785646	0.15204270960000002	-0.1000328383	0.018933646499999998	0.0385322768	0.0525830112	-0.1103648349	0.053200190300000005	-0.0231121702	-0.0466937257	-0.17323661129999998	-0.0089495114	0.0201855648	0.1625206192	0.0609044396	0.0061081052	0.0389239302	0.058436690300000003	-0.0797594613	0.0381418136	0.043680932900000004	-0.0547821077	0.0255985636	0.0447265878	-0.036450246400000004	0.0206477428	0.07306018639999999	0.0351338317	0.0248899983	-0.0632624772	-0.0276149189	0.12949144880000002	0.0459071795	0.0170431365	-0.1027041777	-0.0550112201	-0.010672290400000001	0.000955749	-0.0406094606	-0.0259692726	0.0175876175	-0.1153873521	0.0397128301	0.059657179299999995	-0.0163489444	0.08153961309999999	0.073882969	0.0585745525	-0.1050859542	0.015873298600000002	0.0650182546	0.013553147199999999	0.0776272159	0.0200117408	-0.13676686400000002	0.0289894535	0.017867081	-0.030791053999999998	-0.027580266800000003	0.061952289	-0.027757912000000003	-0.0098225452	-0.047552811699999996	0.0796539423	-0.0496834853	0.085585925	-0.1677615089	0.0497478732	0.0291429622	-0.0767436419	0.049878562800000005	0.0098476086	-0.012851497	0.0525102093	0.0250854311	-0.047791185800000004	-0.1041892672	-0.0331391983	0.0726899275	-0.0675504328	-0.1021940343	0.1020152718	-0.0829730219	-0.1581835334	0.09345068210000004	-0.0327645169	-0.013910923200000001	0.0648732265	-0.10789839789999996	0.0309278879	-0.0722340547	0.0814071141	-0.1217910718	0.0444044558	-0.0579248908	-0.11547682140000001	0.0689804963	0.0756674329	0.0802965712	-0.0092139496	0.06448958190000001	0.049204665	0.0534095376	0.0584057168	0.0442645272	-0.05065861	0.0383350577	-0.00264502	-0.0154743143	-0.0636799658	-0.0072688516	0.0045915468	-0.0719045135	0.0403207275	0.0955750445	-0.042807513600000006	0.08863390289999999	0.0821201226	0.043598793200000006	0.0084567745	-0.065662064	0.0080255882	0.0156800068	0.0071648799	-0.1180835636	-0.0016537017999999999	-0.0262935144	0.1115333444	0.05571455	-0.021432714	0.1156957576	0.0483756611	0.0113139784	-0.039664322599999996	0.030595833700000002	-0.09960778449999999	0.0441474659	0.0837072217	0.0925735695	-0.0227616205	0.0153397458	-0.0774451962	0.0203244861	-0.07255025849999999	-0.0552348466	0.08993025240000001	-0.027494229300000003	0.0464718765	0.2073423954	0.024626679	-0.003382463	0.0702422034	-0.019577923	-0.033881515	-0.0716966464	-0.0921741985	-0.0581999946	0.0235778657	0.08163752099999999	-0.0061280764	-0.044404457300000005	-0.048771300499999996	-0.039774057200000004	0.09109344890000001	-0.057155216399999986	-0.030276632	-0.107104	-0.0022049999999999847	0.011471266816	4.8620249999999325e-06	-0.0481594	-0.03909804	0.0023193278083600004	0.0015286567318416	-0.378101	0.024086	0.14296036620100006	0.0005801353959999997	0.00141239	-0.0008023600000000003	6.437815696000004e-07	1.9948455121e-06	0.00297103	0.00010073999999999976	1.0148547599999954e-08	8.827019260899999e-06	0.00101763	-0.00013203	1.0355708169e-06	1.74319209e-08	0.0	0.0
5497.047871053491	25.456396623979344	30217535.296653714	648.028129077347	5479.418080570865	38.77519798487629	30024022.501686897	1503.515978766354	4504.858848161577	10.302667694983938	106.14496163326565	20293753.24185965	4484.914718052165	5399.159190986602	1.248656	28.282072	0.15290220000000002	0.0798457	0.1045549357	-0.12125238349999999	-0.012291105	0.09211745210000001	-0.0658823166	-0.050205664000000004	-0.1620476903	-0.083363046	0.0512771435	-0.0474484154	0.0307369011	0.0002867985	0.0299339951	-0.0761207869	-0.1000079275	0.1431509497	-0.0016526396	0.0483318347	-0.0750121022	0.025104699100000002	-0.1061743985	-0.052436895899999995	0.021381637599999996	0.13955241359999998	-0.1420659711	0.1133780322	0.0136518034	0.1564001162	-0.0950868559	0.1300142527	0.0144670624	0.0020402798999999998	-0.014935036100000004	-0.0043508492	-0.17711689320000001	0.0587907143	0.0463915318	0.0025415811	0.09444742730000001	0.0253101213	-0.0188640831	0.037844237200000005	-0.1308802863	0.030659324100000006	-0.07985611599999999	0.092097854	0.00047878440000000003	0.04921093940000002	0.0453522466	-0.0215091317	-0.0146969793	0.017362663100000002	-0.052104064299999996	0.0218456504	-0.013453864099999999	0.0187684949	-0.0229311621	-0.12229545	-0.053748852400000005	-0.0209091593	0.0619390671	0.005398784300000001	0.028177231299999998	0.006826078	0.12239589210000001	-0.0838206443	-0.0204907187	-0.0990615683	-0.1117042444	-0.0752681497	-0.0637078421	-0.0308216729	-0.06778151980000001	-0.0434860028	0.023876633799999998	-0.0033717226	0.0796969911	-0.0672517872	0.1252557022	-0.021290234900000003	0.0974915977	-0.0783479737	-0.0822643443	0.024216092999999998	0.0892947739	0.1140032884	0.0329148538	-0.037945735099999996	0.08931425429999999	0.0637694608	0.0857144232	-0.0318365213	-0.010778435500000001	-0.043340513899999995	0.15807942	0.0191222207	-0.0122978313	-0.07365481900000001	0.058731026799999995	-0.0505069939	0.1194369075	0.023753088999999998	-0.1056154774	-0.038586705299999996	-0.0121319103	-0.14988563	0.1429042439	-0.096340966	0.0791625931	0.15833593880000002	-0.0869852166	0.1266854833	0.0339941598	0.0086305531	0.0042288286	-0.0093518107	-0.1599585753	0.0792448524	0.024529174900000002	0.0880705919	0.10586641150000001	0.0255206056	0.0477630266	-0.10169225380000001	-0.0492485521	-0.0158116308	-0.0446848986	-0.1139308228	-0.0082622587	-0.0271435233	-0.0494485151	-0.011264726599999999	0.0001777514	0.0221628811	-0.058509457699999996	-0.0353374102	0.016923734699999998	0.0454937666	-0.0358954775	0.0642099879	0.1001947772	0.0320493851	0.0168225599	-0.05768141900000001	0.031529163	-0.0745018654	-0.1147797941	-0.0194808288	0.06788357219999999	-0.1402113994	-0.09095553210000001	-0.002867653	-0.0577996102	0.034373984100000005	0.0387724568	0.0613729101	0.08852529029999999	0.05779421940000001	-0.062867673	-0.0895757951	-0.10622479160000001	-0.115937519	0.0131534509	0.0012483757000000002	0.06151138690000001	-0.102642815	0.06291908709999999	-0.036163022	-0.0020827335	-0.0194738666	0.0073475465000000005	-0.1302534567	0.0172921683	-0.0020767629999999997	0.0287085123	-0.07026177410000001	0.11075913289999999	-0.0171090577	0.0001847534	-0.0965328666	-0.09082298230000001	0.0811323135	-0.082722907	-0.0497915913	-0.0375800356	0.09061569609999999	-0.060857994400000004	-0.024504179700000003	-0.122153	-0.015049000000000009	0.014921355409	0.00022647240100000018	-0.0783225	-0.030163100000000005	0.006134414006250001	0.0009098126016100004	-0.442804	-0.06470299999999995	0.196075382416	0.004186478208999994	0.00186874	0.0004563500000000001	2.0825532250000012e-07	3.4921891876e-06	0.00280414	-0.00016688999999999983	2.7852272099999946e-08	7.8632011396e-06	0.0007811279999999999	-0.0002365020000000002	6.101609523839998e-07	5.593319600400009e-08	0.0	0.0
5501.017480775507	3.9696097220157753	30261193.3237977	15.75780134512216	5422.00162063081	-57.41645994005466	29398101.57412313	3296.649872047902	4512.757497949342	7.898649787764952	62.38866846975933	20364980.235298004	4491.58112729807	5642.4228859734585	1.404792	31.818565000000003	0.14018409999999998	0.07799249999999999	0.06517188980000001	-0.2332498614	0.032051435	0.1163152165	-0.0573372061	0.0936687917	-0.0016811173	0.0565577002	-0.0221937723	-0.0507898838	-0.17837456	0.2794149975	0.0582102916	-0.1351085993	0.1259068069	-0.1012623318	0.09929009949999999	-0.0862957758	-0.10445463279999999	0.1318656328	-0.1784423318	-0.07513327610000001	-0.004352349	0.10392803130000001	-0.0235286268	0.0284654438	0.1176475584	0.0676454482	0.0878661666	0.0131351531	-0.1302464472	-0.0490713681	0.0157930827	0.0197169713	-0.0376422043	-0.1089999528	0.1396570341	0.0330556492	-0.0240511448	0.09040559390000001	-0.0038549540000000003	0.1061175602	-0.0131601054	-0.0202997747	-0.0733863968	0.0318354702	-0.0766420484	-0.06323723049999999	0.052404611399999995	-0.06215279	-0.008906398000000001	0.0503267106	-0.0803679346	-0.102391605	0.0012282321000000001	-0.0004765943	-0.0652568282	-0.0137495358	0.0025124544	-0.0742003573	-0.0653570825	-0.0135514282	-0.0172763597	0.05792080700000001	-0.1263265792	-0.0379454855	0.0299916767	-0.0358572707	-0.05114288559999999	-0.032577406499999996	0.0476005254	0.0028655489	-0.10325185490000001	-0.029432501899999998	0.1493904586	-0.0439169247	-0.134842494	0.0964737955	-0.1143143618	0.0606573962	-0.07383769	0.104592412	-0.051900746500000004	0.028092922700000002	0.08969374220000001	0.0614274338	0.0063549159999999995	0.036438050699999995	-0.059930480999999994	0.0436012393	-0.061696220499999996	0.047590784299999994	-0.0219431518	-0.2066960495	0.0259306545	-0.1060219988	-0.06483034230000001	0.041857929700000004	0.016990817	0.09718434570000001	-0.0284575283	0.1302101215	-0.1828329968	-0.0651069151	0.026721332900000002	-0.1024862729	0.0050175359999999995	-0.0977052333	-0.0808578829	0.0942091492	0.09881769800000001	0.0232493447	-0.09592741560000001	-0.0032898988	0.0744657795	-0.0155015884	-0.024140610299999997	0.0701721153	0.166505454	-0.021835168500000002	0.0030799053	-0.07961919690000001	0.023767525499999997	-0.1019508315	0.0720476307	-0.0020400966	-0.061552938099999996	-0.056089561100000004	0.0884734435	0.067209853	-0.0122053731	0.1182827994	0.0023863593	-0.022979134100000003	-0.06506040980000001	-0.031251806800000004	-0.0680787473	0.0242414075	0.012112931499999998	0.0769118285	-0.056822977999999996	0.0645983872	-0.0366203686	0.057344697699999995	-0.0140416895	0.0081844859	0.1093892453	0.0418497493	0.042930591399999996	-0.0942514183	-0.0375866478	-0.0318560666	0.0298931243	-0.0432304693	0.1073125265	-0.1502319363	0.0902725225	0.048703360300000005	0.1170841673	0.10906011869999999	0.0986803265	0.1350805812	-0.036251369900000004	-0.0473053386	0.0567687163	-0.0030091263	0.0075297364000000006	-0.0786158696	-0.0380621208	0.047068612999999995	0.0762459776	-0.0027043401	0.0064447644	0.0062747637	-0.0724098935	0.18871744920000005	0.0909267982	0.0728567933	0.0178922617	0.0385175523	-0.0832107992	-0.0281949577	-0.0168690375	-0.050803206600000005	-0.0353598238	0.0899958625	-0.0643911502	-0.018625026399999998	-0.116466	0.005686999999999985	0.013564329156000005	3.234196899999981e-05	-0.0154765	0.062846	0.00023952205225	0.003949619716	-0.4054	0.037403999999999986	0.16434916	0.0013990592159999994	0.00148645	-0.00038229	1.461456441e-07	2.2095336025e-06	0.00287029	6.615000000000006e-05	4.3758225000000085e-09	8.238564684100001e-06	0.00101763	0.0002365020000000002	1.0355708169e-06	5.593319600400009e-08	0.0	0.0
5460.676043534909	-40.34143724059777	29818982.852436066	1627.4315586370885	5462.522809305544	40.52118867473382	29839155.44218333	1641.9667316133764	4502.388534162273	-10.368963787069333	107.5154100175552	20271502.512555894	4482.541463708889	5477.307088296719	1.397441	31.65206	0.1898016	0.101208	0.0933412094	-0.1193802066	0.016297307900000002	-0.0696014805	-0.060599752699999995	0.1811676502	-0.0196823397	0.075507095	-0.1441795875	0.08562931189999999	-0.10095373699999999	0.0553323194	0.0180736858	0.23152180039999998	0.057652243099999986	0.1616855555	0.1675452693	-0.058004893700000004	-0.0673120826	0.0713710554	-0.1108451381	0.0906870159	-0.015078371200000001	0.1108273163	0.0011193111	-0.10477251789999999	0.0646886762	-0.1313842808	-0.1230705666	0.12891671429999998	0.030067576600000007	-0.018705959299999998	0.0302493423	0.0107284857	0.0057831859	-0.0173665891	-0.08601868509999999	0.060781515700000004	0.0584976762	-0.0127389139	0.10271046519999999	-0.0312845181	-0.1363346391	0.0356171514	0.058989890499999996	0.1103297469	-0.054882446200000004	0.022196396099999998	0.0292046044	-0.0554022392	-0.0519598146	-0.12213275050000001	-0.0579600919	-0.08767307380000001	0.0140242002	0.015878182	0.017476844499999998	0.0357041039	0.010568330800000001	0.0391310133	-0.015482490900000001	0.1416878934	0.0332177067	-0.0869914728	0.041407459199999996	0.0215976692	0.0543038789	0.0664587591	-0.018463546100000002	-0.010244545	0.0175243463	-0.023130897799999998	-0.0388232098	-0.0224044484	0.042144120599999994	-0.1196455455	0.0049354864	-0.11864149	0.0324895504	-0.09422007310000001	-0.09386447210000001	-0.0611761737	0.140176098	0.040321869100000005	-0.0015790882999999999	0.0064704694	-0.024903375800000002	-0.1088151913	-0.0043012148	-0.039764278300000004	0.0522430308	-0.09322300789999999	0.07053898089999999	-0.0342358662	-0.07267209919999999	-0.0007694794	0.0702112543	0.1715001794	-0.162716508	-0.0209817977	-0.069765962	0.0725781312	-0.1093919293	0.0860897767	-0.023476101699999998	-0.1224688751	-0.0102848847	0.06584076009999999	-0.1225735575	-0.100242154	-0.1600726278	0.1263556298	0.04497654	-0.0089175242	0.0325514631	0.0336962685	0.0588996123	0.028903239700000007	-0.0466875618	0.0828924823	-0.0091630025	0.0163683165	-0.0751063512	-0.09965249080000001	-0.106767117	-0.0405881697	0.0715523142	-0.05951771860000001	0.0355541838	-0.0043154402	-0.0150035169	-0.0178426595	0.0297653841	0.1193107054	-0.0964057348	-0.0024699225	-0.0771070117	-0.0022716981	-0.027294039	-0.004320315	-0.08288479879999999	-0.0765590059	-0.0652807948	-0.038762379300000004	0.029551442200000007	0.07395673230000001	-0.042975155599999995	-0.0720891639	0.029528735499999997	0.108078845	-0.024927817999999997	-0.0038570232	0.0031391493	0.0562698344	-0.0203773528	-0.0908112403	0.022355845099999997	0.1581156417	-0.0334508732	-0.1275630708	0.0693065947	-0.0125772181	0.0344354616	-0.0010928474	-0.1552115604	-0.002423121	0.11991096650000001	0.0360421344	0.0539599874	-0.0344438968	-0.010397810799999999	-0.0048382426	-0.0676460743	-0.0541649679	-0.022804774700000002	-0.049444005	-0.0409671496	0.0323381304	-0.0359261984	0.2603227023	0.0441653378	-0.09897085509999999	-0.0088136821	-0.051805970199999996	-0.0331149692	0.0892349201	-0.0677448364	-0.0126647723	-0.104979	0.011487000000000013	0.011020590441	0.00013195116900000024	-0.0926121	-0.07713560000000001	0.00857700106641	0.005949900787359999	-0.393426	0.011973999999999985	0.154784017476	0.00014337667599999962	0.0026019000000000003	0.0011154500000000005	1.2442287025000006e-06	6.7698836100000015e-06	0.00220164	-0.0006686500000000003	4.470928225000003e-07	4.8472186896e-06	0.00101763	0.0	1.0355708169e-06	0.0	0.0	0.0
5445.635041067251	-15.041002467657563	29654941.000499524	226.23175523208093	5458.572727317708	-3.9500819878358016	29796016.21941668	15.603147710624835	4493.240458023675	-9.148076138597391	83.68729703757492	20189209.813620806	4473.406049500229	5246.638034159234	1.316778	29.825054	0.1875435	0.0914658	0.0969493622	0.039385377400000005	-0.093869286	-0.026107666800000002	-0.10326105279999999	0.057352944800000014	0.0009991166	-0.029356212200000002	-0.0325512381	0.2278060718	-0.0073799109	0.0784012353	-0.0805618809	-0.0100971066	-0.0701609042	0.1112914733	-0.050401283399999997	-0.0462987988	-0.0329752975	-0.0550099954	-0.06658431969999999	0.0434356618	-0.1249576381	0.07467886209999999	0.1351701808	-0.0706452378	0.0782603246	-0.0091761427	-0.0191504256	0.058773702699999986	-0.0666422742	-0.0013802731	-0.06530664	-0.0460291596	0.0036984113	0.0005208958999999999	0.0897005557	0.0341593679	0.0605554497	-0.1993181641	0.0713387094	0.0641207645	0.14074915710000002	-0.0055639568	0.0315870727	0.0008250419	-0.1067361303	0.052546319699999997	0.05526811349999999	-0.0267500452	0.0169071425	0.0688442261	0.018936623700000002	-0.0556234763	0.0180806243	-0.0687973832	-0.12133708630000001	0.0015493903	-0.0398587755	-0.04270586480000002	-0.040783275	-0.0042415867	0.0082138766	-0.0809283912	0.1363544883	0.09426592519999999	-0.042021144100000005	-0.0668290652	-0.0041313663	-0.1277189094	-0.0090722689	-0.0541381895	0.0398807728	0.081250493	-0.0073472162	0.0836245464	0.10665544960000001	0.10812115259999999	-0.0250810362	-0.0626785774	0.0358182705	-0.1428378676	0.0441265194	2.6879999999999997e-07	-0.0790123083	0.0031279384000000004	0.010556979	0.0266880687	-0.0568863322	-0.033591812900000004	-0.0211261603	-0.06915691809999999	0.0188835123	0.0413060706	0.042987426399999994	-0.0396719295	-0.0752789277	-0.0323274526	6.53617e-05	-0.0698634179	-0.0561309801	-0.0588013352	-0.0638545955	0.064976746	0.1061452642	-0.0672970758	-0.15353013199999999	0.0474516781	-0.08321603	0.028645054700000002	-0.0401362527	0.047339064800000004	-0.07361475940000001	0.018934125700000002	-0.049230099900000004	-0.0289351371	0.031309764	0.0315225652	0.09479790460000001	0.0036374678000000004	-0.0005179942	0.21420752269999999	-0.0683862824	0.0770241359	0.0999902244	-0.06750597650000001	0.061681142599999995	0.0156140036	0.11520495619999999	-0.0568585934	-0.0376168825	0.0970804109	-0.0399324634	-0.0612461657	0.0307967394	-0.010642161200000002	-0.0742996982	-0.088107139	0.0686869639	0.022324565299999998	0.0010730942	0.0915120266	-0.007359121	-0.0017220453	0.0635109742	-0.0691401995	-0.1665375354	-0.0839710016	-0.0446907026	0.0214028063	-0.0837787482	-0.0030188289	-0.1024247093	4.84977e-05	-0.0173204648	0.0307169928	-0.0161259107	-0.09187011199999999	-0.154158877	0.0601255758	0.0030510206	-0.0758718347	0.0562408145	0.07684183900000001	0.0106382008	0.0079263601	0.08660055039999999	0.028256589	0.00044336699999999996	-0.022117667200000003	0.0356101877	0.0751946844	0.0047428263	-0.036670159300000005	-0.044870369699999996	-0.0340093756	0.0099190249	0.045467800499999995	0.0653972699	-0.0357565545	0.035020159599999996	-0.011530976100000001	0.1056107942	-0.0527997072	-0.0308470363	0.08833406210000001	-0.0709097055	-0.006649370799999999	-0.122522	-0.017543000000000003	0.015011640484	0.00030775684900000014	-0.0328403	0.05977180000000001	0.0010784853040900005	0.00357266807524	-0.350134	0.043292000000000004	0.12259381795600001	0.001874197264	0.00173077	-0.0008711300000000003	7.588674769000007e-07	2.9955647929e-06	0.00187364	-0.00032799999999999995	1.0758399999999995e-07	3.5105268496e-06	0.0008780259999999997	-0.00013960400000000028	7.709296566759995e-07	1.948927681600009e-08	0.0	0.0
5436.025735838055	-9.609305229196252	29550375.80069367	92.33874698785843	5437.516671459267	-21.05605585844114	29566587.55239747	443.3574883137935	4486.900845182472	-6.339612841203233	40.19069097634894	20132279.194499183	4466.753825531283	5120.56530731968	1.116584	25.29064	0.11209975	0.0588423	0.08536461599999999	0.0993018951	-0.022851394100000002	0.0524526938	-0.064413384	0.0333704659	0.0177503702	0.0221675963	0.0683021732	0.09735845650000001	0.0690356395	0.0848065523	0.0144328712	0.029863042599999997	0.0944665588	0.059452980999999995	0.082423923	0.0138967051	-0.0960034279	-0.1202978101	-0.0201889433	-0.0917798234	-0.0531204967	0.117610437	-0.0042113324	-0.0761104659	-0.0586853946	-0.0589331971	-0.1306602874	0.0015357059	0.008580145	0.024972772	-0.0051161578	0.07113685230000001	-0.0013510818	0.035494328900000004	-0.1026872024	-0.1110750433	-0.0612286747	0.0403988119	-0.044736869900000004	0.0595090825	-0.0310418067	-0.0400953083	0.0470112209	-0.010705605900000002	0.1427232416	0.012903258899999999	0.0733653023	0.0074680033	-0.0578936759	0.0848101306	-0.09643926800000001	0.0222685127	-0.0815965063	0.0922434149	0.0224870979	0.024654709900000002	-0.025355597599999998	0.0394552225	-0.0066566327	0.017280824	0.040901490299999996	0.0163079931	0.0421590446	-0.0565588387	-0.004289283499999999	-0.0728309714	-0.1306434159	-0.0661964496	0.07416465259999999	-0.05857177280000001	0.06204873	-0.06768027830000001	0.083077746	-0.0369787867	-0.0164614803	-0.0550508766	0.0321049235	-0.1069433935	-0.027061149700000002	-0.043188062199999995	0.012296139099999999	-0.08468778140000001	-0.0827198162	0.0019999284	-0.040429623	0.058839902300000003	0.0909672268	-0.040549243900000004	-0.0336461029	-0.0428215734	0.0927944598	0.0153775651	-0.09010525050000001	0.14346555019999999	0.09352796109999999	0.0334496291	0.0526289671	-0.050907689699999994	-0.1339013527	-0.1206372334	-0.021291747799999997	-0.0795102526	0.048658023099999996	-0.1288092604	0.0030970134	0.0920366685	0.0027655262	-0.07260326809999999	-0.1052543091	0.0093861903	-0.01411507	-0.0468142116	-0.0165828976	0.0548432263	-0.0642595431	-0.0545730593	-0.1129934001	-0.07141872190000001	0.04487188	-0.0848695156	0.032508081200000004	-0.0172311933	0.0405102959	0.016516136100000002	0.06770889440000001	-0.0217761348	-0.1238839836	-0.0058946414	-0.11256498529999999	0.0542246029	0.0564659601	-0.0262136865	-0.052193065700000006	-0.1090369777	0.053884664000000006	0.0985980297	0.0157462675	-0.004254569000000001	-0.024572685499999997	-0.0355092967	-0.0037653141999999997	-0.023705459300000002	-0.0282547483	-0.0199613475	0.0275132571	0.0090406066	0.0486953242	-0.0656502092	-0.1038966859	0.056821144299999994	-0.08427046	-0.014693516799999999	-0.0878978518	-0.048586650499999995	0.1053959483	0.0526485954	-0.0087830202	-0.0329110735	0.0539117191	-0.0465858126	0.1010712553	-0.0095906827	-0.0362824093	-0.0282216637	-0.0648025117	0.0715416658	0.0146369657	0.0533971316	-0.1053202335	-0.0029125308000000003	0.0251691704	-0.0240628892	-0.037719561	-0.0824570588	-0.0481925795	-0.1346436484	0.045761689	0.134052203	-0.0341458304	0.0798725749	0.10325364949999999	-0.0537842446	-0.0285576056	0.0872947008	-0.0738769366	-0.0006050151999999999	-0.11435	0.008172000000000013	0.013075922499999998	6.678158400000021e-05	-0.0724048	-0.039564499999999996	0.0052424550630399995	0.0015653496602500002	-0.3855	-0.035366000000000015	0.14861025	0.0012507539560000006	0.00207941	0.00034863999999999983	1.2154984959999993e-07	4.3239459481e-06	0.00187364	0.0	0.0	3.5105268496e-06	0.000646721	-0.0002313049999999998	4.18248051841e-07	5.35020030249999e-08	0.0	0.0
5454.315983895793	18.2902480577377	29749562.85218113	334.5331740135776	5454.825061877646	17.30839041837862	29755116.455688454	299.58037887502087	4486.862989721607	-0.037855460865102934	0.0014330359173093405	20131939.488533515	4467.006572661981	5173.140581839843	1.166484	26.420883	0.12329225000000002	0.0593403	0.08172898320000001	0.06267523950000001	0.0932138723	0.0372532713	-0.09357144880000001	-0.049217124400000006	-0.0679122451	0.016929064299999998	0.0762748004	-0.06475049769999999	0.0448150316	0.0404692996	-0.046898513600000004	-0.0674146207	0.0383503237	0.0633575321	-0.057900767400000004	-0.029590575600000002	0.060537092	-0.1589494308	-0.0328758117	-0.0618397824	0.0879971331	0.08036707059999999	0.030373327400000007	0.009369889499999999	0.1019521671	-0.0340310136	0.0549482621	-0.0052536751	-0.013763471499999999	0.0151124717	0.08820176099999999	0.061836111	-0.0715683033	-0.10617464689999999	0.007554455799999998	-0.0042404538	-0.0127048575	0.0055116515	-0.0975317394	-0.0562965563	0.0319668302	0.0232944753	-0.049260989000000005	-0.1110452609	-0.017188381200000002	0.0258205006	0.0399608138	0.0202234937	0.0398204999	7.99834e-05	-0.0222763476	0.0019798005	-0.052128625	0.0535853787	0.0155108322	0.0699912067	0.0817775724	-0.0255962721	0.09745353650000001	0.0364184776	0.0608454384	0.0362784709	-0.10914562779999999	0.0556240183	0.0679315503	0.028284978500000002	0.0593544421	-0.16964674329999999	-0.0479558218	-0.1413991469	-0.0042786593	-0.023560706600000002	-0.052273053099999994	0.039728962400000005	-0.14196678570000001	-0.0030368111	-0.1855688402	-0.021410662799999997	-0.0830124387	0.0305075916	0.0449726015	0.040020781	-0.051889221799999996	-0.1150639289	0.0230674804	0.09970053849999999	0.0700854575	0.0522482205	0.0234732781	0.0313908366	0.03628973	0.0615370021	-0.022574413300000002	0.0642467329	0.0010541399	-0.08838313269999999	-0.0181729928	0.026460270299999998	0.035536871	-0.155596863	-0.0373982755	-0.0769494964	-0.0858346591	-0.07090377	-0.0496613413	-0.0743522776	-0.0865068216	-0.0093126772	0.0605068504	0.0132299436	0.018936397	-0.0657211318	0.0808235742	0.0225566556	-0.0298116365	0.0932663604	-0.0086081987	-0.0320111362	-0.036220097400000005	-0.035586006600000004	0.100152059	0.0488186776	-0.0421236641	0.0105504874	-0.0725994176	0.0786515116	0.0271688005	-0.003664773	-0.0594225404	0.0074609112	-0.0474285512	-0.0572023782	-0.0040939551	-0.055523892400000004	0.0036759689000000003	-0.0064100484999999995	0.0352106679	0.035276337000000005	-0.0721924978	-0.0784845651	0.0532236517	-0.0043763451	-0.0992211949	0.04995052690000002	0.09903188339999999	-0.0584494123	-0.0091779541	0.0539305262	-0.0143623424	-0.0831336538	-0.1695931291	0.1456727728	0.053915484699999995	0.017797883400000002	-0.032302887599999996	-0.0599528475	0.06693287049999999	0.039265200699999996	0.1637452166	0.13033072380000002	-0.041306755699999996	-0.0011799897	-0.027187171099999997	0.1243490159	-0.026006356600000002	0.0530571833	-0.0703311237	0.030034914500000006	-0.0313717846	-0.057885327300000004	0.042827371399999994	0.0156477025	-0.036246697599999995	-0.0517251101	-0.0304095229	-0.0858916856	-0.016734928200000002	-0.1050603416	0.0273530096	-0.061063489900000004	-0.0465087686	-0.0547594108	-0.026248272599999997	0.0861184661	-0.0766382594	0.0054419748	-0.09894240000000004	0.015407599999999954	0.009789598517760009	0.0002373941377599985	-0.0487021	0.02370270000000001	0.00237189454441	0.0005618179872900003	-0.345006	0.04049400000000003	0.119029140036	0.0016397640360000026	0.0019942	-8.520999999999964e-05	7.260744099999936e-09	3.9768336400000015e-06	0.001456	-0.00041764	1.7442316959999995e-07	2.119936e-06	0.00101763	0.00037090900000000016	1.0355708169e-06	1.3757348628100008e-07	0.0	0.0
5465.237749567082	10.921765671288997	29868823.65929306	119.28496537854673	5454.370512437032	-0.454549440613846	29750157.68694261	0.20661519396236025	4490.372661685286	3.5096719636794664	12.317797292637676	20163446.640810605	4470.475831343343	5283.582115149622	1.1474030000000002	25.988689	0.10279875000000004	0.053276300000000006	0.0830146831	-0.0310790876	0.0550220469	-0.043812216699999997	-0.0260955492	-0.07421576120000001	0.0037710529	-0.0046080503	-0.0741730195	-0.1312605311	0.1074679836	-0.0025144555	0.012029897099999999	-0.041454015	0.0173583543	0.0317862561	0.073603183	0.0106458076	-0.1474873596	-0.13646836539999999	-0.0412432869	-0.0070168004	0.1185252125	0.112924736	-0.07476024099999999	0.0025253813000000003	0.0007829803	-0.006425357	0.0597606422	-0.0921258751	0.0134746458	0.032496718	0.025643651	-0.09994496929999999	0.0888108283	-0.0376884634	-0.089033029	-0.0850369404	0.0151601479	0.0270395502	-0.0159328632	-0.09875841490000001	-0.0188261846	0.033162787799999996	0.0287703924	-0.0500688168	-0.0191371381	-0.0973265728	0.0120392398	-0.0429064983	0.105242556	0.0946944885	-0.0262796696	-0.0044025463	0.0205023027	-0.0043848513	-0.0773282478	0.0723537846	-0.0312794147	-0.0633270871	-0.10886695589999999	-0.0550166779	0.010250039399999999	0.0598792606	-0.0979867235	-0.0165958112	0.0724113744	-0.0151186729	-0.048192056500000004	-0.0047957783	0.06691630650000001	-0.11827834400000001	-0.018391863799999998	-0.049846542800000004	0.0322639923	-0.072285352	0.0761748405	-0.0550427508	-0.050751911600000005	0.1265761027	0.0275021004	-0.06692002849999999	0.0329078422	0.0726861897	0.0012263688	0.0736902725	-0.023429887400000002	0.0418182017	0.048200603099999996	-0.0429211406	0.0486909437	0.041300718300000004	0.042950675099999995	0.0515705787	-0.038334234	-0.0364401412	-0.11115068859999999	0.0887486789	0.007077593199999998	0.028849276200000006	0.068961867	-0.1321183979	-0.040622143900000005	-0.0164257347	-0.11938362029999999	-0.12234005349999999	0.0731342552	-0.012233667299999999	-0.0042237292999999995	-0.0090636383	0.0512285631	-0.0968439106	0.0079881729	0.0283020423	-0.0011011781	-0.094024624	0.0954102968	-0.0199539841	-0.0927603019	-0.0564146541	0.0349853455	-0.070495733	-0.0016737335000000001	0.0115832885	-0.09932867029999999	-0.0158257996	0.0212294022	0.0623640164	-0.027184750299999998	0.0687534228	0.0328883806	0.11697809769999999	-0.1183594001	-0.0643749536	0.0086202251	-0.0078512141	0.0117774183	-0.042927737300000005	0.10392782029999999	-0.0007149702000000001	-0.0722760741	0.09694717230000001	-0.020921628799999998	0.06684812700000001	-0.0308720591	-0.0526675796	0.1089685967	-0.023521379300000003	0.038331443199999995	-0.0407789314	0.0095068251	0.046474054	-0.0567910258	0.035339143999999996	0.0111813568	-0.0894074826	0.058324498899999994	0.0822768282	0.0173307654	-0.0608253537	-0.1044021035	0.0393847238	-0.0524790829	0.1235107208	0.025959105099999998	-0.0048649033	0.06575122509999999	0.0347561491	-0.012235171299999998	0.0479506332	-0.0280393338	-0.0532515881	0.0749598036	-0.0291778919	0.0134591659	0.0083611425	-0.1022572926	0.074121945	0.0897659659	0.0102320009	-0.0029899575	-0.0088386205	-0.060171162199999996	-0.0557250359	-0.0239206467	0.084807202	-0.0791859776	0.011465268300000001	-0.0997184	-0.0007759999999999573	0.00994375929856	6.021759999999336e-07	-0.08975629999999997	-0.04105419999999997	0.008056193389689995	0.0016854473376399974	-0.366202	-0.021195999999999996	0.13410390480399995	0.00044927041599999973	0.00180394	-0.00019026000000000026	3.6198867600000096e-08	3.2541995236e-06	0.00187364	0.00041764	1.7442316959999995e-07	3.5105268496e-06	0.0008300789999999997	-0.00018755100000000032	6.890311462409996e-07	3.517537760100012e-08	0.0	0.0
5475.763242493154	10.525492926072731	29983983.087839145	110.78600133680708	5461.024216618519	6.653704181487227	29822785.49449391	44.27177933474063	4494.118390888091	3.745729202804796	14.030487260744653	20197100.111318566	4474.077549840642	5340.173786741227	1.160182	26.278145	0.1016677	0.0623148	0.055459725099999996	-0.0672385714	-0.042622136	-0.0383232959	-0.0924114738	-0.023951705099999998	-0.051506345999999995	-0.11050890769999999	-0.0765286765	-0.05360087349999999	-0.029543150299999998	-0.0477122693	-0.1175591411	-0.0126804076	0.0301763071	0.0019718177	-0.0476509184	-0.0782152488	0.0344550935	-0.0997344976	-0.0288877833	0.1173422925	0.0156349987	0.050324788499999995	-0.0314871325	0.1258864337	0.060709103499999986	0.012370606499999999	0.0438994155	-0.016599471799999998	0.0080744192	0.0282392102	0.088828524	0.012796074499999999	0.0673067222	0.0066664541	-0.0760529521	0.0768197463	-0.0406357288	0.039088125	-0.08432235960000001	-0.1466355513	0.0071967905	-0.023217244900000003	-0.0551386367	-0.08758000390000001	-0.0333150353	0.0039447104	-0.000469376	0.0814983358	0.0441476518	-0.0153286431	0.1243360919	0.1775668375	0.0122778576	-0.0493284667	0.0197174812	-0.0739660173	0.0414340094	-0.0414978369	-0.14004447	-0.0654715228	0.053119994299999994	-0.019730524	0.0691744443	0.0081694823	0.0469346484	-0.0109485547	-0.0355171241	0.0105104521	-0.1215700352	-0.0504661963	-0.0212865342	0.0852557834	-0.0077830146999999985	-0.0066943958	0.0663850282	-0.0699150341	-0.0506571084	0.0426591977	-0.017873133700000002	0.0806829124	0.0350623367	0.062473716	0.024524962999999997	-0.005985528100000001	-0.046384662800000004	0.0047017232	0.1074766269	0.021976768799999997	0.09168711869999999	0.002526969	-0.0837578757	-0.0042460441	0.0095130614	-0.06838360480000001	0.032453602000000005	0.05145255309999999	0.0634572979	-0.022665164100000003	0.0368932134	-0.0994206085	-0.0292631886	0.1116744341	-0.0331354089	-0.0425633083	0.016276326	-0.1309885261	0.0148748528	0.0301989595	0.0444501011	-0.0094728687	0.0267207073	-0.0568334673	0.0455441135	-0.0022922905	0.0632098505	-0.0501081904	-0.0641858333	0.0612248286	-0.1033240215	-0.0495333804	0.06424977	0.0637553007	-0.09710769849999999	0.0744553361	-0.0730026043	0.08899563740000001	0.0067704764	0.006734756999999999	-0.0272309473	-0.08788938269999999	-0.032209324	-0.0396287122	0.1096388824	0.0809024986	0.1318992822	-0.08808486880000001	0.0238943977	-0.0040745754	0.053778865	0.005157843499999999	-0.0678595719	0.1055404376	-0.013311984399999999	-0.1349416467	-0.051291807599999996	-0.050922135599999994	0.0536461855	-0.0248123078	0.005990014300000001	0.0033432948	0.0594592885	0.08894012039999999	0.0637881547	-0.028128621200000002	0.0007799447	-0.08795655	-0.0606171428	-0.0719568322	-0.0258522548	0.0469459594	-0.0773099294	-0.0233073878	-0.046499135999999996	0.0418049833	0.0278021289	0.021754469300000003	0.054011013	0.0379466185	-0.0396595508	-0.1354277946	-0.0439701971	-0.0568957058	0.0491727704	0.0109973949	0.0080494826	0.0818615726	0.0074372714	0.0077259287	-0.0569603904	0.0711618867	-0.09914378759999999	-0.0566809517	-0.0215763502	0.0833629647	-0.0815129903	0.0174386375	-0.10807	-0.0083516	0.0116791249	6.974922256000001e-05	-0.0356652	0.05409109999999997	0.00127200649104	0.002925847099209997	-0.354611	0.011590999999999962	0.125748961321	0.00013435128099999912	0.00125929	-0.00054465	2.9664362250000005e-07	1.5858113041e-06	0.00187364	0.0	0.0	3.5105268496e-06	0.0008220489999999999	-8.0299999999998e-06	6.757645584009999e-07	6.448089999999679e-11	0.0	0.0
5474.048367555596	-1.7148749375583066	29965205.53033809	2.9407960514656057	5482.577435927632	21.553219309113043	30058655.34094281	464.5412625867234	4500.7504518751475	6.632060987056321	43.98423293603445	20256754.630054343	4481.06753675558	5320.382333579463	1.094467	24.789703	0.10427509999999998	0.0704895	0.0727267689	-0.0635852959	-0.1140728901	-0.014369645600000001	-0.0476839034	-0.0716620945	-0.1039256534	-0.0770491654	-0.015105865800000003	0.028178147999999997	-0.026689905299999997	-0.0460003793	0.0567851495	-0.0030554255	-0.0755102138	0.037207493	-0.055174707999999996	-0.0956828856	-0.0820185662	-0.0191426954	-0.0688097021	0.0887194173	-0.1191431835	0.0957845654	-0.09073749029999999	0.0641443449	0.06547087019999999	0.054010444299999995	0.0473916978	0.0131058675	0.0774068052	0.1240785876	0.0091278964	-0.086252582	0.0226977998	0.0222259813	-0.09812648289999999	0.0205819428	-0.0148315879	-0.0636583677	0.0413754062	0.0488949706	0.022334020299999997	0.0234696269	-0.0254175898	0.0784868978	0.0554771598	0.0991079002	0.0717925157	0.0340597844	-0.0184084324	0.0248425391	-0.015117249199999997	-0.0780985746	0.13365761710000001	0.0200017029	-0.0266857717	-0.0760027544	-0.09956618210000001	-0.0152154097	0.0457476951	0.0496612756	-0.046990274500000005	0.0531487666	0.0309759388	-0.018559478	-0.0084108265	0.0103858665	0.056686817699999996	-0.0132377552	-0.0047787299	-0.0020098494	0.1620160842	-0.0553420404	0.0484016771	-0.031196064	-0.0003514261	0.2786799847	-0.0544258757	0.0472545209	-0.0437668768	-0.075664749	-0.0483185534	-0.08525653650000001	0.010740858700000001	-0.08748674460000001	-0.09219072789999999	-0.0154320043	-0.0527874471	-0.0399619519	-0.046871847	0.027989851800000003	-0.0451370903	0.0979279144	0.1162178083	-0.0478596395	0.0392498664	-0.015480316899999999	0.0253288042	0.0832343221	-0.0449962233	-0.0238125165	-0.06579342889999999	0.1076033846	0.0953671562	-0.1012244901	0.07250204889999999	-0.0789800002	-0.023047815299999996	0.057384762400000004	0.037620087999999996	0.0137748966	0.1007591861	-0.029082478	-0.093982552	-0.09862240369999999	0.0502000274	0.0098337928	-0.1020563914	0.0301811843	-0.0386181028	0.033531522200000004	-0.0535186423	-0.0162207673	0.0366429601	-0.0418535791	0.0167631759	-0.10208466449999999	-0.027155389900000004	-0.0882429398	-0.0647211632	-0.0299029246	0.0225794156	-0.0572343437	-0.040671550699999996	0.0576447962	-0.10188420289999996	0.0865548754	0.0097863854	0.06979337070000001	0.0417776922	0.0943076866	0.018295071200000002	-0.0534101584	0.0602287746	-0.0232759513	0.0319794805	0.043897329400000004	-0.013708052	0.0105363627	0.0186983495	0.0079443672	-0.0618428721	0.0463649176	-0.1485139614	-0.0734420819	-0.028303852	-0.0304015529	-0.0740100825	0.2590834534	0.0228261796	0.0556640333	0.0839107016	0.0489113724	0.10286083160000001	0.0154000549	-0.0327922565	-0.0539343437	0.10570887539999999	-0.0016386895000000002	0.0335621017	0.0984113523	-0.0018488667999999998	0.0041344236	0.0867705986	-0.0764073703	0.07025053120000001	0.052363643700000004	-0.0833389614	-0.0753915838	-0.0026040051	-0.0214470155	0.0162580169	-0.0576269915	-0.0192170168	0.0817880187	-0.0836128117	0.023336071899999998	-0.10708	0.0009900000000000048	0.011466126399999998	9.801000000000095e-07	-0.10153	-0.0658648	0.0103083409	0.0043381718790400006	-0.378341	-0.023729999999999973	0.14314191228099998	0.0005631128999999987	0.00141896	0.00015967	2.54945089e-08	2.0134474816e-06	0.00182115	-5.249000000000009e-05	2.755200100000009e-09	3.3165873224999994e-06	0.000883695	6.164600000000005e-05	7.80916853025e-07	3.800229316000007e-09	0.0	0.0
5476.260243452029	2.2118758964325025	29989426.25401327	4.892394981219087	5460.063033947221	-22.514401980411094	29812288.33467693	506.89829653553903	4501.049176574099	0.29872469895144604	0.08923644576363207	20259443.689938374	4481.1674087730935	5337.174954122429	1.104318	25.012814	0.08389550000000001	0.0374713	0.046383641600000004	-0.0447868307	-0.0621680594	0.11576559480000001	-0.07243268809999999	0.0128495843	-0.024337320099999997	-0.0415327089	0.0831372823	0.03590105	-0.08654524970000001	0.0452154099	0.031445777	-0.0574530446	-0.0205234706	0.0060331853000000005	0.0594947914	-0.0160200045	-0.0166246432	0.0093318514	-0.0868157539	-0.0753666947	-0.06847161639999999	0.0720906991	-0.0145206365	0.0101380988	-0.0397571708	-0.016702622900000002	-0.1048484453	-0.0242930559	-0.0281534042	-0.0831281759	0.0692334438	0.042559569000000005	0.09831185419999999	0.048163357000000004	0.0460464271	-0.036724572999999996	0.0167887624	-0.0656377254	-0.04371636190000002	0.0021092579999999997	0.0019223811	0.0645239475	0.1313420936	-0.0584816918	0.0674464437	-0.1108174233	0.0249863874	0.0578039501	0.0128471878	0.0025608805	0.0644315622	-0.1012269936	0.028494656	0.0679628805	-0.0686019957	0.0148903733	-0.0369489749	0.1043021466	-0.037111065299999996	0.0292613104	0.0555981237	0.0483388392	0.06831578049999999	0.138818709	-0.0267651273	-0.0506378732	-0.0090547533	-0.0422396219	-0.014291875700000001	0.0960640151	0.0022690445	-0.0728005018	-0.09069445429999999	0.12662001550000002	-0.0882776447	0.0532936963	0.0667020706	0.068916744	0.061176304199999997	-0.0041720951	-0.010239174399999999	0.0703482531	0.0871569176	-0.0838444937	0.0126953676	-0.10775143029999999	-0.045680394000000006	-0.0184085292	-0.0084057248	0.0255209515	-0.0527193091	0.0880549573	0.0785072915	-0.08689490720000001	-0.037587985899999996	0.0468108513	0.036386452	-0.0401763521	0.030616191	0.0059693409	-0.0841107242	-0.0620638776	0.0758764897	-0.0841597048	0.0131244349	0.0104111164	0.0397602705	-0.0255711425	-0.0868332715	-0.0408136798	-0.0148096946	-0.0376981151	0.079348882	0.031925333	0.0446462235	-0.1082975973	0.0429592083	-0.0192505095	0.0563652782	0.0556189445	0.0463742837	0.0455397434	-0.0016752342000000001	-0.0556784429	0.1356812484	0.0554032403	-0.0632880878	0.1242539112	0.0023886203	-0.0356189229	-0.0110821345	-0.0238411479	0.050360707000000005	-0.0135893104	-0.1200950269	0.055035639000000004	0.0705725252	-0.028267081	0.038444937	-0.0130874928	-0.040995783	-0.0609245844	0.0198547983	-0.0644966897	-0.028173287	-0.0231113192	-0.048559841299999996	0.07830592410000001	-0.1142758627	-0.0739797098	0.0333059556	-0.0405133739	-0.0300283157	0.1133457075	0.0145958501	-0.029731556200000002	0.1841822764	0.087335145	-0.0832201461	-0.0055949654000000005	-0.0559260047	-0.0027186868	0.033049620099999996	0.07387114040000001	0.0600300579	-0.0572038603	0.0343777693	-0.057722674400000014	-0.028771140499999997	0.0999116994	-0.0040690352	0.037444167	0.1129714961	-0.0710843001	0.08939458789999999	0.1308834736	0.0630637027	-0.0397612235	-0.0585397962	0.0199398197	-0.038349593700000004	-0.05856299070000001	-0.0168442907	0.0800848332	-0.0854795891	0.0291318917	-0.122467	-0.015387000000000012	0.014998166089000004	0.00023675976900000038	-0.0805868	0.020943199999999995	0.006494232334239999	0.00043861762623999983	-0.358214	0.02012700000000001	0.12831726979599994	0.0004050961290000002	0.00161447	0.00019551000000000008	3.822416010000003e-08	2.6065133809e-06	0.00187364	5.249000000000009e-05	2.755200100000009e-09	3.5105268496e-06	0.000582929	-0.00030076599999999995	3.398062190410001e-07	9.046018675599996e-08	0.0	0.0
5469.34317970889	-6.917063743138898	29913714.81742815	47.84577082664669	5460.908211813363	0.8451778661419667	29821518.49785062	0.7143256254162881	4501.512268507273	0.4630919331739278	0.21445413857076565	20263612.703521494	4481.311561857877	5410.832585122037	1.230615	27.873444	0.08678735000000005	0.0487551	0.0639790507	-0.0729081608	0.0934745465	0.059175083600000004	-0.027481008799999998	0.0051120149	-0.0301854216	0.1366433253	0.028542352599999998	0.0022638187	-0.0505086879	0.0141136087	-0.0343287027	-0.01497995	-0.0183027173	0.0930665631	-0.1435141736	-0.0331983285	0.0547580756	0.0344696626	-0.1103666577	-0.054713814000000006	0.0635473483	0.0596830333	0.011151836100000001	-0.10197156939999999	0.06408750690000001	-0.0157408839	0.0239344973	0.038975538	-0.0599042489	-0.0275316341	0.1452744835	0.0233306594	-0.0320564677	0.0319877448	0.0700041466	0.045623140199999995	-0.081945664	-0.0077201439	-0.0206489833	0.0586351455	0.020477156399999998	-0.0091885141	-0.0451027232	0.0864074009	-0.0293201544	0.012536928300000002	-0.0250875042	0.0816095565	-0.0371400817	-0.0318985928	-0.06523519030000001	-0.1101714413	0.047664047800000005	0.17914722739999994	0.11438698580000001	0.0109854738	0.0991360998	0.0145318793	-0.0013188467	-0.0009183972999999999	0.0488321517	0.1173288866	0.0844796675	-0.0036509951000000002	-0.051433155700000004	-0.0615363075	0.0289579087	0.076056347	0.0208022116	0.0774385466	0.0316366223	0.10966528390000001	-0.023699805499999997	-0.0679146829	0.0167346583	0.0039277705	-0.031278278199999995	0.0456618336	0.010694724899999999	0.07904543950000001	-0.0987556887	0.011017768899999999	0.0552476492	-0.0579567215	0.1201860251	-0.0241760315	-0.049507675300000005	0.0190959502	-0.0455331872	0.1401919328	0.12029648300000001	-0.0053298458	-0.028109141299999998	0.022140623300000002	-0.025019660899999997	-0.023069508399999997	-0.1306961143	-0.016749914299999998	-0.038097731600000004	0.0366695644	-0.1144752934	-0.06872003809999999	-0.048034973700000004	-0.0485111143	-0.0352117982	0.0399928764	-0.1183797378	0.008079393399999999	0.0525160477	0.0390721308	-0.0119904833	-0.0771609031	0.1368805793	-0.0324207934	-0.050592485599999994	-0.0264986123	0.045696094900000005	0.0144183974	-0.061697435999999994	0.012447091	0.0323874383	0.0115902799	0.0612518848	0.0146664056	-0.013154895	-0.118428015	0.04939968	0.0075709276	0.0323483983	-0.08584079039999999	0.0491932662	-0.0163249123	-0.0760730097	-0.0205693658	-0.0669271197	0.17277565530000005	-0.009879223000000001	-0.069373378	-0.0286427787	-0.17997712219999998	0.0630719379	0.0240989933	-0.029235982	-0.1322250116	-0.0386333774	0.0608992125	-0.0326204052	-0.0241111554	0.0238273843	-0.054189569800000004	0.0814931739	-0.0758361677	-0.013754373500000002	-0.0403330628	-0.1059837908	0.012868063	-0.0084309095	-0.04755863019999999	-0.0162752503	0.025414796	-0.0042632167	-0.0620105901	0.1000531625	0.0841832808	-0.051318057400000006	-0.1430908277	-0.08841513279999999	-0.0874269467	-0.0057816243000000005	0.0477821448	0.1353758802	0.0386923577	-0.0524428229	0.0352166979	-0.0706930082	-0.0074116652000000005	-0.0196223082	0.014009336	0.09872174449999999	-0.038562657599999994	0.0160908576	-0.059488785999999995	-0.0144598255	0.078256079	-0.0871081196	0.0348008596	-0.122541	-7.400000000000462e-05	0.015016296681000003	5.476000000000684e-09	-0.0407094	0.0398774	0.00165725524836	0.00159020703076	-0.364061	-0.005847000000000047	0.132540411721	3.4187409000000544e-05	0.00111219	-0.0005022799999999999	2.522851983999999e-07	1.2369665961000002e-06	0.00176634	-0.00010730000000000006	1.1513290000000012e-08	3.1199569956e-06	0.000793128	0.00021019900000000002	6.29052024384e-07	4.4183619601e-08	0.0	0.0
5466.498461376361	-2.8447183325288283	29882605.42823012	8.092422391425595	5460.30688078255	-0.6013310308126165	29814951.232321266	0.361599008618164	4497.753790055991	-3.758478451281917	14.126160268750516	20229789.15596303	4477.8858174720535	5312.383399770953	1.1982540000000002	27.140471999999995	0.12758399999999998	0.07947589999999999	0.0527488066	-0.042899792400000004	0.0086727052	-0.0385924024	-0.044464679900000005	0.030979048999999998	0.0150355019	0.010522340600000001	-0.09971948289999999	-0.0179469999	0.0562370837	0.0247075481	0.0367446015	-0.0131418834	-0.0307234352	0.09215261529999999	0.0475774488	0.09892805369999999	-0.0020418439	-0.0172689592	-0.0719290845	0.0359056782	0.0730825895	0.10702847550000001	-0.0416810807	-0.07817487070000001	-0.0042325027	-0.09577985300000001	-0.116297132	-0.0262774486	-0.004694953	0.016537745	0.051858116600000004	-0.000989132	-0.0730502817	-0.0988437808	0.0121419052	-0.1519170161	-0.0142949828	-0.0075229669999999985	0.1118841591	-0.0253032136	0.0014751662	-0.027844325	-0.0053255998	0.0145835922	0.0789687911	0.0892142901	-0.0312892352	-0.031083363500000002	0.044120607400000005	-0.10792414380000001	-0.0553273808	0.0684563099	0.1542283374	0.0268200616	0.0060311463	0.026496348500000003	-0.0015620114000000002	0.024943122999999998	-0.0044131103	-0.0097228129	-0.0457282216	-0.0545483753	-0.1067405356	-0.010077284399999999	0.0114005908	0.0585012463	0.0646764691	-0.0089154752	0.0893566534	0.1402438814	-0.0827016667	0.026210027599999998	-0.0415141613	-0.0334198915	-0.0643982983	-0.03890125	-0.0443070814	0.0715488564	-0.0221161605	-0.0690029722	0.0370273698	0.0412191774	0.0336925606	0.04207039480000002	0.2086146603	-0.047595854900000005	0.0037633809999999997	-0.1114466142	0.0383242581	-0.1004651528	-0.0587173017	0.1405829277	-0.0243986156	0.0635483344	0.0551289646	0.0512626007	0.1210254657	0.022808638500000002	-0.0600982392	-0.016224485900000002	-0.0708877903	0.0259297158	-0.08091722330000001	-0.1060858107	0.0339944408	0.063096525	-0.046277021200000004	-0.07608091759999999	-0.096383056	-0.0241193875	0.0094427729	-0.0687403958	0.0435166816	-0.0315855944	-0.0295864773	0.0900327168	0.015782382	-0.1562840806	0.0588402425	0.0104166313	-0.1060491775	0.0172803852	-0.0042239814	-0.0073272197	-0.0208427521	0.0008226696	-0.09494665599999999	-0.084926175	0.0333614199	-0.06643796469999999	-0.0024749097	0.0765241428	-0.1379791039	0.17169917070000001	0.0485424197	-0.0062628589	0.0601816393	0.005781895	-0.00531623	0.0186241855	0.0004289464	0.057749948899999994	6.37277e-05	0.0834711056	0.0615214551	0.0081248555	0.0020778194	0.0408295792	0.0093703754	-0.051921765	0.002525029	-0.11465711390000001	0.050751452300000006	0.028375662599999997	-0.09817614179999999	0.098209874	0.0566459444	-0.010917681200000001	0.0287759784	0.0376960945	-0.045038898099999995	0.1055979841	0.0075175938	-0.0384143185	0.0859174742	-0.0042620983	-0.2060533191	-0.0599134651	-0.0494523229	0.018593311499999998	-0.16273394060000002	-0.0157714242	0.087415522	-0.1282288182	-0.000571918	-0.0023827986	0.0166747514	0.0130947401	-0.0769282756	0.049446690999999994	0.0458648373	-0.06040421610000001	-0.012065283100000001	0.0763046233	-0.0884938642	0.040318290699999995	-0.122496	4.500000000000337e-05	0.015005270016	2.0250000000003035e-09	-0.110743	-0.0700336	0.012264012049	0.00490470512896	-0.38318	-0.019119	0.1468269124	0.0003655361609999999	0.00173566	0.0006234699999999999	3.887148408999999e-07	3.0125156356e-06	0.00187364	0.00010730000000000006	1.1513290000000012e-08	3.5105268496e-06	0.0008300859999999997	3.6957999999999696e-05	6.890427673959997e-07	1.3658937639999776e-09	0.0	0.0
5471.98428673716	5.485825360799026	29942612.034298386	30.094279889185767	5454.145605161728	-6.16127562082238	29747704.28230499	37.96131727574021	4491.836667695117	-5.917122360873691	35.01233703355144	20176596.649250373	4472.08835228641	5345.558983443621	1.127792	25.54451	0.16928585	0.105948	0.041322715600000004	-0.046567314400000004	-0.058405594400000004	-0.0434762999	-0.035677085	-0.08458681	-0.0192810276	-0.0753886529	-0.0422171628	0.044050689000000004	0.013992530100000001	0.05933714480000001	-0.07082829759999999	-0.0007191548	0.031905497000000005	-0.0495424365	-0.0367653936	-0.0955985653	0.0480334628	-0.0839016767	-0.0399247099	0.1009229883	-0.040200327	0.025429412400000004	-0.021864943799999998	-0.0534197643	0.024948608100000002	0.0979645435	0.042479647999999995	-0.019754453600000003	-0.19096553289999998	-0.0191579502	-0.016037373	0.048890072	-0.108997242	-0.0352170133	0.0688241326	0.0800860043	0.0108504306	0.0036725421	-0.05160203519999999	0.0319749698	-0.0912887392	0.0720602921	-0.0163659981	-0.0473333799	0.0378350442	0.0374371756	0.0264657346	-0.0449226187	-0.07880467690000001	0.049465038200000006	-0.0415750874	0.10364016820000001	-0.1258070053	-0.039066415099999995	0.0119093999	-0.0474198586	-0.10389855449999999	0.0005603822	0.1273521987	-0.0325994013	-0.0283318638	-0.0509351633	-0.006306805600000001	0.0073871954	-0.0772110696	-0.1459282585	0.0828871939	0.1631417349	0.049822327199999995	0.0161042988	-0.0116591044	0.0760579453	-0.0013807865	-0.054670415800000004	-0.0319930221	-0.0482096063	0.0690668765	0.0449366191	0.157817591	0.10012184	-0.0056894128	0.1711668338	0.0724407929	-0.0499119252	-0.0179126433	-0.035724787599999995	0.07125080269999999	-0.0593549563	-0.1065310018	-0.1086441858	0.0498136697	-0.0390300326	-0.0089171116	0.028548254199999998	-0.033597309	-0.0690692687	0.0425958888	-0.0200526527	-0.0334860207	-0.0858729808	-0.0397834123	0.1063684684	0.031018384	-0.018170894	0.0094726779	0.029697839	-0.043975435099999995	0.1022413019	0.0786265897	-0.0157400231	-0.1525919623	-0.046400848499999994	0.0449871208	0.033067164100000004	-0.0923091773	0.0898322419	0.0853497825	0.0593569692	-0.0152518162	-0.0123351134	0.1131734985	-0.0801160318	-0.0415302343	-0.0616439071	0.0112480603	0.0271783352	-0.0228160643	-0.0422621283	-0.07917966900000001	0.0360895719	0.0332383856	0.0375554453	-0.017715597	-0.1016428565	0.10518994300000001	0.014975833400000001	-0.070681946	-0.0023725281	0.127884227	0.0453303281	0.0115346846	-0.1522287617	-0.033153977200000004	0.0386360085	-0.051914992400000005	-0.0225346012	-0.1094876828	-0.0949777547	0.1244935219	0.021472136800000003	0.06949019570000001	-0.1251751513	0.0552069812	-0.09135983880000001	-0.0241968943	-0.0086154533	0.0575498368	-0.0537621855	-0.0990905197	-0.08515974189999999	-0.1551964112	-0.0425274386	0.0413817717	0.0600407137	0.0589312512	-0.0413808002	0.0405157139	0.0473099378	-0.0702718054	0.061536824800000015	-0.0778948922	-0.023884712599999997	-0.1445047593	-0.0396795533	-0.0156740779	-0.0546578759	-0.0099280039	-0.057433528899999996	-0.0438009485	-0.001936011	-0.0097501572	-0.0613091217	-0.0096623322	0.074233526	-0.08963296050000001	0.04566016	-0.12053	0.0019660000000000094	0.0145274809	3.865156000000037e-06	-0.0184583	0.0922847	0.00034070883888999995	0.008516465854090003	-0.339716	0.043464000000000065	0.11540696065599998	0.001889119296000005	0.00124496	-0.0004907000000000001	2.4078648999999995e-07	1.5499254016e-06	0.00181628	-5.736000000000001e-05	3.290169600000001e-09	3.2988730384e-06	0.000913449	8.336300000000024e-05	8.34389075601e-07	6.949389769000042e-09	0.0	0.0
5464.256961186299	-7.727325550860769	29858104.13787293	59.71156016898569	5475.5331033206185	21.387498158890594	29981462.765559927	457.4250774965485	4493.679914811593	1.84324711647605	3.3975599323972734	20193159.17678113	4474.2760478716145	5253.808705591722	1.146443	25.966942	0.1630856	0.09659740000000004	0.027781813399999997	0.0213987004	-0.0992993382	0.0456588993	-0.0404891835	0.0161522116	0.0568535359	-0.0710360138	0.0185027149	0.0681713878	0.029843412000000007	-0.029374391	0.012585758999999998	0.040543699	-0.0183647605	0.0826811603	0.024035019900000003	0.050322321100000005	-0.051144389400000004	-0.0792735323	0.0007084281	-0.0442806589	-0.10122094429999999	0.0723582813	-0.0469340422	-0.0016885709	-0.0195826174	-0.1326266042	0.014960818999999997	-0.0048102781	0.0249896329	-0.0045783502	-0.0626154727	0.05809343700000001	-0.0662558607	-0.0583024301	0.0295332975	0.0894527392	0.0641918957	0.0011512851	0.0008488863000000001	0.0414947031	-0.1131896567	-0.1002585405	0.0276689681	0.023373048700000003	0.0664339607	-0.0084361889	-0.0039659388	0.0806978663	0.054170450499999995	-0.05481019559999999	0.08962298910000001	-0.1055395411	0.026566051	0.047594866	0.018013311	-0.0161066247	-0.0720546697	0.047621516600000004	-0.1088074375	-0.077096854	-0.1881901564	0.0644424819	-0.011346579099999999	-0.0443982056	-0.0338634983	0.0277928894	0.1742975066	0.0019704557	-0.0354377417	0.011238565	0.0272720577	0.023281330299999996	-0.0371033079	0.0014871745000000001	0.0793954227	-0.0376329861	-0.1337578455	0.0537038714	-0.0426130621	-0.0319069772	-0.0037073465999999996	0.04854692769999999	0.10337562189999999	0.042738739500000004	-0.0727562898	0.023774471600000003	0.12712580380000002	-0.0328650417	0.0009920134	-0.1195835898	-0.0217705854	-0.05185620639999999	-0.0796424209	0.0337783991	0.047603655700000004	0.0105215201	0.028082174300000002	-0.0749977804	0.1144096507	-0.0814440441	0.0017166387	-0.0253885722	0.09840504789999999	-0.0785687088	0.0311781598	-0.0083451662	-0.0177801726	-0.1364135696	0.0098121311	0.0196313329	0.0408150921	0.0027669083000000003	-0.021607752200000004	0.07776429019999999	-0.03268497	0.0942816489	0.0857376876	0.0347792126	-0.0191894977	0.033971867	0.0074637438	-0.1260265417	0.0057378936	0.09769725470000001	0.0632375031	-0.0127864964	-0.06621465929999999	0.0269150006	0.0224507943	-0.0720388362	-0.008871307	-0.0180589082	0.0262151423	0.0308980334	-0.09764708359999999	0.07469110820000001	0.03716427	-0.0910237908	0.0638709484	0.1041056693	-0.0500462488	0.1313039721	0.07970215	0.0300553339	0.0361123488	0.1094678893	-0.0952114057	0.0220960661	0.1492085699	-0.0561418479	-0.0202171952	0.0463112822	-0.049287295300000006	0.0384192261	-0.023241789300000003	-0.032320345099999995	-0.04393755	-0.042382914800000004	0.0186775693	0.1084874283	-0.0267102382	0.033663299	0.0165666317	-0.0285523177	0.0995932306	-0.0864907647	0.0384718898	0.1306952349	-0.0376017468	-0.0637735754	-0.1085445712	-0.0742860025	-0.0509981882	0.009201667	-0.0827980574	-0.0472207666	-0.0327833197	0.012557000700000001	0.056815110700000004	0.1183330366	-0.07452543360000001	-0.062203345	-0.0072526474	0.07204603429999999	-0.0905222337	0.050803206600000005	-0.11770000000000005	0.002829999999999944	0.013853290000000013	8.00889999999968e-06	-0.104138	-0.08567970000000001	0.010844723044000002	0.0073410109920900015	-0.367356	-0.027640000000000053	0.13495043073600002	0.000763969600000003	0.00186489	0.0006199299999999999	3.843132048999999e-07	3.4778147121e-06	0.00167014	-0.0001461399999999999	2.135689959999997e-08	2.7893676196000003e-06	0.000740801	-0.00017264799999999996	5.48786121601e-07	2.980733190399998e-08	0.0	0.0
5468.886331758359	4.629370572059997	29908717.7096934	21.43107189345511	5449.420184935345	-26.11291838527359	29696180.35198077	681.8845065959594	4498.374580385722	4.694665574128521	22.03988485290748	20235373.86546042	4478.185337678133	5331.061497067807	1.1489049999999998	26.022709	0.10175235000000002	0.061224699999999986	0.0243085266	0.0026018204	0.0552608578	0.1039749043	-0.006598839699999999	0.0047623321	0.044237224000000006	0.0581197677	0.10290871380000001	0.001397301	-0.0127040307	0.009177338	-0.060687765899999996	-0.029449520099999998	-0.0222551083	-0.0190656274	0.0519725038	-0.0184461673	-0.0171158098	-0.0103639083	-0.025257886	-0.0871222789	0.0382671431	0.0019071943	-0.010999758500000002	-0.013389501399999998	0.0101142944	-0.029581568399999997	0.0383443496	-0.005772747	0.0249784342	0.0372497221	0.027854663999999998	-0.0304426859	0.011851506699999998	0.0551442114	-0.041433649100000004	-0.0868654604	-0.0668866143	-0.0400713293	0.013387766200000002	-0.0846825298	-0.0765074594	-0.0435784235	-0.1040025433	0.028756635200000002	0.028417575299999998	-0.057284655	-0.1004138894	-0.0860769197	-0.012259146399999999	0.028180503500000002	0.0455440804	-0.0726295927	0.010082948000000001	-0.1700682682	-0.017153691699999998	-0.06757339400000001	0.0893733608	-0.0966959026	0.08588242189999999	0.0054729565	-0.058301689500000003	0.0220957537	0.006216340799999999	0.0365461444	0.0363055858	-0.004153235900000001	-0.0299589298	0.1710660568	0.008235808	-0.057845855999999994	0.157052756	-0.0460580383	-0.0716429276	0.050812709299999995	0.0094946379	0.0847967608	-0.06837685610000001	-0.019405783700000002	0.011465262	-0.0156156247	0.0121483824	0.062028282000000004	-0.058237900599999996	-0.058185375	-0.0442737135	0.0806600737	0.0631225989	0.0645640915	0.023002341200000002	-0.0269581774	-0.0651959768	-0.007902267099999999	0.10966759599999999	-0.0081674116	-0.006695710600000001	0.08751649119999999	0.004326754600000001	0.0348280164	-0.00650212	-0.008631212099999999	-0.0280631261	-0.09196564289999999	-0.025375345499999997	-0.0045592185	0.013707168200000001	-0.0010998799	-0.022621713300000002	-0.020342921899999998	0.0190150284	0.0157222545	0.0023186492	-0.0082546523	-0.010749936000000002	-0.057952559800000004	-0.014857248500000001	-0.0632270166	-0.11870782140000001	-0.1003977876	0.008935950600000001	0.0314370325	-0.026386805299999996	-0.0532476375	-0.0936570964	0.0567990717	-0.0973872908	-0.024469837799999998	-0.021919926	0.0245518973	0.0822503289	0.0719418892	0.0272545008	0.022512502200000003	0.079376239	0.0015569763	-0.0852038886	-0.1354258481	-0.1070174377	0.0652875332	0.029157016400000006	0.0003420219	0.11076951060000001	-0.033532025099999994	0.044894600599999994	-0.013944251699999998	0.0379379636	-0.0434040699	-0.0256047134	-0.013897446200000002	0.0861447786	0.1541785003	0.0591458037	0.0388820994	-0.1229734631	-0.0370953146	-0.0622914033	-0.090254286	-0.011508800100000001	0.10121976220000001	0.000218326	0.010842105	-0.0397785358	0.015284170500000001	0.0361908047	0.0650018921	0.0097210801	0.042723794	0.0549133742	0.0350971221	0.023393353999999998	-0.0894785137	-0.0158934377	-0.019593197	-0.0291267021	-0.024052645499999997	0.12396741380000001	0.03829445	0.1061813501	-0.0103544861	0.004151444000000001	-0.0150744798	-0.0208786608	-0.0630867301	-0.0048379081	0.0697455783	-0.0911592051	0.0557250359	-0.117884	-0.00018399999999993422	0.013896637455999998	3.385599999997579e-08	-0.0554794	0.04865860000000001	0.00307796382436	0.0023676593539600013	-0.335835	0.03152100000000002	0.11278514722500001	0.0009935734410000013	0.0018544	-1.0489999999999935e-05	1.1004009999999865e-10	3.43879936e-06	0.00133571	-0.0003344300000000001	1.118434249000001e-07	1.7841212041e-06	0.0008236559999999998	8.285499999999973e-05	6.784092063359996e-07	6.864951024999956e-09	0.0	0.0
5461.664054613983	-7.2222771443757665	29829774.24546245	52.161287150172576	5457.076502075687	7.656317140342254	29779683.949506614	58.61919215349858	4496.255459146411	-2.1191212393105157	4.490674826896939	20216313.153903905	4476.054766586633	5332.219941564497	1.049752	23.776894	0.07159730000000003	0.0339641	0.0100976328	-0.0291162854	0.05439708150000002	-0.0401727761	-0.0238090651	-0.0024961301999999997	0.0385840021	0.1007199008	-0.07329953480000001	-0.0039578966	0.050187926900000006	-0.0053724525	-0.0068384846999999995	-0.0309992624	-0.0143363652	0.027854442200000003	-0.0257284486	-0.07167339860000001	-0.031755294100000005	-0.0458755173	-0.0173109319	0.0255143083	0.0833749793	0.062122401699999996	0.0009036177	-0.0471377144	-0.0266942594	-0.0919548198	-0.0322586314	-0.0192368138	0.042617950300000006	0.0811492426	-0.048188197800000006	-0.0163011585	-0.0039768577	0.0582603813	0.0512099885	-0.0186202671	-0.1364720505	0.053703004400000004	0.0894911458	0.010402109599999999	0.046986102300000006	-0.0663407053	-0.10890638300000001	-0.0072103589	0.011017808799999999	-0.0351603779	-0.0655033431	-0.0684230338	0.009992549	-0.028489354300000002	0.009480700699999999	0.1063116791	-0.0138807754	-0.09695799890000001	-0.1107393783	0.033043067	-0.044571667599999996	-0.0087081606	0.0379945661	0.0772039554	-0.04579644980000002	-0.043305868600000005	0.0355222391	0.10410890310000001	0.0637756812	0.059459890599999995	0.0129368972	0.0192837952	0.0373155271	-0.0112330632	-0.10520926779999999	0.0123465759	-0.0266894573	0.0720028707	0.0362017916	0.0625425235	-0.0037834809000000004	-0.0248154354	0.0664842342	0.0646496021	0.0384414145	0.001074067	0.0214545287	0.0928056133	-0.1181178551	-0.0038545306	0.048465763099999996	0.0138484978	0.0540196606	0.0159830002	0.0272501078	0.014356055	0.045117845499999996	-0.040802164700000004	-0.0911263727	-0.031822852400000004	0.0349782	0.05519060889999999	0.0162387954	-0.042991620300000005	-0.018436461100000003	0.0128626606	-0.0869771356	-0.05699910690000001	-0.0061716825	0.040666848900000004	-0.02070907	-0.0780084252	-0.007365235	-0.0048090626000000004	0.0031205632	-0.0403734935	-0.09418617800000001	-0.047908984	-0.0782487895	-0.0621812217	0.020647075900000002	-0.0827652807	-0.06538630150000001	-0.0284042456	-0.0875579226	-0.0007759294999999999	0.0717105325	0.044223897699999994	-0.1307661141	-0.0034531743	-0.0330364996	0.0037944505999999998	0.054112746399999995	0.0364890487	0.0109176401	0.0490137228	0.0042592786	0.018053688300000002	0.0749662279	-0.11267748970000001	0.0370091387	0.0279525816	-0.008307347	0.06190688990000001	-0.0070923424	-0.09790021859999999	0.110179504	0.014187369699999999	0.013655553999999999	-0.1092197095	1.29933e-05	0.115925788	0.007439460699999998	0.0175515403	0.011585088	-0.0568571104	0.0916555551	0.0696893431	0.0390673285	-0.0323383628	-0.0244941137	0.0263953023	-0.006221065400000001	0.0020200247	-0.0696162672	-0.0611885477	-0.028018675299999997	-0.0841348333	0.0577132453	-0.0033335815	0.11522237140000001	0.012421111	0.0075631367000000005	-0.0634294603	0.043250070999999994	-0.0320193642	-0.014472676100000003	0.019294872299999998	-0.050034799000000005	0.0316877125	0.0633757458	-0.0743294659	0.011447974	-0.0101834512	-0.0240135518	-0.06395912320000001	-0.0024197973	0.0673357648	-0.09154209949999999	0.06040421610000001	-0.122675	-0.004791000000000018	0.015049155625	2.295368100000017e-05	-0.07798669999999999	-0.022507299999999997	0.006081925376889999	0.0005065785532899997	-0.353762	-0.017926999999999967	0.125147552644	0.00032137732899999887	0.00160024	-0.00025416	6.459730560000001e-08	2.5607680576e-06	0.00139777	6.206000000000007e-05	3.851443600000008e-09	1.9537609729e-06	0.000612436	-0.0002112199999999998	3.75077854096e-07	4.461388839999992e-08	0.0	0.0
5456.438158652442	-5.225895961541028	29772717.37919845	27.309988600850826	5455.759018931408	-1.317483144279322	29765306.4726514	1.7357618354601287	4492.471776411599	-3.783682734811919	14.316255037713802	20182302.661854792	4472.279565985971	5268.612338514064	1.011323	22.906473	0.032003199999999996	0.014543	0.0211205958	0.0002211044	-0.058695680599999994	-0.0572358122	-0.013672683100000001	-0.0492900255	-0.0074747364	-0.053313949000000006	-0.0544031025	0.0518061633	0.0201510969	0.0409608983	-0.0066029638	0.0276934246	0.0111815507	-0.013946014199999999	-0.07159216610000001	-0.0381787433	0.0051005385	-0.0569377399	0.010304174499999999	0.0755511685	-0.0412209904	0.026339112799999998	-0.00027576200000000003	0.0889664472	-0.0297612256	-0.0264697219	-0.0451712388	0.0595230429	0.15752029480000002	0.0770376149	-0.0443660483	0.0515585534	0.06272582980000001	0.056119260899999995	-0.08664905310000001	-0.0048292466999999995	-0.0951919526	0.00697674	-0.0493643236	0.0141490851	0.0651864719	-0.0310119441	0.0122102132	0.0265064961	-0.0197426263	-0.020321281899999998	0.041916242400000005	-0.08531656970000001	0.0001310308	-0.0373406159	0.0494599934	-0.0115471804	-0.0868803728	0.008579458100000001	-0.047236267400000004	0.027869145	0.0393577019	0.0263862638	-0.10090629779999999	-0.1162510924	0.023294421699999998	-0.0250984864	-0.046777477000000005	-0.0878267274	-0.1092319851	0.08556853710000001	0.0079604292	0.0167621513	0.0544910016	0.0929349406	0.0388693191	0.0400979467	0.0777715656	-0.0195882778	-0.0097650421	0.0561995171	0.12379313130000001	-0.0142685526	0.0165058459	0.0050485334	0.0016494576	0.0335662866	-0.000907096	-0.0744860093	0.0266091259	-0.0151189545	0.0903071815	0.1438334622	-0.0122971603	0.0606382152	0.1125298339	0.0057416507999999995	0.0477511413	0.0292531727	-0.0698726577	0.10280829789999996	-0.0364734252	-0.04066416	-0.0352972898	-0.059913613899999996	0.0117223269	0.0802458149	0.0315433195	-0.023402098	-0.0053271213	-0.0489120426	0.0683590853	-0.0228912732	-0.0406854777	0.0655124636	0.0973768285	-0.0270531029	-0.11364042810000001	0.052131527000000004	0.0065876099	-0.11489973390000001	-0.1006536631	-0.025670582	-0.0926384484	-0.0417150601	0.0085988147	0.06688781740000001	0.0615008904	0.030235927200000002	0.0061541868	-0.024546752999999998	0.0228812092	0.0177841309	-0.0094616905	0.0198580218	-0.0604785169	0.0984640449	0.021955664500000003	-0.0201220057	0.011695103500000002	-0.0274874361	0.0303944959	-0.0087654486	-0.043249065999999996	0.028920357200000007	-0.0654119536	0.0968950825	-0.050174292	0.08839956130000001	-0.057129871900000004	0.1924576354	0.026671679700000003	-0.0043785961	0.0008977334	-0.024189737700000002	0.0806466346	-0.1195280403	-0.024541716499999998	-0.0632338039	0.015476922800000001	-0.0424266583	0.0302747729	0.0451908894	-0.0537341935	-0.0762474635	0.0656134368	-0.0131990992	-0.0254467287	0.10019643449999999	-0.023104003900000003	-0.0401409587	0.0356185904	-0.0525653505	-0.0730511611	-0.0911872355	0.1031174339	0.059316404	-0.0841578646	-0.051614438	0.0171265196	0.021456615699999997	0.1018456392	0.0700232145	4.73592e-05	0.024623596299999998	0.0233929327	-0.0648203724	-0.0	0.0648203724	-0.0916698497	0.0648203724	-0.126804	-0.004128999999999994	0.016079254416	1.7048640999999953e-05	-0.0744593	0.003527399999999986	0.005544187356490001	1.2442550759999902e-05	-0.342691	0.011071	0.11743712148099998	0.00012256704099999994	0.00175519	0.00015495000000000005	2.4009502500000016e-08	3.0806919361e-06	0.00145838	6.061e-05	3.6735721e-09	2.1268722244e-06	0.00056248	-4.995599999999998e-05	3.163837504e-07	2.495601935999998e-09	0.0	0.0
5454.235221634803	-2.2029370176396696	29748681.85292165	4.852931503687162	5466.622040328581	10.863021397172815	29883956.53180621	118.00523387543444	4496.939309220537	4.467532808937903	19.9588493989366	20222463.150812887	4477.076394067144	5200.630260970147	1.079075	24.441061	0.04928409999999997	0.0239234	0.013456736100000002	0.056553390099999996	-0.1020084418	0.0093269099	-0.0292756056	0.0072597031999999985	0.0389535823	-0.0474848063	0.055555647300000004	0.08500346810000001	0.0673844457	-0.012592491200000002	0.04289481059999999	-0.0138106894	-0.0010269342	-0.0032393989	0.032480956400000004	-0.0027269332	-0.039448434500000004	-0.0247936219	0.0012462931	-0.030779111600000002	-0.1344687339	0.051087201500000005	-0.0010421869	-0.04961649519999999	-0.0269672767	-0.0120799954	0.0612216981	0.0149401945	0.1179868391	0.0097169241	-0.0645378915	0.0159949423	0.0218487352	0.052075692199999996	0.009578608399999999	-0.1085379806	0.06706252830000001	-0.0393751816	0.0319686943	0.058645230300000004	-0.043802216799999995	0.0866785495	0.0166007655	0.052157582300000005	-0.0038882228999999996	-0.08680420720000001	-0.06933953	0.12913850470000002	-0.1113295182	-0.029351039	-0.0217403949	-0.0401017666	0.005909777	-0.1299026681	0.0347737007	-0.0362237606	0.014244167299999999	0.0219810703	-0.0559796785	0.0021090832	0.0486911817	0.0419823271	0.036668300099999995	0.0216897014	0.050568530300000004	-0.1267066197	0.09754059820000001	0.027823669	0.0643577777	0.0309478282	0.09460243509999999	0.0167813221	-0.1326975177	0.0261981144	0.0331957016	0.0154018691	-0.1148950986	-0.0115162789	0.021139243	-0.0859306368	0.0546983221	-0.0016207453	-0.031774896600000005	-0.0584408221	0.0148643474	0.0362304754	0.0400064436	-0.0101278167	-0.10602288480000001	0.0124397624	0.12572466300000001	-0.0420634197	-0.0836940748	-0.0076409253	-0.1361935834	0.1100881844	-7.60501e-05	-0.020126883300000002	-0.055328302	-0.0283423271	0.0034056692999999997	-0.0132714926	0.1266422547	-0.0612418236	-0.003385395	0.057991712699999996	-0.0090601404	-0.0215803813	0.0340688174	0.0266664799	0.1052607564	0.05853139900000001	-0.0732115628	0.0316499367	0.0070776215	-0.0420211643	-0.012455301399999999	-0.038643959500000005	0.1161524237	0.0557192937	-0.0385657216	-0.0161711737	-0.0069467146	-0.1042388115	0.0480221678	-0.0606013866	0.018987606299999998	0.0780672992	0.0697607114	-0.0687097259	0.1602298012	-0.071695589	0.032046304	-0.0191406706	-0.043303441799999995	-0.1188363464	-0.06914338	-0.0511874991	-0.0008497603	-0.0221231826	-0.029033512	0.0008390302999999999	-0.0070243093999999996	-0.074396617	0.02178873	-0.065870236	-0.0487199868	-0.0569363064	0.08395455439999999	-0.0273936802	-0.048815005099999996	-0.0535844418	-0.1487755588	0.0637875909	-0.0974873568	-0.014465666499999997	-0.0052539624	0.0283660678	0.0376593468	0.020674333200000002	0.0072467326	0.0705572948	-0.013445240800000001	0.0454248525	0.0435026836	-0.053031377000000005	0.0289712347	0.025224128	-0.09093797519999999	0.031727207	0.0852630652	-0.002899473	-0.1410825469	0.052556968499999995	-0.0656302803	0.0192060982	0.1731382306	0.0546459346	0.0207346224	-0.0120238151	0.0539014671	-0.0656703274	0.0024197973	0.062203345	-0.09154209949999999	0.0689542748	-0.128185	-0.0013809999999999931	0.016431394225	1.9071609999999817e-06	-0.06453300000000001	0.0099263	0.004164508089000001	9.853143169e-05	-0.353865	-0.011174000000000016	0.12522043822499998	0.00012485827600000038	0.00140552	-0.0003496700000000001	1.2226910890000005e-07	1.9754864704e-06	0.00145838	0.0	0.0	2.1268722244e-06	0.000376094	-0.000186386	1.41446696836e-07	3.4739740995999985e-08	0.0	0.0
5466.051345467798	11.81612383299489	29877717.31129032	139.62078243666986	5457.417414156147	-9.204626172433565	29783404.83233477	84.72514297424895	4502.448553701261	5.509244480723282	30.35177474837995	20272042.978726573	4482.43315720237	5236.430283719899	1.145231	25.939501	0.07425525000000002	0.0371825	-0.011118183700000001	0.0438000413	0.039277576	0.0705022727	-0.048504566799999996	1.416e-07	-0.027173838399999997	0.0178799675	0.1078295	-0.047612185	0.009543020400000001	0.0210939975	-0.040233998300000004	0.0015768784	0.0674806346	0.010954628300000002	0.022937261400000002	0.0178860635	0.0789718881	0.0373733273	-0.040868544300000004	-0.0777440413	-0.0182854754	-0.013881297800000001	-0.0260118482	0.026541157599999997	-0.0145101165	0.0301269093	0.0148548802	0.0287310156	-0.0148135549	-0.06745588870000001	0.0110208332	0.0402988615	0.0304854516	-0.07107864900000001	0.0290841235	-0.029178381099999998	0.0644294517	-0.0062137201	0.0274784993	-0.0318976133	0.044206506900000005	-0.0587503843	-0.0338604068	0.0773964632	0.022316508399999997	-0.0904365374	-0.041222033	-0.0933596539	-0.1090193508	-0.069367216	-0.0249352963	0.058326512699999986	0.0026500914	0.0765979267	-0.0218341922	0.0204258785	0.16236213630000002	0.15600331039999998	-0.0147607751	-0.09896612789999999	-8.27973e-05	-0.0651676732	0.0169002822	-0.0327126692	0.032522112799999996	0.0416378273	-0.0802230835	0.0635550342	-0.1040861568	0.0353763936	0.07124208	-0.0330297564	-0.0636208799	0.0111465099	0.0730379271	-0.036692456	0.0556613383	0.0316994166	0.059099900999999996	0.105526671	-0.0225942967	-0.0260206875	0.0113630378	-0.1258645639	-0.08723908130000001	0.0335177814	-0.05704008610000001	-0.0317137662	0.0204307633	0.1235244393	-0.0352974516	-0.0108652525	-0.1124662515	-0.06331354730000001	-0.0869320481	-0.0787008487	0.017014457900000002	0.1270178507	0.0101641863	0.036186995	-0.040649965499999996	-0.0719344547	0.02942146	0.011989665900000002	0.0227495516	-0.032503836	0.029140287999999997	0.0202712292	0.0104827414	0.0206474283	-0.0044381004	0.0206735063	0.0420780251	0.0585333896	0.07216316889999999	0.0392904156	0.0342607642	-0.024567381	0.0661785119	0.030236803599999997	-0.0255109301	0.059082315499999996	0.0143782876	0.0440510374	-0.059376683	-0.0492527859	-0.009723493599999999	0.0801305996	0.032467306	0.0529966956	0.0788238624	0.16825139690000002	-0.0437632949	0.0085226575	0.0462363083	0.0007133708	0.09228128470000001	-0.0599873555	0.07079467019999999	-0.15208487710000002	0.041945728	0.1045736138	0.0150831766	0.0896232415	-0.0537984944	0.0103526423	0.07681712339999999	-0.0128447209	-0.0367128833	0.0260505685	0.1095328049	0.0695216969	-0.0869992051	0.0551243728	-0.029058734	-0.0446285887	0.0233902149	-0.036432412000000004	-0.1081649399	-0.025188223399999998	-0.0629855079	-0.0430751239	-0.0127536447	0.0876145306	-0.1225422326	-0.017873696100000003	0.0969023218	0.0323157396	0.0229627184	0.0659410168	0.05938329360000001	-0.0203187801	0.0679936595	0.1417967237	-0.055883340700000006	0.0206477346	0.0132209468	-0.12043782900000001	-0.082275741	-0.1172876806	0.0247833804	-0.0665088402	0.0048379081	0.059488785999999995	-0.0911592051	0.0727879229	-0.12707000000000002	0.0011149999999999773	0.016146784900000002	1.243224999999949e-06	-0.08089439999999999	-0.016361399999999984	0.006543903951359999	0.00026769540995999946	-0.33065500000000003	0.023209999999999956	0.10933272902500002	0.0005387040999999978	0.00147054	6.502000000000005e-05	4.2276004000000065e-09	2.1624878916e-06	0.00103841	-0.00041997	1.763748009e-07	1.0782953281e-06	0.000562481	0.00018638700000000002	3.16384875361e-07	3.4740113769e-08	0.0	0.0
5468.094175830371	2.042830362573113	29900053.91575002	4.173155890250596	5473.256804950042	15.83939079389529	29956540.052931946	250.88630072173493	4508.651847654894	6.203293953632965	38.480855875179294	20327941.483361885	4487.696278340368	5315.281177713075	1.113747	25.226377	0.05650040000000003	0.0318146	-0.0034472344	-0.0061421091	0.09996474960000001	-0.0401412567	0.0149969015	-0.0066914637	-0.0057039384	0.12315017119999999	-0.0096074536	-0.0718010646	-0.05774864070000001	-0.0025143932000000003	0.03476748	0.0232279925	-0.0036887085	-0.0526111342	-0.1171071451	-0.0333280725	-0.0706895812	0.1228166423	-0.0634973628	-0.033199007	0.052749089900000004	-0.0027347434	0.0200849195	-0.0337348312	-0.0400641428	-0.0435493856	0.1286540002	-0.043438354699999994	-0.0098952378	-0.09157458310000001	0.0230955448	0.0726598049	-0.0072946823	-0.1315230221	0.0159081285	0.0040342186	-0.0212020037	-0.0093338056	0.1140701	0.0347874232	0.032520388399999996	0.10041695949999999	0.054058456799999995	-0.009073450799999999	5.23708e-05	-0.1523400564	-0.0456350161	0.0296748433	-0.0976119179	-0.08905480589999999	-0.0901875586	0.0866832371	0.0019306732	0.10701076400000001	0.1050690532	0.034927712	0.018718734299999998	-0.050140739299999994	0.0209617884	-0.09778129529999999	-0.0349015456	-0.0547405385	-0.0499599446	0.022126498799999998	0.0090092034	-0.0694420211	-0.1933557243	0.0413765563	-0.037925743399999996	-0.071052571	0.0207435361	0.0662739887	-0.07628327780000001	0.0285531197	0.0668577945	0.0634253944	0.1080434704	0.0210435845	-0.1291611741	0.0299306061	0.026207683199999998	0.043223745099999995	-0.0102550078	0.0244418309	-0.0440438222	-0.0147542388	-0.2194721662	0.0096378846	0.0499078375	-0.038467988700000004	0.1251032585	-0.0332780952	-0.0169963613	0.0902946526	0.0862628797	0.0435862571	0.0099573761	-0.0280776743	-0.1020969988	0.1253564182	-0.063792838	-0.0363301751	-0.0441521479	0.0135189194	-0.0343448685	0.033132685499999995	-0.0017241611	-0.0523109761	0.14905701	-0.0437692829	0.0024048222	0.031693779	0.0845853117	0.0755605756	0.0549538928	0.0754455072	0.0708477425	-0.05688949030000001	-0.0460748579	-0.0065452374	-0.0976074285	0.019732014	0.0161202001	-0.1402678242	0.021554890499999996	0.0242578315	-0.0181602031	0.1595946594	0.05421462480000002	-0.0517852553	0.0791679876	0.0739463736	-0.0726876028	-0.034969574100000005	0.1272599972	0.0852896231	0.0104319961	-0.0304158793	-0.0371825631	-0.0066284205	0.0876648135	0.0902304456	-0.0853954382	-0.0007151626	-0.0084113329	-0.0725139083	-0.0276909185	-0.10521054880000001	-0.10351198439999999	0.1339731592	0.031344074900000005	0.0755611154	0.0166635659	-0.0066905463	-0.0647916801	-0.0365899919	0.0249387696	-0.0073834502	-0.11652613349999999	0.002210495	0.0775677407	-0.0781490276	-0.0681621892	0.0266930516	0.0732981662	0.032472206	0.043184950300000004	-0.0645202092	0.20307827469999998	0.0918179203	0.0430625964	0.011023943999999999	-0.0453945523	-0.0296241927	-0.0398067256	-0.0772394409	-0.017272776899999998	0.16701625109999998	-0.0212097821	0.037600719399999996	0.07462016120000001	-0.0673357648	0.0072526474	0.0566809517	-0.0905222337	0.0763046233	-0.12357000000000005	0.003499999999999961	0.015269544900000013	1.224999999999973e-05	-0.0561265	0.024767899999999995	0.0031501840022499995	0.0006134488704099997	-0.349843	-0.019187999999999927	0.12239012464899995	0.00036817934399999716	0.00134737	-0.00012316999999999992	1.517084889999998e-08	1.8154059169e-06	0.00109613	5.772000000000004e-05	3.3315984000000044e-09	1.2015009769000002e-06	0.000562481	0.0	3.16384875361e-07	0.0	0.0	0.0
5469.427855142181	1.3336793118105559	29914641.0626052	1.7787005067514785	5468.107612068087	-5.1491928819550585	29900200.85715696	26.514187335576647	4503.944923187997	-4.706924466896453	22.155137937068453	20285519.87111093	4483.905358919294	5272.900846355514	1.156976	26.205523	0.13527509999999998	0.07337869999999999	-0.027227967000000002	-0.0008091584	0.016920854699999998	-0.0676890756	-0.0342086058	0.0297507756	-0.0377601029	-0.0231770998	-0.1035517569	-0.035104483900000004	-0.0203905125	-0.014465593300000001	0.0346823982	0.0205367155	0.0099031442	0.030589187799999997	0.014500370700000001	0.08860141960000001	0.0948836198	0.0771986284	-0.0176485837	0.04708915650000002	0.0016749142999999999	0.0007373005	0.0055251338	-0.0117645156	-0.013627724499999999	-0.0846827253	-0.09615472580000001	-0.0654636883	-0.0451190437	-0.07861392240000001	0.0343350942	0.0426184793	-0.0290106218	-0.0734760463	0.0851459059	0.0535792558	0.0720659243	0.0082781309	0.09472012490000001	-0.09536818	0.0623933541	0.016601426699999998	0.126140144	-0.0394604232	-0.006468016	-0.0024950678	-0.0394877841	-0.031638794399999996	-0.0347294498	-0.038204097400000005	0.072882486	-0.025365511299999997	0.0765116623	0.0297675931	-0.07842513799999999	-0.0819444156	0.1355039578	-0.1315188168	-0.11366650560000001	0.0144521023	0.008706765	0.0577653569	-0.0676900162	0.0456796341	0.0188960441	0.0022970953	-0.0169247696	-0.07349880290000001	0.0769164931	0.048979387400000005	3.50133e-05	-0.0441544076	-0.0017516727	0.049778597599999995	-0.030282965	-0.09495315900000001	-0.0203246808	0.043752238	0.0589703697	-0.0545085916	0.012033733100000001	0.0227235846	-0.0599087367	-0.0380977418	-0.0525386204	-0.041438464700000004	-0.0085667257	-0.090509171	0.0274384986	0.0839477067	0.0219663333	-0.1714131672	-0.061582158	0.0859537292	-0.0915926735	-0.0198860917	0.0304215781	0.0810238705	0.0008383609	0.07720392849999999	-0.0180283641	0.048134362300000004	-0.0173140396	-0.0083881852	-0.0010627524	0.025044150699999997	-0.0036705065	-0.08484024710000003	-0.08905199109999999	-0.0649826257	-0.0260108592	-0.010698219299999999	0.09053502869999999	0.053903645300000004	0.0024086126000000003	0.07589865559999999	0.13125203119999998	0.0308073723	-0.0004572029	0.029451611200000002	-0.0988475548	0.07084837179999999	-0.053896262599999994	0.0007619802000000001	0.037935836	0.10914840640000001	0.008947873	-0.009898729200000001	0.022686582799999997	0.0049337088000000005	0.0160580028	0.0649686894	0.07436430000000001	0.045126489000000006	-0.0720338061	-0.027923352599999996	0.014493457	0.1730493954	-0.08332874309999999	-0.0379508095	-0.0098230171	0.120331235	0.0176984108	-0.10502775869999999	0.0392253265	0.021351124500000002	-0.022481826099999998	-0.0024826669	-0.0570012082	-0.051470777300000006	0.0184905603	-0.0326842309	-0.0468695078	0.026277914700000002	0.0578389535	0.018506570700000002	0.0730055493	-0.0875718616	0.0036249998999999997	0.030445554	-0.07891868099999999	0.10821534880000001	0.0137712875	-0.0055280372	0.024707454900000002	0.060067848099999994	0.0399543036	-0.058661743899999994	-0.0219515152	0.0444327167	0.0641743592	-0.0817996293	-0.0145833196	0.14920735970000001	0.011567746	-0.15757762039999998	0.0623555227	-0.0086936259	-0.0881154375	-0.1373878743	-0.0991417952	-0.068150957	0.0096623322	0.0537842446	-0.08963296050000001	0.079489063	-0.126957	-0.003386999999999932	0.016118079848999996	1.1471768999999535e-05	-0.111202	-0.0550755	0.012365884804	0.0030333107002500003	-0.368726	-0.018883000000000042	0.135958863076	0.00035656768900000144	0.00217285	0.00082548	6.814172304e-07	4.7212771225e-06	0.000924487	-0.00017164300000000008	2.9461319449000026e-08	8.54676213169e-07	0.000401012	-0.00016146900000000002	1.6081062414399998e-07	2.607223796100001e-08	0.0	0.0
5458.066919232365	-11.360935909816362	29790494.49481868	129.07086474695492	5474.234559736363	6.126947668275534	29967244.01501197	37.539487729787005	4499.014396517027	-4.930526670969812	24.31009325314465	20241130.54006747	4479.223450750788	5308.859819690455	1.186394	26.871843	0.189603	0.10184	-0.015811485400000002	0.0251070875	-0.0890843431	-0.0293201304	-0.012252088000000001	0.027127866299999998	0.0758434157	-0.0041029734	-0.022884851499999997	0.1007221685	-0.0836563412	-0.0544585542	-0.055356981900000005	0.0424565793	-0.0540403841	-0.028309580600000002	-0.0213893466	-0.0330053959	0.0360082417	0.0027053284000000005	0.0020916023000000002	0.0765162278	-0.11098754970000001	-0.0145063554	0.0812593003	-0.0463195278	0.0026988210999999997	-0.057337522099999996	0.0762562579	-0.09543972369999999	-0.0432255816	-0.0547054725	0.0042174562	0.0065257334	-0.0399669867	0.0046644996	0.11654178679999999	-0.0021550719	0.019314855500000002	-0.0831493982	0.0715718337	0.0061624525	0.0136847016	0.0406111236	0.0363973418	-0.0526975267	-0.0710603207	0.0615725707	-0.0657538174	0.0573211636	0.14858940140000002	0.0828129985	-0.0295690505	-0.08946259359999999	0.052985268200000005	-0.034039874500000004	0.07134523450000001	0.05351693440000002	-0.0011774353	-0.0035361341	-0.1139586641	0.0696735793	-0.022350714700000003	0.0382899336	0.0061868975	0.0002610737	0.12197606949999999	-0.019405605700000002	-0.040850879900000005	0.19136016079999998	-0.0801051495	-0.0793815962	-0.0607005843	-0.0708044542	0.028509908100000002	0.046395739000000005	0.0102259303	-0.0169846721	0.079583531	-0.0437586082	-0.0336169973	-0.0419400014	0.0216949056	-0.0420742883	-0.0176238996	-0.0936255099	0.022597088900000003	-0.0702749017	0.0900578724	0.07454135690000001	0.05979663900000001	0.0474689763	-0.0550780392	0.051272829400000004	0.0708135764	-0.0645721626	0.12633632949999998	-0.0389379648	-0.048705697199999995	-0.0026197259	0.0505714529	-0.0007269695	0.0018416236	0.082405739	0.0949518159	0.0152519094	-0.0904297156	0.0320270619	-0.0436935182	-0.0641031054	0.0626657283	-0.0809203399	-0.024212615299999997	0.027565019500000003	0.060346805999999996	-0.0151618869	-0.0530947471	0.012583057199999999	0.108876779	-0.025721435299999998	0.0041611445	0.09210162699999999	-0.0492655045	4.08393e-05	-0.016336484499999998	-0.0593657793	0.034950757	0.054644102699999995	0.0468470081	-0.0678170963	0.0784702187	0.0191652669	-0.08206839120000001	-0.1668919614	-0.004025924	0.054979581500000006	-0.0973337235	-0.0051404047	-0.0290248504	-0.0793796454	-0.0546376436	-0.06655775400000001	-0.0423271742	-0.0041379837	0.0313812169	-0.047554110499999996	0.0814097659	-0.09347830900000001	0.0243005832	-0.0291205833	0.0996064432	0.1121692172	0.1238585105	0.10290971089999999	0.0290689061	0.0367636962	0.10787333699999999	0.0428022921	0.0164254116	-0.022970064	-0.0295845411	-0.061855485700000004	0.0869168551	-0.0005937254	-0.07270065070000001	0.0457557338	-0.0349197754	-0.0336456038	0.0379414731	-0.07933625009999999	-0.0547376218	-0.0933760634	-0.006024946999999999	-0.0081231126	0.055429725199999995	-0.0558660447	0.0661675196	0.0803571895	-0.14512131	-0.0386326041	0.08585660269999999	-0.0035933677000000008	-0.0246176267	-0.0689542748	0.012065283100000001	0.050803206600000005	-0.0884938642	0.0823273756	-0.13317	-0.006213000000000024	0.017734248900000003	3.86013690000003e-05	-0.0318171	0.0793849	0.0010123278524100002	0.00630196234801	-0.333543	0.03518300000000002	0.111250932849	0.0012378434890000015	0.00121004	-0.00096281	9.270030961000004e-07	1.4641968015999996e-06	0.00127415	0.00034966299999999995	1.2226421356899993e-07	1.6234582224999996e-06	0.00033704300000000003	-6.396899999999993e-05	1.1359798384900002e-07	4.092032960999991e-09	0.0	0.0
5453.704114659403	-4.362804572961977	29742888.570252907	19.034063741857942	5468.73853616144	-5.496023574923129	29907101.176897164	30.206275136110808	4493.56781949613	-5.446577020897165	29.665201244565054	20192151.748411205	4474.185089575432	5176.391349381745	1.114482	25.243034	0.13864285	0.0713307	-0.026109993300000002	0.092790835	-0.031237083199999998	0.050494547699999996	-0.0290061038	0.0367692668	0.0534946554	-0.022826492599999998	0.0835679532	0.07824021	0.0648280552	-0.055104795	0.045408677300000005	-0.0033445798999999997	-0.043436437	0.0133915028	0.096392634	0.0324488009	-0.046275485899999996	-0.044784585599999996	0.057175276500000004	-0.0763454953	-0.043501261799999996	0.0015252533	0.1004641479	0.0118579159	-0.118374909	-0.0710867855	-0.0996287024	-0.1236558623	0.0384766158	-0.053725311799999995	-0.0613748515	-0.0091443542	-0.0077329157999999985	-0.0046752842	-0.0628036486	0.0398686255	0.1137186139	0.0227412988	-0.015430591499999997	0.0885355939	0.0215645462	0.10768035960000001	0.0420670658	-0.0133403399	-0.047987290700000004	-0.0325341513	0.0847301077	-0.1316677263	0.029383840699999997	0.05798093	-0.0086456993	-0.10336500039999999	-0.0870424019	-0.0968208732	-0.051831263499999995	-0.0123673269	0.0339276423	0.016778738300000002	-0.0162702633	-0.1011761019	0.11256118949999999	0.0479230915	0.0156377917	0.0665703377	-0.0460367606	0.0178821157	-0.0937533612	-0.0642906471	0.0660037145	0.0310998886	-0.072940247	0.078394541	-0.0474035041	-0.19049045420000002	0.0167742284	-0.0697020689	0.0562703996	0.0443785893	-0.016128843700000003	-0.052538088	-0.0842603218	-0.0671455956	-0.0553613652	-0.0054436271	0.0627094336	-0.042461970700000004	0.0043221351	-0.059825956	0.0044729328	-0.0153660139	-0.0063783789	-0.02068833	0.0120451077	0.005445124399999999	-0.0414368787	-0.0409342037	0.1154763608	-0.08608611779999999	0.06371176190000001	-0.045320617599999995	0.0579289421	-0.0703219662	0.0440607916	-0.007785146800000002	-0.0714813259	0.044078593799999996	0.11348267039999999	-0.1164663658	-0.1051831642	-0.1282761198	0.0336638687	0.0554602703	-0.0174498127	0.0498514026	-0.011219080400000001	0.0204048684	-0.025020864700000003	0.0809737099	0.0637508692	-0.028973410499999998	0.037112714	-0.0366754288	0.0451495878	-0.12295159929999999	0.049211414800000006	0.038062607400000004	0.0472609127	0.0186585134	-0.031211826600000006	0.1592466789	-0.0692928404	0.044274756500000005	0.0179919273	-0.1044550516	-0.0990791548	-0.11384447210000001	-0.007033313100000001	-0.0212164919	0.0346846146	0.040911184100000005	0.022236701400000003	0.06913626839999999	-0.0796208525	-0.0617439947	-0.046640222300000006	0.0257072842	0.057258000499999996	0.0423095698	-0.1071406219	-0.0379288078	-0.0039745899	-0.0648451685	0.0892098432	-0.063426219	-0.10388925800000001	0.1409468511	-0.019062417800000002	-0.0751485331	-0.0234387038	-0.029373333199999997	0.0763848428	0.0641304469	0.0392087816	-0.0389496374	-0.0901715866	-0.0018434351	-0.0017842372	-0.0727890018	0.0068861645	0.0361017591	-0.011744406899999999	-0.0161378805	-0.0457111449	0.0154349425	-0.036871238199999996	-0.0044091296000000006	0.0171151735	-0.0975256195	0.0157851972	0.13113401759999999	-0.1049604643	-0.0697455783	0.0144598255	0.047742511900000006	-0.0871081196	0.084807202	-0.14079	-0.007619999999999988	0.0198218241	5.8064399999999816e-05	-0.0849845	-0.0531674	0.007222365240250002	0.002826772422760001	-0.352879	-0.01933600000000002	0.124523588641	0.0003738808960000008	0.00198223	0.0007721900000000003	5.962773961000005e-07	3.9292357729000015e-06	0.00102588	-0.0002482699999999999	6.163799289999994e-08	1.0524297744000002e-06	0.000187114	-0.000149929	3.501164899600001e-08	2.2478705041e-08	0.0	0.0
5458.369258294485	4.665143635082131	29793794.959894285	21.763565135947317	5456.257366104582	-12.48117005685799	29770744.44517051	155.77960598820852	4494.166936103449	0.599116607319047	0.3589407091654852	20197536.449565466	4473.582982076364	5270.131141180706	1.113027	25.210085	0.08369115000000002	0.0507396	-0.0384571405	0.043812235199999994	0.1019794814	0.0175958508	0.009963334499999999	-0.041889985299999995	0.0131590125	0.0918868089	0.0681853944	0.0052324547	0.0722234427	0.0324994243	-0.0287696119	-0.0877294387	-0.0264437467	-0.0718242399	-0.056591100599999986	-0.0915757928	0.0594436359	-0.051485301100000005	0.0351651629	-0.0786106194	0.069068031	-0.0650530993	0.09464919460000001	0.12030529279999999	-0.0421723492	-0.0517456062	0.12016256560000001	0.032592783	0.0285225361	0.0461233709	0.0335154933	0.023218777700000002	-0.1779181047	0.0375517644	-0.020878797299999998	0.0284925683	-0.1523198069	0.0054911315	-0.0563615874	0.0112494028	-0.0125147801	0.0109087386	0.1061233044	-0.0329709478	-0.0434296621	-0.0491640093	-0.054240199100000004	-0.0982642874	-0.0849622663	-0.088750441	0.0539911661	0.0954106557	0.0593852477	-0.0830678335	-0.14131594460000002	-0.10150430839999999	0.07996842929999999	0.0628404255	0.027432605099999997	-0.0213533858	0.0367711075	0.1425343424	0.0058500789	0.008177102	-0.14000174199999998	-0.064650977	0.0237305543	0.0315165688	0.0014841964	0.0743983593	-0.07976502190000001	-0.102252984	0.0027883471	-0.0844966018	0.07571019429999999	-0.0389099153	-0.0451852045	-0.034605806600000004	-0.0162216461	-0.0054462006	0.063600178	-0.08886821240000001	-0.0140738251	0.06476266309999999	0.0208465709	0.0223260936	0.017866600700000002	0.0008271457000000001	0.0351406551	-0.0835494549	-0.11503357199999999	-0.0004913052	0.0634558248	0.0210834698	0.031113574300000002	-0.0317504077	-0.1072187943	-0.0008633019999999999	-0.005403979000000001	-0.0485232438	0.033140070699999996	-0.083849521	-0.0613463058	0.0723333204	-0.0864259486	-0.0900058025	0.095438734	-0.0549934892	0.11074082800000001	0.0773644944	0.032623717	-0.0042693799	0.019851103999999998	-0.0334605959	-0.1645408415	0.0378541517	-0.07392165349999999	-0.0121364298	-0.11876878460000001	-0.0489708347	0.0291350456	0.0377561813	-0.0070495604	-0.0189169573	0.0973410583	0.029906468999999998	0.0645019126	0.0701070153	0.0212191588	0.0403128933	0.0845362925	0.1473159006	0.051554938	0.051101709599999996	0.0015021844	-0.17392223699999998	0.0671199726	0.1114983708	0.1525224424	-0.07531799360000001	0.0426470722	-0.0491638433	-0.0348533768	-0.0857654601	0.030869569700000002	0.1335257037	-0.0668378999	-0.0106669288	0.0089586014	-0.0150237594	0.0131392252	-0.033344311200000004	-0.0109287116	0.0592335866	0.0324756843	0.1373918224	-0.0971011532	0.0220200291	0.0043643524	0.0198698465	-0.0458942101	-0.018196516	-0.0642091959	-0.1334919765	-0.0051764778	-0.017228156	-0.0404537427	0.026908794399999998	0.0241025323	-0.054384589500000004	-0.062463202599999997	-0.0323872492	0.028208764100000002	-0.0273520512	0.0801390439	-0.0084362912	-0.0683276058	-0.0171180999	0.1444089499	-0.0282011695	-0.0056022627	-0.07052472950000001	0.0168442907	0.04460695940000002	-0.0854795891	0.0869177441	-0.152749	-0.011958999999999996	0.023332257001	0.00014301768099999994	-0.039043199999999986	0.04594130000000001	0.0015243714662399994	0.002110603045690001	-0.336441	0.016438000000000008	0.113192546481	0.00027020784400000027	0.0018557000000000005	-0.00012652999999999992	1.600984089999998e-08	3.4436224900000017e-06	0.00102588	0.0	0.0	1.0524297744000002e-06	0.00012658700000000005	-6.052699999999998e-05	1.6024268569000015e-08	3.6635177289999963e-09	0.0	0.0
5463.035360042606	4.6661017481210365	29844755.34507585	21.772505523818197	5463.714817864654	7.457451760072218	29852179.61095379	55.613586753804206	4499.540057838885	5.373121735436144	28.870437183816318	20245860.73209676	4479.427028644457	5221.012778725179	1.03454	23.432343	0.09164717549999997	0.0508681	-0.010209553100000001	0.0315777202	0.0758958041	-0.0598225554	0.022370240099999997	-0.058269699	0.0564969024	0.0178983042	-0.039526485	-0.0404283797	0.10185465949999999	-0.038659923	0.044975542199999996	-0.0017459991	-0.0331109995	0.0368638578	-0.0063112724	0.049553434900000005	-0.0172234478	-0.0103792646	0.0378236437	0.010520794299999999	0.11772331300000001	-0.0400705291	0.025631025	0.042472133499999995	-0.1278753285	-0.0431720624	-0.0034530644	-0.0654418407	0.0369660759	0.0325845407	0.0518592834	-0.1203079717	-0.032568991	-0.078239226	0.005253699200000001	0.0578256812	-0.024524612400000003	0.0322435873	0.0365708298	0.1168705727	0.1041507817	0.0679545134	-0.0780605997	0.0275335791	-0.07902830059999999	-0.0456805387	0.1639294486	-0.0065761245	0.031267850800000004	0.012351661399999998	0.0479015181	0.07501947910000001	0.06344024870000001	-0.11431171119999999	0.11566906910000001	0.0165027913	0.0377757654	0.048756754900000004	0.09260826789999999	-0.09665002800000001	-0.09680975970000001	0.0555283501	0.1066096792	0.0523756198	0.0827479683	0.0484178125	0.057226462400000004	-0.0533161128	0.034341272799999996	0.0370899962	0.0463770982	-0.0026213843	0.0003314015	-0.0268508098	-0.0008259999000000001	-0.0852473675	0.0636604947	-0.0122116321	-0.051556595	0.09992391119999999	0.1400189473	-0.0318616544	0.0074766766	0.015091549499999999	0.0051418936	0.0589935149	0.0376580181	0.025423513	-0.1193259309	-0.014423426999999999	-0.0759549412	-0.0361375913	-0.102367266	-0.1309177122	-0.0065813902	-0.0371066476	-0.09682685740000001	0.043197211900000004	-0.1272151168	-0.007271122099999998	0.0381291048	-0.0021787987	-0.1149876532	0.040685992000000004	0.005167165	0.021451348399999997	0.1285852314	-0.079524105	0.000385343	-0.0720403071	0.0410787377	0.0128092765	0.0041357302	-0.114946157	0.0234075772	0.0919281912	0.0088780996	0.0323870785	-0.0529749935	-0.0395501379	-0.0195998706	0.0206137673	0.1297949916	-0.0943887725	-0.0758058865	-0.0700792576	0.07865887769999999	0.0677920589	-0.135250122	0.0230238039	-0.07776039650000001	-0.017554818	0.0141377151	0.0730467469	0.0584360997	-0.053912063499999996	-0.1005785576	-0.0977959605	0.0798919917	0.0391853043	0.1579674211	0.0342679107	0.055714326200000004	-0.0465065788	0.023388609900000003	-0.0444082252	0.027306556800000003	0.1027536413	0.036354972799999996	-0.0737846773	0.0065465071	-0.0327304202	-0.0734343952	-0.023536589700000003	-0.0296993127	-0.0001645585	0.016843471999999998	-0.039495387400000005	0.011376928	0.014392706000000003	-0.0008151203	-0.0745963358	-0.1733177418	-0.0009704481	-0.0358677487	0.047813095	-0.0542166746	0.1156444703	-0.0629510712	-0.0085214756	-0.049766978899999995	0.0264101168	-0.0208142238	0.1217084655	-0.0101436253	0.0480560321	-0.0530254988	-0.008951264	-0.0733877079	-0.1507344998	0.1513456711	-0.07129159269999999	0.0192170168	0.0414014655	-0.0836128117	0.0886498116	-0.151613	0.0011359999999999981	0.022986501769	1.2904959999999958e-06	-0.07260519999999998	-0.03356199999999999	0.005271515067039997	0.001126407843999999	-0.353579	-0.017137999999999987	0.125018109241	0.00029371104399999955	0.00118457	-0.0006711300000000003	4.504154769000003e-07	1.4032060849e-06	0.00102588	0.0	0.0	1.0524297744000002e-06	1.49349e-06	-0.00012509351000000005	2.2305123800999995e-12	1.5648386244120113e-08	0.0	0.0
5466.652977283914	3.6176172413079257	29884294.77404708	13.087154504608366	5443.909956690402	-19.804861174251528	29636155.6165529	392.23252613137566	4502.528383610961	2.9883257720757683	8.930090920052239	20272761.84522233	4482.203413223499	5320.2981213489	1.120659	25.382936	0.07344377549999997	0.0378206	-0.0256288083	-0.0138729855	-0.022300405899999997	-0.0691159578	0.0425046797	-0.0587045895	0.028090460699999997	-0.0306895728	-0.050713992	0.0289675902	-0.09092381039999999	0.08652804800000001	-0.045772033399999995	-0.06267073620000001	0.0251808826	-0.0659740219	-0.0754862407	-0.09732203380000001	0.0500368478	0.0250034431	0.0054689875	0.0615594448	-0.0310668669	-0.049106156100000006	0.07141024950000001	0.1797505049	-0.0508285699	0.0317225224	0.054200717300000006	0.0222400965	0.0335073683	0.0430307205	0.0650454355	0.0663283787	0.029354182200000002	0.1533720389	-0.0953313468	0.0323752596	-0.1550782117	0.0031996284	-0.0364912931	0.0700473779	-0.0041403665	0.0647368789	-0.0760590176	-0.028811699500000006	0.0811969434	-0.0008303246000000001	-0.017798805	0.0130488542	-0.0310552726	-0.015139014199999997	-0.058288839400000014	0.0737121412	-0.0189533087	-0.0365670681	-0.0388599924	0.0267124447	-0.0316503686	0.0310742106	-0.0075289186	0.034731266600000005	-0.0493634291	0.11329573009999999	-0.016525143500000002	0.1411730017	0.1334451405	0.0714776282	0.0202368613	-0.0007037292999999999	-0.0285276886	-0.0348899632	-0.1211422854	-0.0242233379	-0.0219828	0.09436643980000001	0.008924948299999999	-0.08478981669999999	0.1385307901	-0.028019281400000002	0.033382909100000004	-0.0186807028	0.0052515571	-0.0203527254	0.007745803299999999	0.021048025499999998	0.0390698583	-0.046078472800000006	-0.0179219745	0.0978817163	-0.1612153792	-0.0100093571	0.0703893997	0.0738829607	0.0078830705	0.0047646271	0.0708340399	0.0772537194	0.0386324559	-0.0598500946	0.0448324178	0.023321765699999997	0.004572031	0.0729915434	0.0289711969	0.0580448017	-0.0630429815	-0.132798951	0.1408646028	0.0202689658	0.0666257883	0.0368784495	0.021779109100000003	-0.0629717402	0.0120968304	0.0048413972	-0.0653809605	-0.1615888627	-0.1309563624	0.0268470485	-0.1106828291	-0.038068512400000004	0.0333760138	-0.016644401399999998	0.0709333643	-0.0699932063	-0.0551193788	-0.0096448369	-0.0702581012	-0.00422016	0.0014716575	-0.0239454643	0.059281775599999996	-0.0136661074	-0.037056711400000004	-0.0377993075	0.0415143611	-0.038664020699999996	0.015948088500000002	0.0137716703	0.0267038822	0.0328349809	0.027555274700000004	-0.042402414900000004	0.0632321671	-0.056799182300000015	0.1519394306	-0.08838518779999999	0.0045515152	0.12132358359999999	0.0027906812	-0.0343807908	0.0486780782	0.022347646000000002	0.0868907952	0.1400651146	0.0535065446	0.0027452101	0.0579814986	-0.0852595793	-0.0906339908	-0.0682094592	0.0578623715	-0.0115381835	-0.0383365747	-0.0020274807	-0.0312750288	-0.0110344555	-0.013913740800000001	0.029417873599999998	-0.0669578614	0.049123566900000006	0.0079612455	0.18051057980000002	-0.0595925727	-0.09209714349999999	0.0343919181	0.0588224158	-0.028249997599999997	0.1041595341	-0.0145838119	0.0343287216	-0.0198268753	-0.07204603429999999	0.0215763502	0.0381310563	-0.0815129903	0.0899958625	-0.159278	-0.007665000000000004	0.025369481283999996	5.8752225000000086e-05	-0.0470195	0.025585699999999986	0.00221083338025	0.0006546280444899991	-0.342183	0.011395999999999962	0.117089205489	0.00012986881599999912	0.0007403419999999997	-0.0004442280000000003	1.9733851598400022e-07	5.481062769639996e-07	0.00102588	0.0	0.0	1.0524297744000002e-06	0.000133207	0.00013171351	1.7744104849000003e-08	1.7348448716520104e-08	0.0	0.0
5450.247576224486	-16.405401059428186	29705198.64214088	269.13718392068745	5499.4596862454355	55.549729555033075	30244056.84063874	3085.772453637316	4499.9944214404095	-2.533962170551604	6.420964281786596	20249949.792994805	4479.7175392827385	5157.075519880518	1.162497	26.33057	0.05160444499999998	0.0259445	-0.0069631151	0.0784524921	-0.09269063	-0.042571509199999996	0.025857708700000002	0.0032501684000000005	0.031137002	-0.0118584045	0.0339667351	0.0853593289	-0.017929981799999998	-0.0185400259	0.1156198257	-0.0288637876	0.039073779100000004	0.0596739378	-0.0528069026	0.054265456100000005	0.0015013719	0.0099412091	0.0397875477	0.0138562116	-0.127810205	0.013918251699999998	0.0028906835	-0.014903761000000001	-0.133211984	0.0571862157	-0.0008641645	-0.0003496047	0.1593524244	0.1054999325	0.0474143322	-0.0358104738	-0.020678960700000002	-0.0181226595	0.030882949399999998	0.0424089747	0.0557056274	0.047364022199999994	-0.0621376848	0.0942863343	0.0534559188	-0.08696108820000001	-0.012829795	-0.0156164332	0.0535880379	-0.0053451058	0.0051368243	0.2182397314	0.0088319821	0.054547248	0.0077991191000000015	-0.023501959700000002	0.0375760931	0.0457446329	0.025782805899999997	0.0719609716	0.0357936942	-0.0585943717	0.124321366	-0.036280989799999996	0.12523224630000002	-0.031709432200000005	-0.0476291536	-0.16118561050000002	-0.0065074291	-0.023240787000000002	-0.021048898700000002	-0.10189581660000001	-0.05451607	-0.035808521600000004	-0.0850044771	-0.0556220428	-0.16564926789999998	0.0380516947	-0.09826128810000001	-0.0038254018	0.0146191553	0.046318230499999995	-0.0839194399	0.164673535	-0.005047314099999999	0.0642396742	0.026045571899999998	-0.0370850815	-0.0095753801	0.0852876692	-0.0413609898	-0.0833782399	-0.0314512983	-0.0706695656	-0.0080424509	0.0616178899	0.0459307754	0.0747817954	-0.0117215545	0.0604067492	-0.05324773309999999	0.1693741444	-0.0405914957	0.006145660799999999	0.0416868875	0.0245128601	0.1163963248	-0.0195059613	0.0055716792000000005	0.08968537900000001	0.11131695539999999	0.0073301741000000005	0.020014821000000002	-0.0092833086	0.1600824932	-0.0396924166	-0.06274231450000001	-0.0581820278	0.0015539407	0.0443544725	-0.0008913372	0.06693089969999999	0.024419574700000002	0.0061645913	0.0358708306	0.0128329703	0.1201732317	0.1072415231	-0.0202162634	-0.031462915699999996	-0.0374835567	0.0502062403	-0.012831023300000001	-0.09099312550000001	0.0406155646	-0.1728493598	0.0478512545	0.0240323353	0.0143242931	0.055420795	0.0185142815	0.0166595631	-0.0738233009	-0.030742975099999997	0.09803750720000001	-0.0195049424	-0.14520422630000002	0.0752091874	-0.0358424958	0.0528882175	0.1209522478	-0.12659079550000002	-0.024346959300000002	-0.039405212599999996	-0.1434220396	0.0675190348	0.08434200630000001	0.094554123	-0.055356925599999995	0.036626126099999996	0.1131046197	0.0263880815	-0.0274082781	0.0798878874	-0.0787704151	-0.11992571710000001	-0.0427685696	0.0746022356	-0.0262553021	0.07485967290000001	-0.041672251699999996	0.0944402931	0.0593909487	0.038562871299999996	-0.0705061379	-0.016112437900000002	0.0275094354	-0.1317157106	0.0408748522	-0.0214786584	0.0823580887	0.0059358562	-0.08522709619999999	-0.2180262721	-0.0497105184	-0.0727879229	0.0239206467	0.0348008596	-0.0791859776	0.0909500356	-0.156552	0.0027260000000000058	0.024508528704	7.431076000000034e-06	-0.06046	-0.0134405	0.0036554115999999997	0.00018064704025000004	-0.350919	-0.008735999999999966	0.12314414456100001	7.631769599999941e-05	0.0011031	0.0003627580000000001	1.315933665640001e-07	1.2168296099999998e-06	0.00097453	-5.135000000000003e-05	2.636822500000003e-09	9.497087209e-07	1.32761e-05	-0.0001199309	1.7625483121e-10	1.4383420774810002e-08	0.0	0.0
5456.934120778131	6.686544553645035	29778129.99851259	44.70987806788008	5450.3316512615775	-49.12803498385802	29706115.108743753	2413.563821375177	4502.155713270838	2.1612918304281266	4.671182376275363	20269406.066537246	4481.283862229218	5187.579470538557	1.110221	25.146534	0.08256734500000001	0.0419756	-0.010914756000000001	0.0822387527	0.0442075333	0.058023051	0.0140141378	-0.0109223176	-0.0222496581	0.025022469199999998	0.08073659030000001	-0.0143180374	-0.0827621334	0.0627239207	-0.063218232	-0.0535083231	0.1035131294	-0.0430277945	0.0104952484	0.0159930276	0.0581577529	0.031308507	-0.045839369299999995	-0.0417152035	-0.0277742562	-0.030036961400000006	0.09159438269999999	0.0141370721	-0.0368349448	0.08693506890000001	-0.007968985500000001	-0.05962979030000001	0.0120453312	0.013498620800000001	-0.0649943187	0.0075340847	-0.0719252739	0.036995713300000004	0.0341411954	-0.0453967921	-0.06843490599999999	-0.0778284379	-0.11087030839999999	-0.0136920856	0.0494984736	-0.0055234093000000005	-0.0657929739	-0.0551377538	0.0137627164	-0.0527823135	-0.034237462	-0.0200545426	-0.0025209586	-0.0549128634	0.0386446462	0.0371298643	0.105612741	0.0792717126	0.0352916833	0.0242636681	-0.0126950014	-0.015877928	-0.10336301390000001	0.075945054	0.06438246780000001	-0.0135221693	-0.0314812855	-0.030580794799999998	-0.11131797289999999	0.12222767970000001	0.0418662802	-0.025861116899999998	0.1642827725	0.0210134357	0.0761639803	0.0055635476000000005	-0.009554970500000001	0.1051540668	0.023214183700000002	-0.0466623105	-0.0087048224	-0.11000860929999999	0.0229826063	-0.0133933209	-0.1054261266	0.021038772799999998	0.0062246733	-0.046698182000000005	0.0075825698	0.09516844699999999	0.0991762965	-0.0322697891	0.13478854199999998	0.07483607469999999	-0.0568712238	0.015999691200000003	0.0423551874	0.0533126522	0.042999363799999996	-0.0065074621	-0.0070221285	0.004509497800000001	-0.057287607699999986	0.032815018700000004	-0.0457825263	-0.0408553565	0.0287942411	0.0382915381	-0.0869214669	0.0204931096	0.0535667549	0.0669319108	-0.0029879168	-0.0699131525	-0.0351063113	0.0410729365	-0.0601445003	0.013746951	-0.0892593814	0.0038211958	-0.036902614900000005	-0.0665136644	-0.029700553900000006	0.0597176378	0.087548671	0.093051933	0.0193978876	0.0155421354	-0.0728537118	-0.0007297162	0.0001712164	0.05206135730000001	0.0325312859	-0.028365483799999997	0.0120578219	0.0145324199	-0.004265967	0.1400694135	0.0017732579999999996	0.0313822723	-0.007203332700000001	0.0443955013	-0.0960439828	-0.0324660754	-0.1011568826	0.0072038079	-0.0652606067	-0.012975125300000001	0.027893349900000003	0.09287644710000001	-0.0226326327	0.1076043732	-0.0180825478	0.0833735226	-0.0874675565	-0.120993873	-0.11200191720000001	0.08871462599999999	0.0476225321	-0.0631315796	-0.020102791999999998	-0.0928182465	0.0469464156	-0.0372201229	0.0157091642	-0.0106290453	0.1141557429	0.0856184711	-0.0311905483	0.0222384617	-0.0453704655	0.0207831458	-0.0226779508	-0.10682108	0.0216807685	-0.1465321895	0.1024681901	-0.050774563099999996	0.047886782	-0.04764399230000002	-0.014417532	0.0079969937	0.0068417836	-0.0298194138	0.0106960977	-0.0735171291	0.026248272599999997	0.031416097000000004	-0.0766382594	0.0915081759	-0.167781	-0.011228999999999987	0.028150463960999995	0.00012609044099999976	-0.07233499999999997	-0.011874999999999969	0.005232352224999995	0.0001410156249999993	-0.325416	0.025503	0.105895573056	0.0006504030089999999	0.000595174	-0.0005079259999999999	2.5798882147599986e-07	3.5423209027599994e-07	0.00102588	5.135000000000003e-05	2.636822500000003e-09	1.0524297744000002e-06	0.000133207	0.0001199309	1.7744104849000003e-08	1.4383420774810002e-08	0.0	0.0
5455.322795749773	-1.6113250283578964	29760546.80582712	2.596368347012576	5460.035808329684	9.704157068106724	29811991.02824239	94.1706644024857	4504.063196985415	1.9074837145772108	3.6384941213772737	20286585.28243848	4483.5131551806435	5227.045006065736	1.060909	24.029606	0.08630950000000005	0.0448633	-0.01148972	0.0430275029	0.1192160384	-0.024626563799999997	0.046364120599999996	-0.0361108082	0.0465004168	0.10804003710000001	0.0002499321	-0.0398948051	-0.0080920597	0.0150930067	0.059193098099999994	0.1006316208	0.0584379275	0.0610830954	-0.1103900102	-0.014828433899999997	-0.0587976692	0.057584765999999996	-0.031066018799999998	-0.0361206012	0.0651788672	-0.0211189908	0.0004749963	-0.09213737820000001	-0.1325408025	-0.006747470699999999	0.0332293906	-0.0534269	-0.0095518251	0.0324995598	0.011838846200000001	0.0647393346	-0.00774713	0.0618540958	0.0561370599	0.05245562559999999	0.0510594963	-0.0328866047	0.0301917179	0.0225404877	0.06534195	0.0154444524	-0.009112613299999999	0.026468723399999998	-0.0266735938	-0.0427727288	-0.1007435124	0.0079541735	0.008064433900000001	-0.06248454110000001	-0.0547212116	0.1499858322	-0.0395108978	0.0861579195	0.1496346497	-0.0733178404	-0.0253368429	0.0204625676	0.0511635598	0.1583404479	0.1676496074	-0.0402332407	-0.128574662	-0.0823498903	-0.0032817934000000004	-0.008867999100000001	0.0668991596	0.031127394500000002	-0.0515835299	0.0546981694	0.1010334296	0.0104874031	0.1451316981	-0.0060618745	0.004578398	-0.0586236246	-0.07026445049999999	-0.0398041762	0.1126923552	0.0004161997	-0.0129096906	-0.11243177	-0.038907064	0.0763854772	0.0021414612	-0.0220666946	0.045446322000000004	0.0097910327	-0.0789396817	-0.014229913600000001	0.024994011099999998	-0.0257731838	-0.021872228799999997	-0.1264474905	0.0344912089	-0.0349138972	0.0073561183	-0.1238814857	0.030735639300000006	0.061251223	-0.0325749637	-0.0506145761	-0.0593994077	0.0186109894	0.0130955787	0.1417410298	0.0508003575	-0.0407518848	0.0680791754	-0.057112588	-0.0104866921	-0.0496918216	-0.0163736978	0.0480491269	-0.0307842815	-0.022960021	0.041071498	0.0867330176	0.0077579347	0.08649202539999999	-0.0307788611	0.041269758	0.0317211844	-0.0031096445	-0.039479456499999996	-0.0340075523	0.011535181200000001	0.007587381	0.0832538916	-0.0736385627	-0.0135195488	0.044090150599999996	-0.023990552000000002	0.0172936146	0.171687977	0.0769380334	-0.1207542525	0.0524143638	-0.0302980402	-0.1586084153	-0.13734059880000002	-0.13262549640000001	-0.1528162535	0.0498225602	0.0747118766	-0.019807827	-0.0091384777	-0.0608250709	0.027731640499999998	-0.068548526	0.0357160542	0.0212219721	-0.0704218707	-0.06749358679999999	0.0361642152	-0.053458043600000005	-0.08442585179999999	-0.029530186899999998	0.06404172309999999	-0.0239299867	-0.022269681099999997	0.0448945195	0.0645702447	-0.14751047960000002	-0.0688926317	0.0059533852	-0.0239069076	0.0009743353999999999	-0.1059972116	0.0303569646	0.027436955099999997	0.011439136599999998	-0.052438301900000005	0.0384237349	-0.0164010206	0.0827837528	-0.0499291845	0.011039526899999999	0.0319121696	0.0868453616	0.0649099036	-0.074233526	0.0285576056	0.0279820755	-0.0738769366	0.0916678532	-0.148401	0.01937999999999998	0.022022856801000003	0.00037558439999999926	-0.06657920000000002	0.00575579999999995	0.004432789872640002	3.3129233639999424e-05	-0.35954	-0.034124000000000036	0.1292690116	0.001164447376000003	0.000780855	0.00018568100000000004	3.4477433761000017e-08	6.09734531025e-07	0.000670567	-0.00035531300000000017	1.2624732796900008e-07	4.496601014889999e-07	0.000133207	0.0	1.7744104849000003e-08	0.0	0.0	0.0
5463.2550767708035	7.932281021030576	29847156.03386196	62.92108219660189	5463.3466801666555	3.3108718369712733	29848156.947688013	10.961872320849533	4500.255879105348	-3.807317880066876	14.495669439876929	20252302.97742225	4480.0431297275545	5278.077266902968	1.086612	24.611769	0.06469205	0.031832799999999994	-0.0103468357	0.0045866442	0.0182278106	-0.0897494933	-0.000460633	0.0244425192	0.0413063351	-0.0182676569	-0.1086472159	-0.0126406839	0.0054514733	-0.0171219111	-0.037508062	-0.0626183686	0.05783640070000001	-0.0137396004	0.0325469668	0.1101198067	0.0932153581	0.0052810143	0.0064190325	0.09346627099999999	0.033913612999999995	-0.0553437374	0.07820615759999999	0.025678106200000002	0.0648646452	-0.1098556048	0.02573095	0.0301086375	-0.0386789868	-0.036167567000000005	-0.006414819699999999	0.0193983359	0.1025016694	0.0742872521	-0.0917734307	0.073808539	-0.061402052400000004	-0.0724405056	0.0722612374	-0.0372579927	-0.0477430555	0.033901394700000004	-0.049133507800000004	0.0573828956	0.0348357509	0.042749275499999996	0.11676639400000001	0.0307807482	0.0646016076	0.1860764388	-0.0054725403	0.0125431211	0.0084741174	0.0981877158	0.0326911002	0.0370247846	0.1287133807	-0.13137471679999999	0.0676865759	0.0403106374	-0.0714953324	0.055900333200000006	-0.005242067899999999	0.0082314063	0.006432594200000001	-0.0256106088	-0.0327002079	-0.0161241414	-0.0395441216	0.014520548400000001	-0.0864197592	0.0698822508	0.012181309599999999	-0.0191577515	0.012833656200000002	0.055012934000000006	-0.0832422935	-0.0549794376	-0.0107387175	-0.0826741082	-0.1347856514	-0.040080054500000004	-0.0327278225	0.06368733530000001	0.1569877332	0.0351300523	0.096214631	-0.1206739828	-0.0841811587	-0.0536096863	-0.0389568452	0.0051080427	-0.0530204342	-0.11049377269999999	0.009074580799999999	-0.0598282172	0.033490124700000005	0.010663575500000001	0.0197126705	0.005762129300000001	0.0054030214	0.0873632659	-0.0487557327	0.0653056866	-0.07558764230000001	-0.0411169283	-0.048515099000000006	-0.08211016139999999	-0.0170079416	0.0469026696	-0.0508346541	0.036107052599999995	0.030160764500000006	0.019542237900000002	0.0525077979	-0.1136058427	-0.0647703991	0.049077803200000006	-0.10989792539999996	0.025189138599999997	-0.0769706349	-0.06253614219999999	-0.0736278086	-0.043467935199999995	-0.0098479688	-0.0724544926	-0.0372795885	-0.046583987699999996	-0.1157806335	0.0757763474	-0.0812955223	-0.13811756320000002	0.043104676200000004	-0.0183492738	0.0300265046	0.10402024929999999	-0.005897365999999999	0.0579920838	-0.0696193865	-0.0620699572	0.1496798912	0.0548993988	0.0723862513	-0.0468353041	0.0479893867	-0.0223810977	-0.0483699275	-0.0617629928	-0.0075872358	-0.0164430965	0.00337296	0.0144664845	0.1152267547	0.057387135599999986	-0.0254270694	0.0369196102	-0.1018254888	0.0184777985	0.0952776512	-0.0228759721	0.0760744175	0.0537542186	0.1659098283	-0.0130486572	-0.0265521029	-0.0039467354	-0.1239908333	0.0036262389000000003	-0.0980606991	0.0271325321	-0.1305676176	-0.053543271600000004	-0.0462586216	0.05575616	-0.0602611874	0.0865088266	0.0062660918999999995	-0.0629140207	-0.0085467034	0.0472858784	0.0305544961	-0.0749369886	0.0308470363	0.024504179700000003	-0.0709097055	0.091428372	-0.144069	0.0043320000000000025	0.020755876761	1.8766224000000026e-05	-0.0551743	0.011404900000000016	0.0030442033804900003	0.00013007174401000041	-0.339494	0.020046000000000008	0.115256176036	0.0004018421160000003	0.000647162	-0.00013369300000000005	1.7873818249000012e-08	4.18818654244e-07	0.0005758159999999999	-9.4751e-05	8.977752001000003e-09	3.315640658559999e-07	0.000482946	0.00034973899999999995	2.33236838916e-07	1.2231736812099993e-07	0.0	0.0
5452.639254491639	-10.615822279164604	29731274.83962313	112.69568266280756	5472.732415881834	9.385735715178269	29950800.09584381	88.09203491517296	4495.997630113732	-4.258248991615801	18.132684474596985	20213994.689988296	4475.918952144387	5208.027077330128	1.108785	25.114	0.11383554999999998	0.05948290000000001	-0.0117258579	0.0461514762	-0.0788997575	-0.0360511025	0.033503904300000005	-0.059637614400000004	0.0119139621	-0.057789146799999996	-0.011761508300000001	0.06087288690000001	0.0049236767	0.0120945787	0.0606821427	-0.0077977696999999985	0.021277796800000002	0.0029254256	-0.0763264428	-0.0949123092	0.054957729500000004	-0.009619574300000001	0.055768549	0.0656107267	-0.0467469759	-0.029617532599999996	0.0437250572	-0.0392065638	-0.1297345893	0.0043268607	0.0038250059	-0.1183755978	-0.0502588032	0.0863316717	-0.059706989400000014	-0.083250853	-0.0151537926	0.0240477566	-0.0128585297	0.0003713558	0.030629991800000006	-0.0489982474	0.0228159467	-0.005836661	0.006126743499999999	-0.048576034000000004	-0.1599138598	0.09463235630000001	-0.015427913400000003	0.0109506864	-0.0367690348	0.0191216327	0.0701379972	-0.0889651223	0.0664006158	0.027752244300000003	0.0763838187	-0.0364444023	-0.14185760390000002	0.174118877	0.0834435149	-0.0482590965	-0.0760311575	0.0212190316	-0.0093484178	0.0185098154	0.0002602699	0.016446638	-0.009437819699999999	0.0224269359	-0.0753651624	-0.001444916	0.06827982440000001	-0.046013292000000004	0.0234909597	-0.0498900029	0.0858923267	0.043372944000000004	-0.0420022785	0.1069869503	0.0620484716	0.011037435900000002	-0.027603299100000003	0.09808095480000001	-0.011861148899999998	0.027127992400000002	-0.0047623559	0.0150621697	-0.04835228	-0.1957721473	-0.0031972482000000003	0.0914584625	-0.032869149300000004	-0.0223173073	0.0747955133	0.0024159820999999997	-0.0045755386	0.0345184845	-0.0211433608	-0.1163080013	-0.0441252376	-0.0082208571	0.0340474419	-0.0116477711	0.0565907039	0.0673983685	0.044149119699999996	0.031236388599999998	-0.0320856206	0.087221946	0.0704701329	-0.0374950432	0.033045287799999996	-0.116913734	-0.0693558236	-0.0051052974	-0.0992157776	-0.07198895429999999	-0.0215478979	0.0363776757	-0.0399311699	0.0063582837	0.011364253400000001	0.0721353129	-0.0156216295	-0.0512840277	-0.0015611384	0.0578544354	-0.1298831962	-0.0994496108	0.007144004200000002	-0.022228108700000002	0.046302040999999995	-0.0586345375	-0.0545872462	0.0123585662	0.0315885773	0.0746106537	-0.029466784399999998	-0.122571255	0.159377853	-0.031292249700000004	-0.1536066069	-0.000273783	0.0473867641	0.0266574121	0.0503454528	-0.0207685344	0.0425863812	0.0383794177	0.0166958119	0.0487892592	-0.04413593019999999	0.040234164100000004	0.0095554838	-0.042699977300000004	-0.007575836	-0.0811194933	0.1391421018	-0.0483204072	0.06558714809999999	0.0452802338	-0.0166423891	0.0340558786	0.025941465099999998	-0.11973187140000001	0.004948073	-0.0153174604	0.0292389601	-0.0042591394	0.1225129883	-0.1487290903	-0.0164483432	0.0109772928	-0.0247720254	0.1406436143	-0.0491703455	-0.0052065694000000004	-0.0432303202	-0.06000609940000001	-0.0702514362	-0.055306498600000004	0.0112524368	0.0069728661	-0.0028014517999999998	-0.0756273945	0.0331149692	0.0209878625	-0.0677448364	0.09079077529999999	-0.15323599999999998	-0.009166999999999979	0.023481271695999995	8.403388899999965e-05	-0.08240360000000001	-0.0272293	0.0067903532929600025	0.0007414347784900003	-0.382044	-0.042549999999999984	0.14595761793599998	0.001810502499999998	0.0011031	0.0004559379999999999	2.0787945984399996e-07	1.2168296099999998e-06	0.0005597940000000001	-1.6021999999999868e-05	2.567044839999958e-10	3.1336932243600013e-07	0.000257121	-0.00022582500000000005	6.611120864099997e-08	5.099693062500001e-08	0.0	0.0
5458.791821240338	6.152566748699428	29798408.14764041	37.85407759720185	5474.859565217207	2.1271493353733604	29974087.25885035	4.524764294979329	4497.854803332392	1.8571732186601368	3.449092364108452	20230697.831860274	4477.446073886295	5185.239949508213	1.075642	24.363298	0.15385535	0.07344259999999997	-0.0078688978	0.0778750894	-0.033873260499999995	0.08508027130000001	-0.0046737671	-0.0032228059000000003	0.1124900203	-0.06904719620000001	0.0629901989	0.0049917474	0.0329936732	-0.050697811100000004	-0.0330217832	-0.1403740085	-0.0211007683	-0.054223690199999994	0.08984375650000001	0.0939942071	-0.0071838471999999985	-0.024407352799999997	0.0058846265	-0.0874820932	-0.0206890799	-0.07379533490000001	0.0777627329	0.0127168844	-0.057095028799999996	0.10876769300000001	-0.009202306300000001	-0.0589943687	0.0009892255	-0.0782342081	-0.0583918058	-0.0205143359	0.0113262229	-0.0463330121	-0.0103584329	0.07760899980000001	-0.0412276945	0.07173184190000001	-0.1151645669	-0.1029984559	0.0113664507	0.0344921367	-0.1290569265	0.0285877319	-0.0015332626	0.1081704736	0.0737732317	-0.0782969132	-0.1560481286	0.0467438388	0.0210023462	-0.0504907305	0.0685857934	-0.0244816294	0.0631317942	0.1465088014	-0.0410175082	0.0738034112	-0.035304525	0.0209009297	-0.10836416019999999	0.0112253283	0.050900048600000004	0.0654782453	0.052025156399999994	0.0959019824	0.0684161435	-0.0351191821	-0.0220659275	0.0169828553	-0.0170638493	-0.0118750944	0.0934724936	0.0344790384	0.0084600604	-0.0269153615	0.12822233449999998	0.0344470234	-0.0125023951	-0.002197835	-0.0339650687	0.0108962005	-0.0290424088	0.013797926200000001	-0.0655856331	0.00020140299999999998	-0.0686640752	0.0241199056	-0.023662481099999997	-0.0007723858000000001	-0.0041300317999999996	0.0105093031	0.0251580121	0.022168550800000002	0.0887492866	0.0452950863	0.0813654351	0.0026982343	-0.0236489503	-0.0261114225	0.0084717955	-0.0838771668	0.0396935847	0.0762836304	-0.058072574400000014	0.0277184535	0.0873294667	0.0867508433	-0.0230120094	-0.0786414601	-0.0203035603	0.110497561	0.0045653117	0.026083515	0.0188541862	0.013057683899999999	0.0060497299	0.0345981002	-0.0747195829	-0.0908674913	0.0984140183	0.0540274579	-0.0738384503	0.0279398065	-0.1233282887	-0.04522954690000002	0.045122223899999994	-0.0958896476	-0.09575610150000001	0.0853733822	0.1214981807	0.05788366530000001	-0.038371385699999996	0.0537445252	-0.0661120199	0.061296168399999997	0.0085509983	-0.1591136412	-0.0311805864	0.0955569847	0.0376940831	0.009316810600000001	0.11580888060000001	0.016522926	0.0604891708	-0.0159676469	0.0018341077	0.1193884977	0.0017073261	-0.06265849150000001	0.0285648183	-0.0094140849	0.025492776499999998	-0.0116260249	0.0664145812	-0.0316291907	-0.0105272256	0.0113191315	-0.070114853	-0.0180042115	0.0479753736	0.0184068944	-0.0028457053999999997	0.0156438283	-0.04532507400000002	0.09471397039999999	0.0328381135	0.0349430254	0.0469622189	0.0313437441	-0.0103071413	0.050520306200000004	0.0272265451	-0.0499422824	0.0667445024	0.0093838618	-0.0567083462	0.08032991519999999	-0.0877537441	0.0416222695	-0.0211838879	-0.0763046233	0.0353598238	0.0174386375	-0.0643911502	0.0897578394	-0.135383	0.01785299999999998	0.018328556689	0.00031872960899999926	-0.0500202	0.032383400000000014	0.00250202040804	0.0010486845955600004	-0.350101	0.031943	0.122570710201	0.001020355249	0.00019144	-0.00091166	8.311239555999999e-07	3.66492736e-08	0.000661291	0.00010149699999999998	1.0301641008999996e-08	4.3730578668100004e-07	0.000677483	0.00042036199999999997	4.5898321528900003e-07	1.7670421104400004e-07	0.0	0.0
5463.864763053677	5.072941813338731	29853818.14893961	25.734738641520444	5472.8377671844755	-2.021798032731567	29951953.225920755	4.087667285157234	4504.646131854281	6.7913285218883175	46.122143092213754	20291836.773229733	4484.283569073914	5267.8623233356075	1.1293879999999998	25.58065	0.08475890000000001	0.0465737	0.0111515413	0.0143008067	0.1028824961	0.0415644254	0.0671536592	-0.0300465335	0.002383258	0.047735317400000005	0.0802664659	-0.0594684013	-0.0394037977	0.0038143284	0.0469238004	0.007467538	0.0111104625	-0.0078133657	-0.017121856799999998	-0.0712142251	0.045103440999999994	0.0545156666	-0.013757116399999998	-0.0908838913	0.056135403099999995	-0.065441945	-0.0541132982	-0.036193574	0.0179002095	0.0406359295	0.0610001483	-0.0415449785	0.1698713345	-0.0448669497	-0.0031758649	-0.0140616377	-0.02485438	-0.0096875042	-0.11237782380000001	0.1223459132	-0.024606940600000002	-0.0080234467	-0.013155771699999999	-0.0370926908	0.0011234303999999998	-0.0564081222	-0.011608898400000001	-0.050343226399999996	0.0256230892	0.0274304001	0.0672726079	-0.042185121799999996	0.0125661801	-0.0389336666	-0.0140884657	-0.0411201035	-0.0545068304	-0.0013021304	-0.024958847000000003	0.0728622892	-0.0264959937	-0.1100149694	-0.0212169408	0.09334959109999999	-0.0212390607	0.0201248887	-0.0263123378	0.0440721346	0.0668932605	-0.0141534256	0.0856740457	-0.031510738999999996	0.0108903493	-0.012841388799999999	-0.0140634195	-0.059618238899999995	0.1376335344	0.0223775096	0.0911560391	0.0042270286	0.035654498199999995	-0.0040744991	-0.012116987	-0.0697860557	-0.0548328462	0.0952993792	-0.0042557212	0.0708838954	0.0249379448	0.0305995694	-0.13826293039999998	-0.0467118946	0.0642939593	-0.104669471	-0.16030268220000002	-0.07263152519999999	-0.054227379299999996	0.11975495359999999	0.010892051699999999	-0.0482017865	-0.08056391780000001	0.0235872478	-0.0688202852	0.0572107845	-0.0160851939	-0.09500517550000001	-0.0308801726	0.05759246	0.0558669246	0.016714726699999998	-0.033760967200000006	0.0319785577	0.043909736	-0.0314652002	0.13633952189999998	0.1035283992	0.0045299049	0.043487135	-0.0052169198	0.0095334611	-0.09552025230000001	0.06882197	-0.1225657663	0.0024396829	0.0012859228	-0.0102486429	0.014161603200000001	0.0706323831	-0.0237618712	0.0513375679	-0.032442955600000004	-0.025148117799999998	-0.0618160487	0.009840043	-0.036058501800000003	0.029724484199999998	-0.021118646	-0.06863280769999999	-0.0590579147	-0.0203257153	0.0029223026	0.027630716200000002	-0.1376424872	0.054090672400000005	-0.0443815847	-0.0336618729	0.0540010987	-0.0020838627	0.0504729957	-0.06613803900000001	-0.0401345759	0.0337664732	0.0295823246	-0.0800786793	-0.005678427099999999	-0.0068629665000000005	-0.0002870668	-0.0324930381	0.1193989127	0.0002507339	-0.0594676277	0.0026732684999999996	-0.0853507973	0.0028108329	0.0008220785	0.041640002	0.043655018	0.014150195400000001	0.0760183787	0.0342746355	-0.0752881448	-0.005231202700000001	0.1592972412	0.0157024614	-0.1483002622	-0.043663668899999994	0.07431409580000001	0.0904563433	0.0657715945	-0.15589847369999998	0.0021481694	0.04349952940000002	0.0867221629	-0.0158598631	0.1419843039	-0.0769685571	0.0375800356	0.013862069599999999	-0.060857994400000004	0.08833406210000001	-0.126911	0.008472000000000006	0.016106401920999998	7.177478400000013e-05	-0.0906665	-0.0406463	0.00822041422225	0.0016521217036899994	-0.3613	-0.011199000000000014	0.13053769	0.00012541760100000032	0.000524694	0.0003332540000000001	1.1105822851600004e-07	2.75303793636e-07	0.0005437069999999999	-0.00011758400000000013	1.3825997056000026e-08	2.9561730184899986e-07	0.000715477	3.7993999999999955e-05	5.11907337529e-07	1.4435440359999969e-09	0.0	0.0
5461.414194175562	-2.4505688781146087	29827045.00034231	6.005287826383894	5461.040788733541	-11.796978450934148	29822966.496211454	139.16870057180466	4504.187256980219	-0.4588748740616211	0.21056615004506865	20287702.84594299	4483.640151748022	5305.978006983711	1.124972	25.480637	0.11321649999999996	0.0607629	0.004810532199999999	-0.0348946981	0.0352285081	-0.08795935390000001	0.0059035326	0.106146234	0.0454374357	0.0738927486	-0.0998393995	-0.020828055800000002	-0.0505718039	-0.0036066822999999996	-0.0237084077	-0.0026570921000000003	-0.0114167074	-0.0659548954	0.0429975083	0.102259851	0.033674991800000005	0.068215265	-0.00039930529999999997	0.055480526399999994	0.0516952403	-0.074406804	0.0361286738	-0.0615479689	0.0141801602	0.08733674529999999	-0.0717358748	0.06678045519999999	0.049508463600000004	-0.0290828181	0.025510993399999998	-0.032650878700000004	0.0112265752	0.168786457	-0.1446100727	-0.032301154	0.1143464389	0.0242688834	0.0112713798	-0.014201991899999999	-0.013528170800000001	-0.0780787748	0.0442824738	-0.0942300789	0.0052917874	-0.09268799400000001	0.0781703045	0.05886696900000001	0.0680661183	0.0011500071	0.1046597573	-0.059404063099999994	0.0315372359	-0.0199319191	0.0811453897	0.0276370591	-0.1065889523	-0.0171616018	-0.0282168181	0.0986869893	-0.0744324851	0.0390250002	-0.0558886995	-0.0207711822	0.0559060199	-0.0461454825	-0.0278939841	0.0269081407	-0.015121309099999999	0.10140118320000001	0.0691343349	0.0170217981	-0.023352664199999998	-0.011577852	-0.0686293292	-0.08504062300000001	0.032342267599999995	-0.0602541482	-0.1332268412	-0.0572031535	-0.0719583193	-0.0018251829000000002	-0.1245052252	0.09275226810000001	0.0209514354	-0.0008405648	-0.018752696399999998	0.088820595	-0.0162876107	0.0057970739000000006	0.0129395368	-0.0089394582	0.0785826484	0.1114655418	0.0105294365	-0.0517049271	-0.0498194014	0.0205231166	0.0717176129	0.0723281592	-0.00047131150000000004	0.041088590099999996	-0.062439789100000004	0.0835268624	-0.0183413149	0.062228973300000004	-0.0269453197	0.0873241699	-0.0861299052	0.0469011728	0.028219179	0.0454309568	0.0106142061	-0.0183733181	-0.0247569368	-0.0876915709	-0.1431746719	0.1150785881	0.1140689633	0.0102652804	-0.0342545063	0.0035255144	0.0175785687	0.0816063745	0.0510073696	0.09900627779999999	-0.036897852	0.100191285	-0.0411522833	-0.0729264722	-0.0747099046	-0.0414507198	0.05346282769999999	0.075558834	-0.047389344800000004	0.063335655	-0.060605979500000004	-0.0793933103	-0.044571060499999995	0.0933080081	-0.0622917838	-0.0366776866	0.0370523637	0.0040370724	0.08422239279999999	-0.0193058625	-0.0257789994	-0.0655556296	-0.0106873341	-0.018639971	0.0726444328	0.0181999178	-0.0635882348	0.0390861602	-0.0720657712	0.050244625300000005	0.0290840261	-0.0698779742	0.0762120139	0.0106709194	0.1519612992	-0.0262503245	0.053338641	-0.0659266273	0.0029119839000000002	0.1478104638	-0.0496756612	-0.027930436099999997	0.0620881973	-0.047116992	0.0153053954	0.0725122874	-0.0618825629	-0.0350737656	0.0792476498	-0.0886599828	-0.0384805344	-0.0286935767	0.0986204148	-0.0166602671	-0.0650332084	-0.0776190801	0.039774057200000004	0.010263766700000001	-0.057155216399999986	0.08652564300000001	-0.122707	0.004203999999999999	0.015057007849000001	1.7673615999999993e-05	-0.0399902	0.0506763	0.0015992160960399998	0.00256808738169	-0.345187	0.016113000000000044	0.11915406496899998	0.0002596287690000014	3.6276e-05	-0.000488418	2.38552142724e-07	1.3159481759999998e-09	0.0007001189999999999	0.00015641199999999998	2.4464713743999997e-08	4.90166614161e-07	0.000915111	0.00019963400000000007	8.37428142321e-07	3.985373395600003e-08	0.0	0.0
5451.269731925375	-10.144462250187646	29716341.69020575	102.91011434548216	5478.813198372548	17.772409639006582	30017394.06266123	315.85854437665415	4501.5459069090275	-2.641350071191482	6.976730198583248	20263915.55200942	4481.434820413083	5187.4898196014365	1.2310290000000002	27.882816	0.13800954999999998	0.07392279999999997	0.0024435455	0.03855806	-0.05576467400000002	-0.066038141	-0.0189035852	-0.0146447596	-0.1173919397	-0.0356747358	-0.0227699319	0.0730073064	-0.003721735	-0.0229558758	0.0510037245	0.0347995334	-0.0240499469	-0.0529244385	-0.0012968527	-0.0557085692	0.0251562352	0.0297964082	0.0226483749	0.0825090708	-0.0341307899	-0.051009867699999996	-0.0064966174	-0.09326112710000001	-0.0409357222	-0.0250350899	0.1181116192	-0.0331582725	0.0596086116	-0.0243918033	-0.034267866099999995	0.11339765449999999	-0.0569219425	0.0403543789	-0.0653687271	-0.0163507937	0.0019565542999999998	0.0107004198	-0.1012464713	0.0294687523	-0.0216897562	-0.0407199032	0.0002563108	-0.147960667	0.0874108298	0.0719394828	0.025788613999999998	0.0664845038	-0.0233769095	-0.0287104576	0.11066445800000001	-0.0659166656	-0.0695825194	0.0331332613	-0.059492548	-0.0585386092	-0.065133254	0.0302695015	0.1361900318	0.058619491100000004	-0.04062477	-0.1256566741	0.108793007	-0.0267518279	-0.0730824714	0.1416158816	-0.09089768449999999	-0.018727095	0.0310672013	-0.0033378443	0.011962900600000001	0.0436465254	-0.034057339900000004	-0.0215318654	-0.0328178622	-0.0619671126	-0.0813936372	0.039594963399999995	-0.0694689152	0.021488088199999998	-0.023602981800000002	-0.0900702284	-0.0045706396	-0.1175604542	-0.0970286292	-0.08386765410000001	0.034905079900000004	0.0989175024	-0.0323860053	0.022023254	-0.02458432	-0.0637336586	-0.0145896049	-0.0188870514	0.046890894	-0.0415080392	0.0980861256	-0.0403585826	-0.044180989299999994	0.0270379624	0.02440813	0.0837480183	0.0283482187	0.0509375382	0.0019619553	0.0829852309	-0.0274074529	-0.046898168899999995	0.1296583591	-0.0126968297	0.0491143801	0.0343681433	-0.0111937805	0.12102673580000001	-0.0833827487	-0.0105473124	-0.0739554306	-0.0033817303000000004	0.006962679300000001	-0.0098005608	0.1118878789	-0.0055542996	0.0390539555	0.046179328	-0.0022359114000000003	0.13242317550000002	-0.0702416135	-0.0258178165	-0.0833969499	-0.1039296832	0.027460578599999997	-0.005993204100000001	0.0906069502	-0.0247173774	-0.0608657887	0.052365988499999995	0.0017491398	0.0300189256	0.051248299000000004	0.0100798775	-0.0039768799	-0.09178228570000001	0.048591159	0.11268604480000001	-0.13401666310000002	0.0556069157	0.0489090708	0.09335577710000001	-0.0583467226	0.1342549043	-0.036327372999999996	0.0068711663	0.0010030782	-0.0032432756	-0.0954114952	-0.0039382314000000005	-0.0091074738	-0.056896460999999995	0.1367764897	0.0997432967	0.0409867873	0.029684536600000002	-0.054651583200000006	0.030704514900000007	-0.0898064337	-0.0496258276	0.1358750561	-0.0334045747	-0.0418428419	-0.0363824777	-0.0192095194	0.0718975212	-0.0210026301	0.0754586663	0.0469947286	-0.0108326945	-0.054003215	-0.030696364700000006	-0.0550565791	0.1312246985	0.0625939576	-0.078256079	0.0419403596	0.006649370799999999	-0.0532931366	0.08434045679999999	-0.119001	0.003706000000000001	0.014161238000999997	1.3734436000000007e-05	-0.0875415	-0.047551300000000005	0.0076635142222499985	0.00226112613169	-0.357842	-0.012655000000000027	0.128050896964	0.0001601490250000007	0.00106337	0.001027094	1.0549220848359998e-06	1.1307557569e-06	0.000444637	-0.000255482	6.527105232399997e-08	1.9770206176899995e-07	0.000715742	-0.000199369	5.12286610564e-07	3.974799816100001e-08	0.0	0.0
5449.366214006308	-1.9035179190668716	29695592.134353444	3.623380468208672	5482.830752542975	4.0175541704265925	30061433.06103096	16.140741512312104	4493.6087151624015	-7.937191746626012	62.9990128227081	20192519.28498349	4473.442950389616	5178.194719210835	1.168483	26.466158	0.11680354999999998	0.07268560000000003	-0.0081627963	0.0733238743	-0.0836000247	-0.0106750797	-0.035763937	0.1083656477	0.083414061	-0.0269517661	0.0111927806	0.0804931166	0.0173748736	-0.036100462	0.022431470099999996	-0.0677008305	0.0053172924	-0.06944302320000001	0.029470404300000006	0.1609786082	-0.0614033539	-0.0516372621	0.0732008432	-0.0155127808	-0.0872525736	-0.0279463502	0.0378504088	-0.1092474369	0.0382627702	0.1200508631	-0.0521021017	0.0059058497	0.013661516100000002	-0.10156853140000001	-0.028795982	-0.1021812405	-0.0734361855	0.059080735499999995	0.060190712	0.022930694900000003	-0.060271810099999996	-0.0008246409	0.0434022243	-0.0371238176	0.0403463911	0.0130953026	0.029766606400000006	0.050874002300000006	-0.0555611254	-0.033773754700000005	0.06699700530000001	0.0973618131	0.0694030011	0.154156013	0.0563345546	0.044375458799999996	-0.125731084	-0.023502581499999998	-0.0551432013	0.0142292789	-0.0127094264	0.0509166216	-0.0182174716	-0.0900913627	0.10674925789999999	-0.019961774499999998	-0.0145616264	0.0252216994	-0.0291129466	-0.0486354175	0.13269081359999998	-0.017221171299999997	-0.0468216532	-0.0479847195	-0.037420170499999995	0.017028395	0.042853467199999995	-0.09375687	0.0783967283	-0.055675189900000005	-0.09545155179999999	-0.008182463499999999	-0.0432989331	0.0490944993	0.0345938724	-0.055383489	0.1274915432	-0.0607019484	-0.05017192400000002	-0.0487934954	0.0912420474	-0.0042274827	0.077707071	0.09265532539999999	-0.0366389332	-0.0440932222	-0.030290364700000006	-0.0761906193	0.04884479269999999	-0.0249693488	-0.007440093	-0.0561475846	-0.017531022900000002	-0.0530758814	0.0766923955	-0.0104909383	0.0863171569	0.0286275275	-0.025829293599999997	0.1040553231	-0.0443458783	0.1289216192	-0.0813491442	-6.247180000000001e-05	-0.0070984865	0.1275089012	0.031097250400000002	-0.08623736859999999	-0.0828930974	-0.018147074699999998	0.0530603093	0.021251488500000002	-0.0205091393	-0.013701038700000001	-0.053737882599999995	0.0485461841	-0.0265331231	-0.0256307841	0.0254571109	-0.045976211600000004	0.030897353	0.0429250301	-0.0531915152	0.0662709471	-0.0767461305	-0.1369100242	0.1220357158	-0.0853531626	0.0810742103	-0.059079525	0.056103770899999995	-0.037194676	0.06435905900000001	-0.0072111432999999985	-0.0491854479	0.0058805589	-0.08881425789999997	0.0237295041	-0.10326928789999999	0.022544872400000002	-0.0327005063	0.02853031	0.0854312344	-0.10764144769999999	-0.0192463228	0.0388740636	0.0314315649	-0.0572129824	0.008139671	0.029157238	-0.0460486925	-0.0718035523	0.007623876099999999	0.11105211220000001	-0.0092771377	-0.03625898	-0.0378075311	0.0298812113	-0.0292176015	-0.1534827409	0.0586396387	0.0188201996	-0.0834349235	-0.054076530899999996	0.0554334689	-0.0728011846	0.1195520842	0.0509272041	0.015468067299999999	0.035924397000000004	-0.0630840796	0.0304217216	-0.0688381352	0.0645233582	0.031305715	-0.0788794428	0.044077433099999994	0.0030245489	-0.049282519299999994	0.0817880187	-0.133622	-0.014620999999999997	0.017854838883999996	0.00021377364099999983	-0.019418	0.06812349999999999	0.000377058724	0.004640811252249999	-0.340298	0.017544000000000004	0.115802728804	0.0003077919360000001	0.000910609	-0.00015276099999999996	2.333592312099999e-08	8.292087508809998e-07	0.000603554	0.000158917	2.5254612889000004e-08	3.6427743091599993e-07	0.0007343649999999997	1.862299999999973e-05	5.392919532249996e-07	3.4681612899998995e-10	0.0	0.0
5445.964186237031	-3.4020277692770837	29658525.917776365	11.573792942932409	5443.790400717741	-39.040351825233294	29634853.926946625	1524.149070637997	4493.84536082838	0.236645665978358	0.05600117122634059	20194646.12703875	4473.545314415247	5142.2390792766855	1.238848	28.059921000000006	0.10407335000000004	0.0680703	-0.0273643231	0.1041888726	0.0379667047	0.09104682630000001	-0.0342708779	0.0161143446	-0.0096407823	-0.0009081393	0.1015136383	0.0055030363	0.0570637462	-0.0188291125	-0.0837764461	0.0760626994	0.056600625599999996	-0.0337045216	0.0656337169	-0.11085408140000001	5.221140000000001e-05	-0.0505332744	0.052625108899999995	-0.0768934699	-0.0242538437	-0.0135955121	0.0596486987	-0.0137717974	0.09270760859999999	-0.0067970394	0.0558366558	-0.0496855524	-0.037098217200000005	0.0269765056	-0.0197825504	0.0803672191	0.066361762	-0.0188579503	0.0687149706	-0.0827176894	0.1685824723	-0.0216760394	0.0316133296	-0.0669547533	-0.1182755908	-0.0487452846	-0.0092613993	0.0467360114	-0.0246759346	-0.0028129390000000004	-0.0802309343	0.0149118102	-0.1275396383	0.1097573593	0.043422191299999996	-0.06525859120000001	-0.0154090128	-0.004899168	0.06047586150000001	-0.042240051699999996	0.11811073609999999	0.0852477484	0.0822767517	-0.0282270904	0.0628564753	-0.047330024500000005	-0.0191488773	-0.0630670633	-0.023184719700000002	0.0714714619	-0.0314046029	-0.0597140781	0.1011099441	0.1148369632	-0.1071650189	-0.0548681955	0.027745235099999998	0.0814251117	0.025299076299999997	0.1010917968	-0.0038654109999999996	-0.040008310299999995	0.0139784105	0.0399051583	0.0410233775	-0.021651950899999998	0.0384124896	0.055424882	0.064426834	-0.0772489086	-0.0127643941	-0.0323297653	-0.013050878600000001	0.0345451252	-0.0344444722	-0.0082857881	0.0782672225	-0.0599085346	0.1335170542	-0.049324977699999994	-0.09545866880000001	-0.0909761207	-0.006317025600000001	-0.04961250230000002	0.052046164299999996	-0.0770730479	0.0360471149	0.019647818	-0.0695742838	-0.0423007022	-0.089361916	0.0029824671999999996	0.0425025648	-0.04785031730000002	-0.0263122085	-0.0297409415	-0.023280338199999997	0.0717127424	0.0634942684	-0.007115945	0.039245544199999996	-0.02011947	0.1636329098	0.0651430726	-0.0242358011	-0.0894169907	-0.1427843644	0.0584046304	-0.0225373719	-0.0092217108	0.054441231799999996	-0.0152009402	0.0330870992	0.07546872660000001	0.1292821182	-0.0200637674	0.11116858210000001	0.0127011499	-0.0155910572	0.0665753679	-0.0825606656	0.010573091000000001	0.0214074777	-0.0882393319	0.0648406849	0.039212681	-0.0435407605	0.12855217730000001	-0.0247541693	0.045979155599999995	0.1115280469	0.005342819300000001	-0.0749433124	-0.0432844675	-0.0093259922	-0.1429751948	0.0053748555	0.1030639112	0.048000595	0.0244256473	-0.0174185338	0.062334327	0.0113055628	0.0073781691	-0.0268042379	-0.0380347961	-0.025804226	-0.0352643846	0.05089097099999999	-0.0471760182	-0.0585049162	-0.0543734985	-0.048865050800000004	0.0569505106	0.0138907712	-0.0178076806	0.035013613900000004	0.023893299500000003	0.0208748446	0.0696531764	-0.1639864268	0.0353567116	0.1230485932	0.0550339596	0.0538582067	-0.079489063	0.0461837883	-0.0006050151999999999	-0.045134542699999995	0.0788794428	-0.143347	-0.009725000000000013	0.020548362409	9.457562500000022e-05	-0.08341269999999999	-0.06399469999999999	0.006957678521289999	0.004095321628089997	-0.3486	-0.008302000000000032	0.12152196	6.892320400000053e-05	0.00107882	0.00016821100000000014	2.8294940521000047e-08	1.1638525924000005e-06	0.000603554	0.0	0.0	3.6427743091599993e-07	0.000461543	-0.0002728219999999997	2.1302194084900006e-07	7.443184368399983e-08	0.0	0.0
5449.397277224282	3.433090987251489	29695930.685019426	11.786113726747404	5454.917392232771	11.12699151502966	29756123.75608357	123.809940175542	4496.855948749721	3.0105879213415383	9.06363963212757	20221713.42380576	4476.59850358794	5208.690073203669	1.237067	28.019596000000003	0.07698280000000003	0.047836800000000006	-0.021152298599999998	0.047712718499999994	0.1037818696	-0.06274343339999999	0.0479834558	-0.051823953799999996	0.1069718777	0.0653510853	-0.0301182625	-0.0640758955	0.0891464766	0.022825041	0.0303810806	-0.051402499000000004	0.013929196599999999	-0.0407577285	-0.0076466758	-0.0160372078	-0.1056920749	-0.013611355600000001	0.0391325961	0.006979279200000001	0.051183488099999994	0.0050110353	-0.0170849322	-0.09636387240000001	-0.1197327235	0.0371373918	0.0147076645	-0.0997352365	-0.0292627782	-0.1200869012	-0.0094060479	0.0352786723	0.068940876	-0.0346597108	0.1054845184	0.0092344234	0.0033334112	-0.022025920299999998	0.0111973982	-0.0015885224	0.0383793875	-0.0541448268	-0.0506552919	0.0553417014	-0.0651769832	0.0675655703	-0.11270468880000001	-0.030148459300000006	0.09232959980000001	0.0160861232	-0.067027083	0.012561578200000001	0.0046799777	0.0393145971	-0.0420700084	-0.1592646517	0.0371679625	0.0384234804	0.075646077	-0.016989496	0.045026226600000004	-0.0422222146	-0.012108279599999999	-0.0687196165	-0.0793842941	0.09273865880000001	0.024703956200000002	0.0809850886	-0.1668877704	-0.0559299192	-0.0015171335	-0.0275700762	-0.0042115182	-0.0464120432	-0.0634308581	0.0034359488	-0.0587101474	-0.09244275939999999	-0.0229796637	-0.0860643033	-0.021349036000000002	0.100506562	0.0181637051	0.0340832031	-0.0722514638	0.11806502039999996	-0.0685822906	0.0084177256	-0.0100885872	-0.044787119199999996	-0.0052148965	0.0222436967	0.040304378599999996	-0.11909044949999999	-0.0922111207	-0.0331118469	0.1091050794	-0.0220680126	-0.0478709685	-0.011136811699999999	0.038860297599999996	-0.011459839199999999	-0.05509840269999999	-0.0014289179000000001	0.021966961400000002	0.1346659869	0.0521443882	0.0039250838	0.0269453339	-0.1119139694	-0.046377126	0.0515871829	0.06841652849999999	0.058589829100000004	0.0441265259	-0.0271528594	0.10878212849999999	-0.044520484299999996	0.0119550923	0.049480471500000005	-0.0117741467	-0.019054582	0.030083609900000002	0.0645534353	-0.0681895592	-0.041873806	0.0635619918	-0.08972661650000001	0.1318751603	0.0221497557	-0.0638560527	-0.0172949029	-0.0460404004	-0.0104437232	0.023897647299999998	0.012308835300000001	-0.006299930400000001	0.12259447779999999	0.1422050007	-0.0994996368	-0.023410196	-0.034555416299999996	-0.0435358617	0.0666230578	-0.0650193572	0.0975445135	0.0343115296	0.027609071800000003	0.0875276397	0.0279127631	0.0325701983	0.1586879125	0.046936505999999996	-0.029920708799999998	-0.0046366983	0.0171850607	-0.017817336399999998	0.0420825771	0.08233827190000001	-0.0538410579	-0.0120866762	0.012297423200000001	0.0578472133	0.028273994900000002	0.0911654415	0.075976267	0.041557796800000005	0.11413806580000001	0.1203800448	-0.0049708303	-0.0058387316	-0.0113040842	-0.0301786579	0.0034155357	0.005775513100000001	0.1231751306	0.0746176941	-0.0903816152	-0.0725704889	0.0752884831	0.0618271307	-0.0800848332	0.0482579572	-0.0042336307	-0.0408607681	0.0756273945	-0.146423	-0.0030759999999999954	0.021439694929	9.461775999999972e-06	-0.0456625	0.03775019999999999	0.00208506390625	0.0014250776000399993	-0.342821	0.005779000000000034	0.117526238041	3.33968410000004e-05	0.000507044	-0.0005717760000000001	3.2692779417600013e-07	2.57093617936e-07	0.000603554	0.0	0.0	3.6427743091599993e-07	0.000425767	-3.577600000000006e-05	1.81277538289e-07	1.2799221760000042e-09	0.0	0.0
5454.587859876678	5.190582652395278	29752528.72111404	26.942148271346802	5469.376562589801	14.459170357030413	29914079.98340663	209.0676074136271	4504.018966900311	7.163018150589777	51.308829025678605	20286186.854197748	4483.735998213967	5152.178227788952	1.031046	23.353214	0.06592149999999995	0.0455131	0.026311445099999997	0.0593048641	0.071564858	-0.053628051100000004	0.0530548074	-0.0900449018	0.056905379400000004	-0.0329246662	-0.0052235439000000005	-0.043611992999999995	0.0412763918	-0.06861291900000001	0.0314416892	-0.0020400721	0.0757871929	0.0046878174	0.0244984427	-0.0093106163	-0.0201510316	0.0148531554	-0.0375631041	-0.0244368705	0.0830343566	-0.0825077256	0.005754105600000001	-0.050149392300000005	-0.0366199411	0.046355462300000004	0.1288242696	-0.13433481390000002	-0.1042735458	0.059716965199999986	0.0064851824	-0.060074980599999994	0.0370601714	0.0693151477	-0.010754730700000001	0.055333907800000005	0.014945946100000001	0.1073317551	-0.024486080099999998	0.0189668826	-0.1591219999	0.0070005642	0.0676720878	0.1806549962	-0.0421353009	0.014179408300000003	-0.06369643650000001	0.0170029795	0.010168928399999999	0.0653818472	0.0759067337	-0.054997692	0.054169622199999996	-0.055999539800000005	0.0652714588	-0.0584491776	-0.0444839463	0.0501146226	-0.13696295619999999	-0.0173654425	0.036412775099999996	-0.1516335181	0.0791416694	-0.023328834399999998	-0.1147897833	-0.0895652151	-0.0005745195	0.030571850600000002	-0.004336902199999999	-0.0353278335	-0.01490063	0.10253863560000001	0.0207247368	0.011919835600000001	0.0184789104	0.066460486	0.0750501994	-0.016924828700000002	-0.11122672439999999	-0.014859708000000001	0.0265745001	0.0986372001	-0.0185814427	0.07713805309999999	0.07459668629999999	0.0545777218	0.0007621839	0.0349767719	0.0280547768	0.1511200616	-0.012998309	0.0533221799	-0.022219802599999998	0.1284635902	-0.0562339688	0.0014885839000000002	0.047582466100000005	0.1031123737	-0.09053838869999999	0.014797376000000001	-0.037944630699999995	-0.0270676896	-0.063371099	0.08098865059999999	0.0086483538	0.0480363117	-0.0027373539	0.0158809147	0.1340490222	-0.1350747259	-0.0726690754	-0.005987540699999999	-0.019835576100000002	-0.07435320200000001	0.0080862238	-0.044739950599999995	-0.0038593221	0.10735423460000001	0.0412410477	-0.09273947960000001	0.0038737196	-0.12823082289999999	-0.0803719069	0.0225023873	0.11738627609999999	-0.1703290067	0.0228041792	-0.032241176499999996	0.0961730405	0.0111232378	0.0485066742	-0.017142524	0.0741324269	0.11165772689999999	-0.04775396	-0.0259392951	-0.067476084	-0.1005449357	0.0596271933	-0.0032658884000000003	-0.1368542212	0.0476852737	0.015120711499999996	-0.0300097823	-0.1928264791	0.0030848748	-0.0552016204	-0.0833415846	-0.0133211109	0.0630059741	-0.0153226489	-0.0588579093	0.0703532088	-0.051073685	1.9572e-06	-0.0370799567	-0.0113879628	0.0332740645	-0.0739196156	-0.0059359515	0.118273083	-0.056286003700000004	-0.0017520197	0.071972699	0.09001310130000001	0.0815235561	-0.1272060498	-0.0125219427	-0.0184018208	-0.0648842346	0.09447956789999999	0.0338151712	0.0843402622	0.0513798345	-0.004793959600000001	-0.08935867060000001	0.07949383730000001	-0.013220786399999998	-0.049935081900000004	-0.0717012023	0.06556860240000001	-0.0806666498	0.0502984945	-0.007855608100000001	-0.0364731072	0.07204603429999999	-0.143076	0.003346999999999989	0.020470741776	1.1202408999999923e-05	-0.0463044	-0.0006419000000000008	0.0021440974593600003	4.1203561000000094e-07	-0.341915	0.0009059999999999623	0.11690586722500003	8.208359999999319e-07	-0.000339404	-0.0008464480000000001	7.164742167040002e-07	1.1519507521600001e-07	0.0008493329999999998	0.0002457789999999998	6.040731684099988e-08	7.213665448889996e-07	0.000554072	0.000128305	3.06995781184e-07	1.6462173025e-08	0.0	0.0
5471.63563536859	17.047775491912034	29938796.52623543	290.6266492226366	5444.776441561573	-24.600121028228386	29645590.498583905	605.1659546034845	4504.905726167519	0.886759267207708	0.7863419979787514	20294175.601656895	4485.174845360741	5266.105972001916	1.203497	27.259224	0.16550229999999996	0.0959596	0.0073961695	-0.0166968549	0.0427481144	-0.032953613	0.023304752400000003	-0.0335868109	0.0059462058	-0.0378634066	-0.0252128319	-0.09628128529999999	-0.0723371181	0.07568322059999999	0.0184839851	0.0103811185	0.0126946581	-0.0039146606	-0.0051050544	-0.0161024225	-0.0643039543	0.055219453499999994	-0.0155653712	-0.0075928392000000015	0.0428147047	-0.0332807974	-0.0843340702	-0.0729952292	-0.056411225999999995	-0.016298618	0.004966636	0.0013737626000000001	0.017926464099999997	0.050757917400000005	0.087571929	0.1082537636	0.08786296939999999	0.030611916200000002	0.011432254499999999	0.034186660699999996	0.0599422821	0.0210061799	-0.0521751625	0.0829793515	0.0071512448	-0.1802166408	-0.0068450765	0.0727205893	-0.0427008168	0.1310423875	-0.0534957325	-0.0872386307	0.0339823351	0.06077276030000001	-0.0735958845	-0.0990193498	-0.023368009199999998	-0.021565035	0.0682349866	0.0127480298	-0.045659213	0.058072455700000004	0.108583336	-0.0839118725	-0.0955553636	-0.0399722811	-0.0638891488	0.051186359400000006	0.0268314367	0.0284162671	0.137616767	-0.0071655887	0.0847770717	-0.0532425273	0.0155524006	0.044387762000000004	-0.0187430629	0.0290134157	-0.1035532233	-0.1040855849	0.1000899599	-0.10090212900000001	0.0607656827	-0.0773496312	-0.11923336849999999	-0.0154304934	0.0261008529	-0.0033019727	0.09727183460000001	0.0301828295	0.0591652805	-0.0055997556999999995	0.1108932715	0.0068695549	-0.034188866	-0.1052680856	0.0209649812	-0.0326005829	-0.006515568199999999	0.0044850064	-0.051629437699999996	0.0815790542	0.09257347619999999	0.0584117167	-0.019353566699999998	-0.016455013799999998	-0.0400810991	0.023039913	0.0949826216	0.06900613400000001	-0.007481175899999999	-0.0304924633	0.0337692896	-0.013723124199999999	0.0379708596	-0.1268881441	0.04284578940000002	0.0695197531	0.0472320516	-0.0789323664	0.0010609961999999999	0.045736282999999996	0.0325269808	0.023229061800000003	0.0391887552	-0.0689978326	0.115971934	0.1571983262	0.0067738673	-0.0284403654	0.0693982565	-0.1530377407	0.0592596804	0.1030096184	-0.0166367503	-0.0005450204	-0.0815887295	-0.031221396000000002	-0.030709170299999998	0.0560106051	-0.0821120298	-0.0368695134	0.055381345	0.06409131280000001	0.0928255967	0.012309378700000002	0.0088924408	0.1319898317	-0.0113309094	-0.0521694864	-0.0653643047	0.0722622113	0.10876402369999999	-0.049570552999999996	-0.0651289334	-0.0648582135	-0.0022824554	-0.0005231211	-0.0290007062	-0.0069181109	0.133779071	-0.1300021193	0.018956030500000002	-0.14008719109999998	0.078057704	0.0046154722999999995	0.0827409192	-0.0133593557	-0.055392732800000004	-0.0259438956	-0.0796856551	-0.0385154007	0.006871606	-0.0768148536	0.021833353700000002	-0.1254245253	0.021949353900000003	0.0168167273	0.0767774471	0.010478662	-0.013728721000000001	0.0090020473	0.0164908912	-0.0407775845	-0.0924813332	-0.0812344112	0.0523039779	-0.011465268300000001	-0.0319837892	0.068150957	-0.138168	0.004907999999999996	0.019090396224	2.408846399999996e-05	-0.131929	-0.08562460000000001	0.017405261040999997	0.007331572125159998	-0.366908	-0.024992999999999987	0.13462148046400002	0.0006246500489999994	0.000311538	0.0006509420000000001	4.2372548736400006e-07	9.7055925444e-08	0.000603554	-0.0002457789999999998	6.040731684099988e-08	3.6427743091599993e-07	0.000656885	0.000102813	4.31497903225e-07	1.0570512968999998e-08	0.0	0.0
5449.2491382082735	-22.38649716031614	29694316.17026361	501.1552551088426	5495.630343952765	50.8539023911917	30201952.87737438	2586.1193884128525	4503.401609060555	-1.5041171069642587	2.2623682714625315	20280626.05248919	4483.157564791986	5249.239139430766	1.201157	27.206232	0.12009848	0.08904489999999997	0.022730838599999997	0.0013907595999999999	-0.0309467488	-0.0783486183	-0.0157466596	0.019889446	-0.044802887300000004	-0.0156434615	-0.1035522852	0.038235055	-0.09960393140000001	-0.0970012624	-0.08060528559999999	0.1012441659	-0.0406501177	0.015963923	0.055560891900000006	-0.0911156689	0.031701076	0.051764444800000003	-0.0088246587	0.1354443839	-0.028479169300000006	-0.1250865054	0.0177557065	-0.0280264154	-0.0001038529	0.10493302970000001	-0.049764723	0.014394486000000001	-0.0398322162	0.0518280555	-0.0305983283	0.0694882919	-0.0668500058	-0.0745624916	0.0147761307	-0.0738192266	0.0310674454	-0.0399411996	-0.0015521425	-0.1098781347	-0.17286172219999998	-0.0153273314	-0.014471989	-0.0846319832	-0.0073248407	0.0248642531	-0.007019135500000001	0.0408022788	0.09149705699999999	-0.055046886100000005	-0.0347085479	-0.0746195848	-0.05838660320000001	0.0158540379	0.084440904	-0.0028164104	-0.0603197064	0.0901832385	-0.0153958621	-0.041393634500000005	0.0327866686	-0.0449462767	0.0709144851	0.08469226210000001	-0.025056134700000003	0.0448624714	-0.0254789924	-0.1071727701	-0.060116368499999996	-0.0120332246	0.0772118904	0.0928303406	0.0361182188	-0.0017070399	-0.0318167833	0.1530839813	0.0087355218	0.0035707096000000002	0.0040090774	0.0055639009	0.0943741797	0.059353156500000004	-0.0755479504	-0.0567513503	0.047288587300000004	0.1262065906	-0.08347088379999999	0.0060271709	0.0334540765	-0.0520308839	0.0513118718	-0.0184696392	-0.0397118952	-0.0691792906	0.023555894900000002	-0.0170922302	-0.1249729808	-0.0806526326	0.154636129	0.0487820086	-0.005492842800000001	0.144629029	0.022603535299999998	0.128602935	-0.0094314928	0.0386304216	0.0070148602000000004	0.09411912089999999	-0.0157924561	-0.003734767	-0.0133920905	-0.07382837490000001	-0.026321313	0.0534385774	-0.0478079855	0.078617592	-0.00071231	-0.08833028300000001	0.0534442192	0.0202630427	0.0381759414	-0.1002398254	-0.1567829373	0.0301079073	0.0154044633	0.08458515900000001	-0.007273987900000002	0.0008111131	0.0135999875	-0.06721924280000001	-0.058149169199999996	-0.0325661794	-0.0917541195	-0.0541409135	-0.048581587	0.044057791500000006	-0.023688543599999997	-0.1086524941	0.05186790769999999	0.0110122201	-0.075431592	0.028120834900000002	-0.0346033921	0.0070463065	-0.0734229488	-0.015314352600000001	7.33414e-05	0.08642656929999999	-0.1153151994	-0.0455807143	-0.033696101299999996	0.0451133374	-0.0061112334999999995	-0.0573810633	-0.057800367199999994	-0.1124798175	-0.050954392300000005	0.16136856130000002	0.030360497599999998	-0.0565116475	0.012703427199999999	0.0023073539	-0.0689659083	0.08394859140000001	-0.0104985905	0.0501189758	-0.0771775324	0.0032161062	0.10570034269999999	0.027886081099999998	0.0283180977	-0.0358970624	-0.0731293142	-0.0003156816	-0.09464803720000001	0.0190238774	-0.0690343945	-0.0048790162	0.0857200759	-0.0398482862	-0.0815976624	-0.0817880187	0.05427300980000002	-0.015056951599999997	-0.027405326600000002	0.06395912320000001	-0.137418	0.0007500000000000008	0.018883706724	5.625000000000011e-07	-0.0457992	0.08612979999999999	0.0020975667206400003	0.007418342448039999	-0.347981	0.018927000000000027	0.121090776361	0.00035823132900000105	5.39124e-05	-0.00025762560000000003	6.637094977535999e-08	2.9065468737599995e-09	0.000603554	0.0	0.0	3.6427743091599993e-07	0.000628677	-2.8207999999999944e-05	3.95234770329e-07	7.956912639999969e-10	0.0	0.0
5446.735249639878	-2.513888568395487	29666924.879669584	6.31963573430951	5467.329906384537	-28.30043756822761	29891696.30524675	800.9147665531485	4498.207074874951	-5.1945341856035165	26.983185405403574	20233866.888455067	4478.029012092176	5098.009587689667	1.121951	25.412197	0.11117753000000004	0.0716569	0.0262689046	0.08594620300000001	-0.0498158521	-0.0575882705	-0.017616446299999998	-0.0237925699	-0.034226192999999995	-0.07869549299999999	-0.0206586674	-0.0051924801	0.0024412945000000003	-0.027665853799999997	-0.0358381323	0.031305107900000004	-0.0180441465	0.005548164	-0.15466265710000002	0.0020124703	-0.11364154789999999	-0.0035859232	-0.0057591670999999995	0.0430207347	-0.0597533018	-0.0345022018	-0.0074503768	-0.0836945343	0.0358443019	-0.0006782495	0.058313734699999994	-0.063429246	-0.0100647181	0.0064430873	0.08175081	-0.041321817000000004	-0.0012256837	-0.043475720999999995	-0.0823117349	-0.0485102129	0.1093407675	0.0179532365	-0.0112255069	0.088444409	-0.06079097	0.018549684	0.16801885760000002	0.0383303471	0.0182749637	-0.0180479482	0.012339125900000001	-0.0938759282	0.0171183025	-0.0637787475	-0.0505114648	0.0895904921	-0.0591740596	-0.048749008499999996	0.0736316263	-0.08157156509999999	-0.0670833183	0.0533471078	-0.0277213852	0.0936925753	-0.043204109299999995	-0.0024874962	-0.1138433551	-0.0172096225	-0.0387501493	0.048534689900000004	-0.1172633597	-0.10852030550000001	-0.0039617685	0.005882504100000001	-0.0969369019	-0.0144146339	-0.0944564325	0.0059228195999999995	-0.0192780238	0.0172709684	0.0081108793	0.0527294161	0.0956911324	0.061177840199999986	-0.065902581	0.015195583799999999	0.062791531	0.0225105837	-0.0139991905	-0.0453580196	-0.024197727999999998	-0.0306747641	-0.0655075268	0.0660426779	0.0330752152	0.0160377555	0.0344806332	-0.0204166342	-0.0391662014	0.09535783980000001	-0.0189754026	0.0389843159	0.11240100539999999	-0.0081149048	-0.0053110245999999995	0.0473593995	0.0627034367	0.0319117659	0.0043338461	0.043611383	-0.0763331894	-0.0014364154999999999	0.059332384400000014	-0.06681923	0.0377499315	-0.0165824085	0.0660062165	-0.0348935711	0.0552177258	0.046187629400000006	-0.051172625	0.031670550299999996	0.09963277779999999	-0.0168909106	0.022259877	-0.044809961399999994	0.0327636523	-0.0348060924	0.16375884640000002	0.0023859962	-0.040218649	-0.0211278004	0.002643412	0.0048553573999999995	-0.0424932728	0.135972166	-0.0517945809	-0.0034541827000000003	0.1054462624	-0.0239219067	-0.1203308574	0.0134193875	0.020569066100000002	0.0391600173	-0.1121143733	0.0074493834	0.0314815477	0.0740074394	0.11519843869999999	0.038007153599999996	0.0212192669	-0.0190167632	-0.1673689445	0.0280320167	-0.0565992647	0.0252645887	0.0881594777	0.0712543335	-0.042199910300000004	0.056118495	0.0466849962	-0.0080793837	-0.0292479961	0.0085808083	-0.08624109460000001	-0.028315269599999998	0.0507607715	-0.026549952400000004	-0.0072266232999999985	-0.030131595	0.0408802782	-0.019176042	-0.0352196127	0.0616584625	0.0664241735	0.0537064495	0.0137884306	-0.0040141145	-0.019884430800000002	0.0387672007	0.06372806240000001	-0.0031565496	0.0242818956	-0.0025462134	-0.055534205	-0.0823273756	0.0562042179	-0.018625026399999998	-0.0227504805	0.059488785999999995	-0.134785	0.0026330000000000238	0.018166996225	6.932689000000128e-06	-0.108627	-0.0628278	0.011799825129	0.00394733245284	-0.34837	-0.0003889999999999727	0.12136165689999998	1.5132099999997875e-07	0.0007358	0.0006818875999999999	4.6497069903376e-07	5.4140164e-07	0.000471151	-0.00013240299999999996	1.753055440899999e-08	2.2198326480100003e-07	0.000536413	-9.2264e-05	2.87738906569e-07	8.512645695999999e-09	0.0	0.0
5447.649089433373	0.9138397934948445	29676880.601604257	0.8351031681746998	5451.149603510181	-16.18030287435613	29715031.999849204	261.80220110589715	4497.351502230942	-0.8555726440090439	0.7320045491766262	20226170.53461891	4476.842145304374	5165.222351418956	1.085746	24.592167	0.13633755	0.07904080000000001	0.0149934486	0.06676840889999999	-0.0116203948	0.09230565310000001	-0.0277871025	0.0392825042	0.0192774102	-0.0043475853999999994	0.0679361542	0.0780353349	0.0167249277	-0.023915757000000003	-0.0612581689	-0.12816348619999998	-0.0618797196	-0.0652527228	0.0856302286	-0.032547107799999996	-0.00124965	-0.0285913234	0.022601352	-0.0557720542	-0.0107136966	-0.0458139782	-0.0324771456	-0.0560720223	0.0542169178	0.1789899441	0.0017707554	-0.029255961	-0.0497985906	-0.0669822605	-0.04651450099999999	-0.08796666480000001	-0.0769633598	0.0535942185	-0.0178701761	-0.1714206926	-0.0003562133	-0.037989467799999996	-0.010185963000000001	-0.0458101737	-0.0281305404	-0.0585156728	0.051296844400000007	-0.0805391369	-0.0135017644	0.0179022576	0.0417497934	-0.042729457400000004	-0.0410827945	-0.029758404199999998	0.0130339042	-0.0489507574	-0.041753266000000004	-0.0618862873	-0.08955380210000001	0.09375120449999999	-0.0474604862	0.0595867948	-0.0011016918	0.0353466061	-0.0893721975	-0.013954594399999999	-0.10675018929999999	-0.0582447179	-0.0192528069	-0.0487809243	-0.0305642267	0.08743854720000001	-0.1592714248	0.17866879800000002	-0.037251529500000005	0.0424396713	0.0384776117	-0.0598403842	0.0561433963	0.023484196000000002	-0.0207163053	-0.0417771028	0.0795393506	-0.1040434233	-0.0333979857	0.0242113545	-0.056313824900000004	-0.02362096	0.023550036	0.030899157000000007	-0.0771053555	0.060569150499999995	0.032140793	-0.032525577400000005	0.048494221500000004	0.1873240174	-0.0345592202	-0.013786468999999999	0.087295968	-0.0699244393	0.0257170431	0.0895168544	0.11010116630000001	-0.0290948883	0.0245948706	-0.0517583264	0.0341985494	0.0466051413	0.0349836177	0.0339327091	-0.0430443758	0.1967461468	0.0025157145000000002	-0.0268335764	-0.0764451689	0.09815183570000001	0.0055449686	-0.0652727254	-0.0853689454	0.004617743400000001	-0.0772527477	-0.12044109880000001	0.11404683869999999	0.0201946865	0.0017009793	0.0403750825	-0.03798639	0.0458131607	0.0682233107	0.0959413369	0.0233634102	-0.010994106200000001	-0.043622621900000005	0.001023733	0.018290277	0.0511544998	-0.024980918900000003	-0.0103300603	-0.06176058900000001	-0.075416943	0.06744236769999999	-0.0618425643	-0.0030512245	0.0633378357	-0.035599919	-0.0681815476	0.0543784227	0.1393051798	0.0507059822	0.043069033	-0.046513517000000004	-0.11894166449999999	0.0058097897	-0.046624779299999995	0.1790913862	0.0269186682	0.0399252596	0.05840511740000001	-0.039018630299999996	0.036334596000000004	-0.1404240715	0.0253596362	0.0460766375	-0.10405797259999999	-0.027701378500000002	0.0748483563	0.0744229496	0.0204584466	0.0049015695	0.0314747588	-0.008068385400000001	-0.0254563397	0.07482874639999999	-0.0087900932	-0.0172215725	0.1125122878	0.0322860866	-0.1350746643	-0.1012425545	0.0114063958	-0.0870097301	-0.0583412138	-0.040567855800000004	-0.015118226399999999	-0.0186270818	-0.0828523881	0.0580962564	-0.0221638981	-0.0180322247	0.0547594108	-0.122618	0.012166999999999985	0.015035173924	0.0001480358889999996	-0.0384312	0.0701958	0.0014769571334399998	0.004927450337640001	-0.338022	0.010347999999999968	0.114258872484	0.00010708110399999934	0.000213359	-0.000522441	2.72944598481e-07	4.552206288100001e-08	0.000514757	4.360600000000001e-05	1.9014832360000014e-09	2.6497476904899997e-07	0.0008429009999999999	0.00030648799999999983	7.104820958009996e-07	9.39348941439999e-08	0.0	0.0
5450.657304667105	3.0082152337317893	29709665.05292087	9.049358892456004	5465.6170599247225	14.467456414541632	29872969.84574017	209.3072951066617	4492.799235955198	-4.552266275743931	20.723128245275532	20185244.97459961	4472.7807471564	5194.007144478469	1.150234	26.052828	0.13784880000000002	0.0773911	-0.0045183924	0.0350736703	0.1122757866	0.01994216	-0.0310141844	0.012236708899999999	-0.0316872851	0.0702390548	0.0631877465	-0.054541355199999995	0.0561146979	-0.026321237200000003	0.015517062600000001	0.0402456436	-0.0388509914	0.031339817799999996	0.0290842639	0.024280349	0.0417343519	-0.050070431500000005	0.0625539359	-0.0580466294	0.0674498172	-0.06584385129999999	0.0003332478	-0.1415644797	0.11427710699999999	-0.030120662000000006	-0.0277544676	-0.0022490644	0.050150481799999994	-0.10048654289999999	0.024848102400000002	0.056859930499999996	-0.035647365	-0.08202992	-0.091043136	-0.0931588607	0.0120437226	0.0748117338	-0.0280741981	-0.033402676299999996	-0.1323374902	0.0169473115	0.0655244407	0.10809667349999999	0.0282930276	-0.0167503777	0.0060053429	0.0091487756	0.0250143109	-0.0182156405	0.0166273911	0.0530487284	-0.093201439	-0.0035166266	-0.0437049212	0.0687423496	0.0173750035	-0.0845622999	0.0329644971	0.029220764	0.024891980600000002	-0.006499548199999999	0.060412041	0.0052970736	0.0041815715	0.0229036556	-0.0086336625	0.0626054797	-0.09525910779999999	-0.0628214461	0.062000748200000004	0.0264049818	0.0977949023	-0.018596436799999998	-0.1489167433	0.0434534534	-0.0368779693	-0.0045530107	0.054748860700000006	0.0616018618	0.1121427517	-0.1420771576	-0.0302521786	0.0063382633999999995	0.0437899696	-0.0337679479	-0.0637971145	-0.1409282452	0.0062697859	0.0038103123	-0.1206032622	-0.0059742816	0.1336830487	-0.0463217047	-0.1101955243	0.1009654617	0.0563882325	0.028132590099999997	0.0058545232	-0.0474656237	0.0605180305	-0.0758339844	-0.0627088428	0.0613424387	-0.003731842	0.062088968099999996	-0.1624640934	-0.0058130508	-0.049920115	0.004011894	0.07617019650000001	0.0429537724	0.10039888570000001	0.0880530433	-0.0038362614000000002	0.044079237	-0.0490321821	-0.0596334897	0.0637402313	-0.1051601409	0.021151513599999998	-0.08195253549999999	-0.1009876116	0.0080100559	0.0828967469	-0.0783313524	-0.0477259185	0.0040464532	-0.0036169277	-0.0303087926	-0.043352222	0.050614156900000006	0.04165648	-0.09037727599999999	0.08415410820000001	-0.031939028700000004	0.0348549798	0.005006615900000001	-0.0893914094	-0.00363438	0.0348934033	-0.0458744201	0.022480212000000003	-0.0081908537	-0.0207074623	-0.0087800425	0.0197418872	0.028393473399999997	0.026326100699999997	0.0333905984	0.0500295595	0.0831034056	0.0315172344	-0.1207177125	0.0034395778000000004	-0.08471662419999999	-0.0097055092	0.11093589029999999	0.0872608472	-0.0483646538	-0.0293131787	0.0080190612	-0.09701683779999999	-0.1287120148	-0.0863266261	-0.0049067175	-0.048474478	-0.0211773244	-0.0071010801	0.1101781772	-0.014732883899999999	-0.058829210599999994	0.10667427019999999	0.0075185462	0.1303471382	0.1055477708	0.1406840731	-0.0391751028	0.0201382307	-0.0212979446	-0.045109852699999994	-0.0833629647	0.0599478067	-0.0256680179	-0.0132637098	0.0497915913	-0.115921	0.0066969999999999955	0.013437678241000004	4.4849808999999936e-05	-0.07908089999999998	-0.04064969999999998	0.006253788744809997	0.0016523981100899983	-0.34895	-0.010927999999999992	0.1217661025	0.00011942118399999983	0.00143715	0.001223791	1.4976644116810003e-06	2.0654001225e-06	0.00017031299999999998	-0.0003444440000000001	1.1864166913600006e-07	2.9006517968999995e-08	0.0008196539999999997	-2.324700000000011e-05	6.718326797159995e-07	5.404230090000052e-10	0.0	0.0
5448.386524121427	-2.270780545677553	29684915.71622797	5.156444286627647	5432.288169169704	-33.32889075501862	29509754.75290113	1110.8149589599657	4491.970044448424	-0.8291915067738955	0.6875585549059632	20177794.880221974	4471.412634701494	5287.901325366798	1.104958	25.027308	0.13163649999999996	0.07463559999999997	-0.008111858100000001	-0.017382215	0.0311504387	-0.1043029506	-0.0196783129	0.078473286	0.0445965266	-0.0053004609	-0.1041895589	-0.0187749108	0.0499891723	0.0741533167	-0.0649868501	0.012478558600000002	0.087471238	-0.08400134869999999	0.05976071230000001	0.0008941495	-0.0172510268	-0.0559892906	0.0810792268	0.061366773799999996	0.0346202924	-0.050034687	0.005163564099999999	-0.075688068	0.0993437302	0.0847296486	-0.0344559807	0.0959271357	-0.0462449026	-0.1519998161	0.0369403827	0.060013132999999996	0.037445906099999995	-0.0544840791	-0.077588475	-0.0063839128000000005	-0.050592732599999996	0.058206836	0.023537913799999997	0.0629836901	0.0415564139	-0.0803972439	0.052300865700000004	0.0117945248	0.012639952099999999	-0.005351349399999999	0.0856417241	0.042836960599999994	-0.0384495443	0.0634254208	0.0333959012	-0.0052536846	-0.0023029184	-0.1400831861	-0.0029936551	-0.0677959328	0.034844239	-0.1363570861	0.0518460704	-0.14739767039999999	-0.0922772368	-0.0044716862	-0.0683679423	0.0090043958	-0.0171415356	0.04607897230000002	0.011735386799999999	-0.0378515272	-0.1304680576	0.12039421089999999	0.0415375435	-0.0561116984	0.0300793213	0.0174205852	-0.08773024550000001	-0.021839834199999998	-0.008314690500000001	-0.0004674791	0.0399596564	0.007830029	-0.0325597995	-0.0393854865	-0.0721029087	-0.0318688282	-0.1047424955	-0.049309617	-0.0577437289	-0.0120694571	0.08237072150000001	0.1266492455	0.10839318199999999	-0.028351631000000002	0.0018917686999999999	0.0798971252	0.0170495546	0.0838550127	-0.015223716799999999	-0.0867119449	-0.0813474669	-0.05139978480000002	0.0816331004	0.0517904411	-0.051695921500000006	0.0536375461	-0.0118312422	0.043802683700000004	-0.1048595038	0.1161678607	-0.0445152149	0.0800630595	-0.0681632269	0.0459880941	0.1369324794	0.09097023859999999	0.0554884924	-0.0047269362	-0.0201306988	-0.0196096524	-0.028368053100000002	-0.08197520700000001	-0.04302146	0.0011978317	0.0973041779	0.043199044699999994	0.0383011724	0.0106526749	0.0014359019	0.0114644746	-0.0708152431	0.0079457253	0.023378035	-0.0638312079	0.0499457478	0.0025502848	0.041079956800000005	-0.0655652874	-0.11403241689999999	0.09568535140000001	-0.0225287559	0.1552698959	0.118787172	0.08596671310000001	0.0176831818	0.0492360349	-0.05992223980000001	0.08101801360000001	0.0030866314	-0.037188700299999995	-0.0030812762	-0.11152611789999999	0.1453376515	0.0839132573	-0.0474293288	0.027943517	-0.0084386129	-0.0298279448	0.06601521	0.0333283205	0.0445856	0.0020663919	-0.0459257668	0.0048235182	0.0138410602	-0.032347287	-0.0647131755	0.06292072530000001	0.08738475679999999	-0.07303290280000001	0.032721009100000004	0.040567539799999996	0.1663822388	-0.0281692936	0.043147080899999996	-0.006983335500000001	0.0220380159	-0.10382914800000001	0.0246878748	0.11361314480000001	-0.0104386408	0.0382608613	0.0235660866	-0.0838590164	0.0617575784	-0.0291318917	-0.0084582266	0.04460695940000002	-0.12559800000000002	-0.009677000000000005	0.015774857604000003	9.36443290000001e-05	-0.0116231	0.06745779999999997	0.00013509645361	0.004550554780839998	-0.342671	0.006278999999999979	0.117423414241	3.942584099999974e-05	0.00101568	-0.0004214700000000002	1.7763696090000017e-07	1.0316058623999998e-06	0.000603554	0.000433241	1.87697764081e-07	3.6427743091599993e-07	0.000709911	-0.00010974299999999972	5.03973627921e-07	1.2043526048999936e-08	0.0	0.0
5442.932604275778	-5.45391984564867	29625515.334688306	29.745241682760412	5473.061490737277	40.773321567573475	29954402.08139135	1662.4637516527523	4494.169878237713	2.199833789289187	4.839268700498423	20197562.894459184	4474.1162718128835	5131.42114105006	1.337688	30.298653	0.14650620000000006	0.0994734	-0.0869587866	0.0979979468	-0.07393597610000001	-0.015828983600000002	-0.046408190599999996	0.042099785199999996	-0.0071512504000000015	-0.0801467173	0.043972992	0.0202992849	0.0991854968	-0.0396714372	-0.006519325	0.0935275652	0.0862178791	-0.0457703562	-0.032415689	0.0984194092	0.0530268616	-0.0423870735	0.153042281	0.0046528836	-0.07765131089999999	-0.0351301294	-0.0673091765	0.022412045099999996	0.0546644483	-0.0784798749	0.0779231556	0.0927648722	0.0700702399	-0.17950652120000002	-0.146996198	-0.0153967291	0.0024198361	-0.070079063	0.0017701323	-0.0024705353	0.0260993284	0.0141045608	0.04397521099999999	0.0398841991	-0.0091405802	0.0003604671	0.0288404833	-0.0651255085	0.014091666299999996	-0.1607412788	0.0649511856	-0.008170467800000001	-0.0268399391	-0.0827374035	-0.044769155	0.0083266493	0.0825282022	0.1493181572	-0.0651947631	0.0526020679	-0.1113752369	-0.029813490499999998	-0.0685370142	0.0134305407	0.059790974800000014	-0.0467315882	-0.0012639392	-0.09847371810000001	-0.0140300463	-0.0858514682	-0.1197958924	0.010796716599999999	0.0242541291	0.0059050491	0.0258276487	-0.0743202121	-0.0016333618	0.16470899949999998	0.05735070730000001	0.0210626898	-0.0895126138	0.018431124	0.021666615499999996	0.046898133099999996	0.0488595409	-0.0472250729	0.0394108211	0.1436832769	0.1197979417	0.0416219455	-0.019596818999999998	0.058122973	-0.0620995966	-0.1019817991	-0.012906450600000001	0.0664909377	-0.0624688341	-0.0219566804	-0.0239517652	-0.128682709	0.0298408558	-0.0334100566	-0.015018913500000003	-0.04634459	0.1544361233	0.0155800304	0.07378825509999999	0.0248232047	0.056092662800000005	-0.0590872074	-0.0586611762	-0.0753582082	0.030643550699999998	0.0916463046	0.030689915	0.222379209	-0.0024551332	0.0910168967	0.0518534525	0.053840526	0.0653601008	-0.0292404348	0.017492397	-0.0075542844	-0.0439291239	-0.0044083303999999995	0.0384706773	-0.0263601281	0.0339454663	0.0242822039	-0.0434774809	0.189579033	-0.0152016348	-0.0158916835	0.0126221109	0.0277574859	-0.0952227114	0.036433168599999996	-0.013639998200000001	0.09968985300000001	0.13396988699999998	0.0316800715	-0.07479036509999999	0.0435322671	-0.0876332012	-0.0387381924	-0.0684616598	-0.0249662831	-0.024496989900000002	-0.0385470354	0.0167787597	-0.1093348424	-0.0604122697	0.1115070769	-0.0255805997	-0.0200838149	-0.0439988512	0.110905542	0.1181596107	-0.0768775789	-0.025209341899999998	0.016106301200000003	0.015225513799999996	0.0134651251	-0.0629732505	-0.0190622224	-0.0042199973	-0.1550639768	0.046597341900000006	-0.0363303586	-0.1455519011	0.0408069632	0.0329996896	-0.0152542548	-0.0866480534	0.0850824754	-0.0769035462	0.0114210158	-0.10497278089999999	0.0276197148	-0.054318728399999995	-0.10061876689999999	0.026424304500000002	0.0123777493	0.0279717252	-0.08434045679999999	0.06352431019999999	-0.0325500881	-0.0036291689	0.039228091	-0.12826600000000002	-0.0026680000000000037	0.016452166756000006	7.11822400000002e-06	-0.0332066	-0.0215835	0.0011026782835599996	0.0004658474722499998	-0.354181	-0.011509999999999965	0.12544418076099995	0.0001324800999999992	0.00285264	0.00183696	3.374422041600001e-06	8.1375549696e-06	0.000603554	0.0	0.0	3.6427743091599993e-07	0.000331977	-0.00037793400000000007	1.1020872852899997e-07	1.4283410835600007e-07	0.0	0.0
5453.038043599671	10.105439323892824	29735623.90494533	102.11990392887944	5446.4881042988845	-26.573386438392845	29664232.67026926	706.1448668041608	4496.533785047799	2.3639068100856093	5.58805540676912	20218816.080076285	4476.387833055792	5142.071005699853	1.219769	27.627789	0.14028584999999996	0.08703939999999999	-0.0464224376	0.0662631748	0.0292841946	0.0854336033	-0.019434422399999998	-0.0181157276	0.0352083028	-0.0406854756	0.10206373199999999	-0.08172876849999999	0.06256794339999999	-0.0307334285	-0.0566862595	0.07884444339999999	0.0862624423	-0.0560127672	0.06461999780000001	0.0058745715	-0.0736201764	-0.030226902400000002	0.06639385219999999	-0.1080293014	0.0445535571	-0.075483781	0.0196320094	0.015518010300000001	-0.0237929486	0.08744635490000001	-0.0207276946	0.1453497341	0.024534572299999998	-0.0578624103	-0.0844441184	-0.05742563940000001	0.0619052514	-0.0612342693	0.009803103399999999	0.1184611505	0.0165204865	-0.0316641744	-0.0535692843	-0.0302965503	0.0525122256	0.0075845623	-0.0847151091	0.0611595047	-0.0590790945	0.0546520994	0.024351986699999998	0.0007190828999999999	-0.0688720667	-0.05852082030000001	0.0292506898	0.0879869355	0.0226834869	0.0032781202000000003	0.08891610859999999	0.0500972554	0.002035045	-0.0644618775	0.0566711547	-0.045133384000000006	0.0453350138	-0.030385614100000007	-0.0235993828	-0.0238570716	-0.0226184066	0.07386351299999999	-0.0059089660999999995	0.0378249423	0.0988872225	-0.1188057175	-0.021243846299999997	0.052124524699999994	0.0458718012	-0.0297467317	-0.025235157400000003	0.0715542686	-0.0048273751	-0.11501108789999999	0.0054687699	-0.027621241600000002	-0.00022334599999999997	-0.0579373236	0.061440702	0.0197596202	0.0213473775	0.0489389242	0.025752009300000003	-0.06188917610000001	-0.0256892487	0.0196960315	-0.030461963199999997	0.0780949195	0.0003725624	0.024331111699999998	-0.05472766230000002	0.051982892999999995	-0.0854157506	-0.08829871759999999	0.1530149662	-0.0294615441	0.06506862969999999	-0.11227459320000001	-0.0147105285	0.0765181185	0.0045603771000000005	0.014022222800000001	0.0558705366	0.0886632583	-0.0475144937	0.1178964285	-0.0196773038	0.1100871432	-0.047998747599999995	0.0324139527	0.1092813909	0.030623204900000006	0.0349227295	0.0658339119	-0.0807750588	0.0373183672	0.0453485775	0.0268246697	-0.0037646749	0.015518163100000001	-0.0902076799	-0.0775007854	0.0735628817	-0.0444295107	-0.027301408	-0.023553836600000003	0.033279356499999996	0.0503174618	0.0019642037	0.0348574789	0.0854293846	0.0189665317	-0.0349197362	-0.0063806001	-0.0530811795	0.0217142982	0.06460326799999999	0.0208962828	-0.10689482039999999	0.0084871651	0.0171855042	-0.0206004967	0.025179362799999997	0.0700525949	0.0421144656	0.0874775866	-0.0759548587	-0.0413162837	0.0827616281	-0.1041463281	0.0288928915	-0.0308927588	-0.0398826533	0.024091094599999998	0.08399744890000001	-0.07590868419999999	0.0356167626	-0.0562193783	0.017286466299999997	-0.021787143	0.0262062315	-0.057387587999999996	-0.0312858418	0.05389464099999999	-0.0161946312	0.038718978	-0.0238738894	-0.0098013712	0.07068548969999999	-0.0403995497	-0.0793920392	-0.0049796006	0.042049057199999997	-0.0308384286	0.12677916960000002	-0.0235373713	-0.1273145782	-0.084807202	0.0652467709	-0.035917247799999996	0.001210004	0.0336784079	-0.159456	-0.031189999999999968	0.025426215936	0.000972816099999998	-0.0350855	-0.0018789000000000028	0.00123099231025	3.5302652100000107e-06	-0.366892	-0.012711000000000028	0.134609739664	0.00016156952100000068	0.00127806	-0.00157458	2.4793021764000003e-06	1.6334373635999996e-06	0.000720323	0.00011676900000000007	1.3634999361000016e-08	5.188652243290001e-07	0.000133207	-0.00019876999999999994	1.7744104849000003e-08	3.950951289999998e-08	0.0	0.0
5472.776435646006	19.73839204633441	29951281.9145622	389.6041205747976	5462.490848798	16.00274449911558	29838806.27320189	256.0878315039739	4506.0125570776845	9.478772029885477	89.84711919453925	20304149.164541773	4485.517592322962	5241.546527610931	1.2750800000000002	28.880589	0.08528335	0.0479419	-0.0051191429	-0.040377854500000004	0.0697941369	0.006480774399999999	0.0162139675	-0.1761686438	-0.0196241349	-0.0030106225	0.029455036400000002	-0.1337685407	0.0470034129	-0.0772704078	-0.071575228	-0.0368966311	-0.0212279854	0.0594778218	-0.0722770751	0.0189677153	0.02774022	0.0456905494	-0.0205168806	-0.0397451454	0.044455553200000004	-0.0152250905	-0.0432063316	0.0644119611	0.1193571892	-0.04721391	0.1631612703	-0.0379961856	-0.0139009454	-0.0026690963000000002	0.0684630331	-0.0020185982	0.09361350869999999	0.0356440402	0.059411545999999996	-0.0093589333	-0.0067761109	-0.0859464549	-0.0036843383	-0.022858390899999997	-0.1022649854	0.0259276062	0.026246764	0.0351473635	0.046082075099999995	0.0212023858	0.0392751276	-0.0412074742	0.017007882	0.0520384664	0.0650938387	0.031666750699999996	0.0337099656	0.060534044599999996	-0.0228927959	0.0367389892	-0.0480404441	0.01865634	0.0744152596	-0.0620763809	0.046635398	0.0213582446	0.0321174654	-0.0198663126	-0.052694555	-0.1534141759	0.0172023491	0.0064165875	-0.0688149488	-0.0833021716	-0.047060680099999995	0.034621803300000004	-0.0399407275	0.0163793921	-0.0430633213	-0.10617421380000001	0.0350763823	0.0470187928	-0.0465166028	0.012732450400000001	-0.008620561	-0.15635452519999998	-0.0341750927	-0.0116695379	0.034047290099999995	0.0065025741	-0.0418381119	-0.051214066399999994	-0.0572168942	0.0662206703	-0.0344158687	0.0988947434	0.0393396841	-0.0185385164	0.0026824405	-0.09402161220000001	0.008343405600000001	0.0814740203	-0.011971963700000001	0.0464544296	-0.0228184469	-0.0389026099	-0.0361926885	0.0176291937	0.0176577438	-0.1281138426	-0.08158565200000001	-0.0240738064	0.1447260142	-0.0168713967	0.018064023000000002	-0.0099998682	0.05379042	-0.043097519699999996	0.0673396218	-0.09327699199999999	0.0411653384	-0.025215462400000003	0.0012217522999999999	0.0711513517	0.0193600739	-0.0508205042	-0.09884527359999999	-0.0174851754	0.0651565393	-0.062169398099999995	-0.0479460106	0.0038100977000000004	-0.0660487188	0.0247827337	-0.0259238149	0.008629314300000001	0.047746681900000004	0.0378512646	-0.011386000600000001	0.031357466699999996	0.0835973305	-0.025274431400000002	0.0732589592	-0.0017794892	0.0580107243	-0.0771242696	-0.0733462896	-0.055523635	-0.0714869144	-0.0132419916	-0.0752004995	-0.1147909709	0.0556870226	0.00033630050000000005	-0.0657942028	0.0649482747	0.0937285114	0.03807237	-0.0076940627000000004	-0.0073821828	0.0356532386	-0.0631423787	0.0030949135999999997	0.039638264	0.0718885611	0.0092961715	-0.042393779699999995	-0.0673648925	-0.1297210355	0.0333036649	-0.048521072	0.009777678599999999	-0.0219060261	0.0969509092	0.0328644804	0.0237310032	0.0659903188	-0.0370785718	0.018657486100000002	0.0156913236	-0.0557856806	-0.13170397550000001	0.0067130207999999995	-0.1086475739	0.0405350448	-0.0852591707	0.0669237601	-0.039228091	0.0060458045	0.0279820755	-0.154417	0.005038999999999988	0.023844609889	2.539152099999988e-05	-0.0497063	-0.014620800000000003	0.0024707162596900004	0.0002137677926400001	-0.355439	0.011452999999999993	0.126336882721	0.00013117120899999978	0.000472397	-0.0008056629999999999	6.490928695689998e-07	2.2315892560900003e-07	0.000603554	-0.00011676900000000007	1.3634999361000016e-08	3.6427743091599993e-07	0.000294186	0.00016097899999999998	8.654540259599999e-08	2.5914238440999997e-08	0.0	0.0
5488.373564824791	15.597129178785508	30122244.387067586	243.27043861972228	5465.876295152573	3.385446354573105	29875803.67391082	11.461247019692323	4512.1206239523	6.1080668746153615	37.30848094477346	20359232.52509569	4491.720200520157	5403.675247292721	1.221925	27.676632	0.07584155	0.0436414	-0.0196641114	-0.13744256929999998	0.014115264099999997	-0.0188121292	0.0678032358	-0.0427323389	0.1122857699	-0.019314008	-0.0827674758	-0.1253236566	-0.050877182800000004	-0.0121691425	0.0878484661	0.0219422329	-0.0765007797	-0.0219464094	0.0235269515	0.0609906379	-0.0055036962	0.135663044	-0.0471922614	0.021226527599999996	0.10339426480000001	-0.0408509087	-0.054775680300000004	-0.0610390308	0.06730603889999999	0.0387996234	0.0302961584	0.0053508871999999996	0.0656022651	-0.0097334975	-0.0152238001	-0.0329891731	-0.0237456081	0.0624803555	-0.024842861400000003	0.0056087585999999995	-0.0980188251	0.0480073989	0.0960411509	-0.0546909571	-0.1186906409	0.038223832400000005	-0.0427588975	-0.0906375669	-0.0255452247	0.2000031746	0.014006881799999999	-0.0145815328	-0.10160933109999999	0.037813340200000004	-0.0828106776	0.0880163439	0.0013227142	0.10089146119999999	-0.049250398499999994	-0.1108146043	-0.0822261453	0.0092769305	-0.060134782699999986	-0.1213086738	-0.0601268404	0.0207419673	-0.0138680115	-0.0161962317	0.0374339707	-0.0696107925	0.0197253599	-0.0026130002	0.1580994016	-0.042610255300000004	-0.0068110363	-0.0951367868	-0.1738196018	0.0040796814	-0.0378270171	0.0619752206	-0.0110987827	0.0278274017	0.051979156500000005	-0.0309219377	0.0535787502	-0.0309683171	0.11942564300000001	0.0595859123	-0.1047683593	-0.0660141366	0.061479558499999996	0.0949773772	-0.031964263199999995	0.0867895174	0.0325687946	-0.0218023517	-0.0682377078	0.0054281482999999995	0.09215142609999999	-0.0421024754	0.057587932599999996	-0.062174678	-0.029966479900000002	0.1377458149	-0.0470399541	0.0125530848	-0.0891202094	0.0414737761	0.0705833608	0.0228315944	-0.0722434879	0.0662378326	0.0154328533	0.0208055759	0.05891117360000001	0.0577768741	-0.0118897397	-0.0483553396	-0.0626371337	-0.0685200342	-0.0250335941	-0.0278525113	-0.0699305608	-0.0599899557	-0.0740296916	-0.10934210779999999	-0.0833400025	-0.0588610047	-0.0601181879	0.0875484509	0.0186545888	-0.1708090593	-0.07568055230000001	0.013106243200000001	0.1057907983	-0.014368254399999999	-0.1048630986	-0.013107231799999999	0.0755209405	0.074768791	0.0886133407	0.07728882990000001	0.09276505410000001	0.06522941269999999	-0.041744815899999996	0.0799793484	-0.0124988851	-0.0671366309	-0.0005287531	-0.0224068164	-0.0422219008	-0.0374037058	0.0650613566	0.08653740210000001	-0.11987290960000001	-0.0905722714	-0.054513842	0.0773732439	-0.033781148399999995	0.0338130506	0.1262368545	0.048683214	-0.0317102193	0.0068343933	-0.061743965199999994	-0.0258638063	-0.030018308900000002	-0.0459974957	0.0595791968	-0.10968258410000001	0.1117230708	0.05739587700000001	-0.1034323672	-0.054289984699999995	0.08960665849999999	0.09920865820000001	0.0356051233	0.0572146095	-0.0344342348	-0.0962169449	-0.08429954460000001	0.027481429300000002	-0.1088225333	0.0767147788	0.050328033099999996	-0.0856962841	0.068554109	-0.0424774267	0.010864754099999999	0.0221638981	-0.149722	0.004695000000000005	0.022416677284	2.2043025000000045e-05	-0.0563816	-0.006675300000000002	0.0031788848185600005	4.455963009000003e-05	-0.392108	-0.036669000000000014	0.15374868366400002	0.0013446155610000005	0.000661218	0.000188821	3.5653370040999995e-08	4.37209243524e-07	0.000923183	0.00031962900000000015	1.0216269764100006e-07	8.522668514890002e-07	0.000246591	-4.7595e-05	6.080712128099999e-08	2.2652840249999995e-09	0.0	0.0
5480.561370814202	-7.812194010589337	30036552.939260844	61.030375259087904	5483.98961687204	18.113321719466512	30074142.11796034	328.0924237128973	4509.058842894763	-3.0617810575367908	9.374503244291109	20331611.64868746	4488.822090929363	5381.55497507158	1.250365	28.320793	0.0787949	0.036288	-0.043838597	-0.1331102787	-0.08541234019999999	-0.0272030928	-0.0304536088	-0.0834432316	-0.0347532032	-0.0338817914	-0.0444751061	0.011623456899999999	-0.16162025300000002	-0.0179342658	-0.11190923480000001	0.0136194008	-0.0739154221	-0.005646968499999999	-0.052483494699999994	0.0245240682	0.0279050666	0.1155522575	-0.012028261100000001	0.0939005673	-0.0433736006	-0.012108746799999999	0.0259795518	-0.005532232	0.138822595	0.0082807336	0.0015503067999999998	-0.0175645644	0.0485144604	-0.0316539581	0.0983394487	0.1324702769	0.1378420302	-0.0273331429	0.0172993625	0.0569428252	-0.0115655024	0.0576095332	0.0039454414	0.0688860174	0.005599412	0.008293505999999999	-0.019978038700000002	-0.0102593858	0.0317778	0.034143950299999996	0.008674965699999999	-0.0303614638	0.047281965599999996	-0.0783397286	0.0185027883	-0.0280402275	-0.0541968674	-0.009308224300000001	0.0419770936	0.013379541000000002	-0.0724533448	-0.0195761825	-0.021374390299999997	-0.0659888037	-0.0030547622999999996	-0.0541187251	0.0050376482	0.0387832161	0.053342497	-0.0113805828	0.138615444	-0.0075781351	0.072355988	0.027184194100000003	-0.0730215195	0.046982700499999995	-0.0788261169	0.0386920797	0.0591411247	-0.026850938199999997	0.0297859721	0.026955940600000002	0.021120565299999998	0.069237333	0.058776025499999995	-0.0715289466	0.022513496	-0.10013945279999999	-0.0879922598	0.0709492516	0.0139115277	-0.0191005013	0.0062292189	-0.07995017900000001	-0.0180696928	0.0497645496	0.0390788121	-0.0058989709	0.007696901	0.07631196030000001	-0.0640437137	-0.0787766776	0.0551649439	0.1120474867	-0.0120380972	0.09662524269999999	0.0404401331	0.0246776706	-0.0502225774	-0.0563661291	-0.1054870612	0.046233732400000005	0.0011050294000000001	-0.023697159900000004	0.06822899980000001	-0.0854395784	0.0904794518	0.1027368907	0.0978459193	-0.0995586826	0.0621311436	0.0113129797	-0.0432556701	-0.047881040300000004	0.0004451449	-0.0296159252	0.0831281182	-0.0029602261	-0.015121623899999999	0.013957966799999999	-0.0283368189	-0.033159463199999996	-0.008758663199999999	-0.0358058727	-0.0409579624	0.0392647581	-0.010719214599999999	-0.0301147877	-0.027087857000000003	-0.021902667999999997	-0.0249627375	-0.0496193299	-0.0138712251	0.0751844438	-0.0450454449	0.0418479607	-0.051385226900000004	0.025109817799999996	-0.0223781189	-0.069942319	-0.0403641036	0.05531435690000002	0.1015495261	-0.0316336204	-0.0422339788	-0.10450017730000001	0.0229527274	0.0732804898	-0.049725552400000005	-0.0124185168	-0.0135755404	-0.0222978147	-0.0298836622	0.030278092000000006	-0.053132834299999994	0.0081339186	-0.13257868949999999	0.0476152916	-0.08382200990000001	-0.0374333612	0.0780117497	0.0919233479	0.0317539708	0.007925742900000001	-0.0471141713	-0.028572422400000002	0.021230680099999996	-0.0871838873	-0.0255773825	0.057616946900000014	0.059429476900000014	0.058452763899999996	0.055645423099999994	0.0367457742	-0.0130328219	-0.0861184661	0.0701366814	-0.04566016	0.0156534218	0.0162492101	-0.14744100000000002	0.002280999999999977	0.021738848481000002	5.2029609999998975e-06	-0.0399124	0.016469200000000003	0.0015929996737600002	0.0002712345486400001	-0.368553	0.023554999999999996	0.135831313809	0.0005548380249999997	0.000900469	0.00023925099999999998	5.7241041001e-08	8.10844419961e-07	0.0007352739999999997	-0.00018790900000000032	3.530979228100012e-08	5.406278550759996e-07	0.000549225	0.00030263400000000003	3.01648100625e-07	9.158733795599998e-08	0.0	0.0
5467.806433076415	-12.754937737787259	29896907.189591825	162.68843669482956	5486.142808102448	2.153191230408084	30097762.91089421	4.636232474706277	4501.405469033485	-7.6533738612779425	58.57413146049243	20262651.19664457	4481.198846413925	5344.283168150582	1.251024	28.335722	0.11157829999999996	0.07504739999999999	-0.0523001223	-0.0582626488	-0.0856757947	0.08483626050000001	-0.0034443983	0.10899392640000001	0.0233992063	0.0161942426	0.0586773141	0.0513235258	-0.0904393522	-0.0046717643	0.1383827987	0.095019282	-0.0895914332	-0.10476065779999999	0.0626858894	0.0967477709	-0.07695243660000001	0.0729357299	0.0530724092	-0.0746707866	-0.1155065791	-0.014609418999999997	-0.0539540088	-0.0408364372	0.0549380705	-0.015616594099999999	0.0123291973	0.0687192437	-0.0027468174	0.0088271203	0.1066899692	-0.0430173671	-0.0469655892	-0.0134275127	-0.12899209109999998	0.0065971993	0.0281280823	0.0408626675	0.019047588100000002	-0.0602670265	-0.0852898155	-0.012524395700000001	0.0500310386	-0.1136442349	-0.1626765983	0.0600035756	0.10010782369999999	-0.0692007054	0.010593121499999998	0.047758578600000004	0.0477904359	0.1058843476	-0.0458487389	-0.045641763499999995	-0.0125365141	0.08469143720000001	-0.08466614509999999	0.0258231948	0.0233353547	0.0523125718	0.1038378952	-0.0406396315	0.011007626299999998	-0.0181035361	0.0408061755	-0.0283414094	-0.0187653747	-0.068918123	-0.017790987299999998	-0.033154334199999996	-0.062101716200000004	-0.0261400931	0.0628106708	0.026193204100000003	-0.0418667962	0.0988329902	-0.0549851016	0.06047678610000001	0.0102010804	-0.0871493228	-0.025496604300000003	-0.0024881581	-0.0093818452	-0.0083192258	0.0055386796	-0.0279209009	0.0140332815	-0.0426571885	0.0746996204	-0.0140833471	0.1524017012	-0.0333482025	0.0114342374	-0.047507008600000004	-0.0272583399	0.021616818599999997	0.0736603257	0.0047059505	-0.0855550584	0.07186783570000001	0.0550137949	-0.054675426900000004	0.12339648210000001	-0.0015700779	0.0538069364	0.015422321000000001	-0.0699438991	-0.0038832563	-0.0181053095	0.08092040240000001	0.029919704	-0.0025148753	0.076140819	-0.057274980999999996	0.0036536626	0.0357824807	-0.1256161093	0.07118856009999999	-0.0030423648	-0.06472344690000001	-0.0124522349	-0.0564622757	-0.0973930334	0.0051202588	0.0461651626	0.1292762865	0.1370920508	-0.029594104	-0.1292970152	0.051702051900000004	-0.0643296488	0.0277955512	0.0196677725	0.0336435116	0.09505799890000001	-0.0480574468	0.0316739564	-0.0504024592	-0.0423869376	0.0285012303	-0.06560916280000001	-0.1159444048	-0.0374400221	0.0153211472	-0.03547345	-0.0685031054	0.05900555110000001	-0.0157025278	-0.0442114946	-0.0383246855	-0.0732158525	0.0352027804	0.0674336242	0.0034521039	0.0705390934	0.006388293299999999	0.023757689300000003	0.0964569701	0.0392813521	0.0313773175	0.030433473	0.1086621361	0.0388981867	-0.0059352791	0.0310777109	-0.0323004794	0.0266734783	-0.09114488970000001	0.011420253899999998	0.0093031374	0.05742743440000001	-0.1041576808	-0.07136646769999999	-0.021513264100000002	-0.0670634053	0.013708916100000001	0.0293721272	0.0287638138	-0.0626345215	0.0446172129	0.0678866982	-0.08652564300000001	0.07167037450000001	-0.048771300499999996	0.0203984606	0.010263766700000001	-0.145696	0.0017450000000000243	0.021227324416	3.0450250000000853e-06	-0.040315300000000005	-0.00040290000000000464	0.0016253234140900005	1.623284100000037e-07	-0.395682	-0.027129000000000014	0.15656424512400002	0.0007359826410000007	0.00217854	0.001278071	1.633465481041e-06	4.7460365316000005e-06	0.000779618	4.434400000000031e-05	1.9663903360000277e-09	6.078042259240001e-07	0.000225612	-0.00032361299999999994	5.0900774544e-08	1.0472537376899995e-07	0.0	0.0
5461.63361609975	-6.1728169766647625	29829441.75651083	38.103669427400696	5469.56832563506	-16.574482467387494	29916177.66879032	274.7134690617356	4495.9284899585255	-5.476979074959671	29.997299787546112	20213372.986820746	4475.86096503249	5312.125675256999	1.229791	27.854778000000003	0.10576705	0.0630466	-0.11391210210000001	-0.0272371541	0.0717503253	0.0792312647	-0.077024416	0.0739339902	-0.05976254440000001	0.11520751359999999	0.0850970959	0.032407099	0.0432304313	-0.0361509853	-0.0502102812	0.0591776279	-0.0001664596	-0.0279754699	-0.0179118405	0.046479066500000006	0.09191144960000001	0.022717733700000003	0.12259632279999999	-0.0708536119	0.0358805177	-0.05617526900000002	0.08556404960000001	-0.0930270655	0.0670686329	0.032827439900000005	-0.0186055437	0.107595403	0.0517988089	-0.0111588112	0.0656891563	-0.0680950337	0.0344338125	-0.08328325290000001	0.0293413756	0.0339575547	-0.0579343836	0.110077953	0.048604805099999995	8.50678e-05	0.0230804793	-0.0152295774	-0.0387531866	-0.1447145964	0.0039601387	0.07427806690000001	-0.0894620556	-0.0065017098	0.0829768191	-0.07271566809999999	-0.0497974089	-0.1246545759	-0.0019936881	0.0272775252	-0.059180938899999994	-0.063533831	0.0001234487	-0.07879890690000001	-0.025174438900000002	0.158329244	0.0454604221	-0.036482057799999995	0.0576452487	0.06458499200000001	0.044060533799999996	-0.04850717	0.0345188461	-0.0220348406	0.0675134984	0.1265200515	0.14414561439999998	-0.007820874399999999	-0.013142931699999999	-0.1360721044	0.167191414	-0.0382065225	-0.0275139296	0.0295762054	0.011941506299999998	0.0687348067	0.022523350499999997	-0.027232654	0.18101662489999998	-0.0400404394	0.022329494	0.0006994223	-0.0113108747	-0.0273710508	-0.0404881413	-0.0058202285	-0.049647301799999995	-0.0373622992	-0.0070183358999999996	-0.00040630209999999997	0.0039180189	-0.049098181500000004	0.0066902759	0.0634171738	0.0538568144	0.026214209199999998	0.1168836407	-0.086939986	-0.0333584481	0.0678965055	-0.09383220269999999	0.0552799831	-0.08724272220000001	0.0585032125	-0.022772991800000003	0.1019588756	0.0652333464	-0.0118601681	0.0359411264	-0.051223893099999994	0.06447124	0.0399287216	0.053717953799999996	-0.021310659500000002	-0.053276030300000006	-0.1049309018	-0.0040876744	-0.020396424399999998	0.0641568597	0.0417451188	-0.08731770609999999	0.14647106710000002	-0.025182142999999997	-0.064251669	0.0594065479	-0.071398906	-0.0535972324	-0.0049977293	-0.04417008730000002	-0.0264495965	-0.12569277439999998	-0.0134844275	-0.0081264556	0.0742982484	-0.0834673491	-0.0758153882	-0.08993325960000001	-0.092490677	0.0438493828	-0.062466819800000004	-0.0595809209	-0.0560017961	-0.028756214199999998	0.0239276079	-0.0423273266	-0.060428681399999996	0.0396000584	-0.05596156730000002	-0.1843659889	-0.08747520859999999	-0.1041854207	0.0911486564	-0.1113792116	-0.0712633801	-0.0784492653	0.0764183575	-0.042964447	-0.0282515547	-0.0056697709	-0.0143121823	0.0169645228	-0.17876986539999998	-0.0165521656	0.10628305710000001	-0.00027044520000000003	0.04305930400000002	-0.054555682599999995	0.0059659649	0.0132230426	0.057000489	-0.0187206613	0.0308960836	-0.0378353521	-0.0637992672	0.0107641719	0.0137740879	-0.0518873047	-0.0869177441	0.0731541193	-0.051805970199999996	0.0250866452	0.0042336307	-0.151589	-0.005893000000000009	0.022979224920999998	3.472744900000011e-05	0.015971799999999998	0.056287100000000014	0.00025509839523999995	0.003168237626410001	-0.37926	0.016422000000000048	0.1438381476	0.00026968208400000155	0.0026219	0.0004433599999999999	1.9656808959999983e-07	6.8743596100000004e-06	0.0007871519999999997	7.533999999999687e-06	5.676115599999529e-11	6.196082711039997e-07	0.000133207	-9.2405e-05	1.7744104849000003e-08	8.538684024999999e-09	0.0	0.0
5454.2530853540975	-7.380530745652322	29748876.71909469	54.47223408751922	5442.4871222434795	-27.081203391579947	29620666.07578612	733.3915771361212	4488.2496176002915	-7.678872358234003	58.96508069405023	20144384.629889164	4467.87321640706	5279.708878870138	1.149198	26.029348	0.13415315000000005	0.08112539999999999	-0.0850970628	-0.0371397315	0.0434958541	-0.0533114358	0.0168827907	0.0467282552	0.022389510499999998	0.09955673970000001	-0.06295501120000001	-0.0331618611	0.10162195539999999	0.0586848067	0.09432443289999999	0.0459894734	0.0327578372	-0.055103875700000006	-0.020579893999999998	0.0006260044	0.049513532	-0.065787582	0.12141837050000001	0.0327710711	0.1049708881	0.0439777453	0.0014550964	-0.0026440444	-0.06740014309999999	-0.088436006	-0.0349750592	0.13834382550000002	0.0732726155	0.0169253231	-0.0065816129000000004	-0.0488483967	-0.025627096800000002	-0.05371399599999999	0.0472184441	-0.046412187599999995	-0.10293935679999999	0.011252213600000002	0.038390275	0.11116341140000001	-0.0345321179	-0.0116580953	0.0313186227	0.1051367559	0.020465428600000002	0.0433810393	-0.0052359142	0.0145884516	0.0474946405	-0.087156107	0.0197793671	0.0900708414	-0.0002556737	-0.0013289413	-0.071608405	-0.0365128697	0.04428024059999999	0.1015948191	-0.0294970358	-0.050344310700000006	0.0523176257	-0.0734819655	-0.0694760217	0.0276077313	-0.0240457916	0.08290678230000001	-0.0053533676	0.0147824557	0.0743707891	0.0405569188	0.0622634153	-0.0135670515	-0.1332369751	-0.0291866222	0.0186520193	0.0269658702	0.0784072828	0.0560471379	0.12852071939999998	0.056495489	-0.049346210999999994	-0.0481990858	-0.0630950353	-0.0195142532	-0.048637085	-0.0445599529	0.010914768899999998	-0.0814128291	0.0413351217	0.0553997299	0.0503046017	-0.0087944418	0.0818268097	-0.014395648700000001	0.0367552778	-0.043476031	-0.0655902714	0.10344361939999999	0.03279989	-0.061389938099999986	0.1210377901	0.0123090917	-0.1181881118	-0.035949643999999996	-0.0015862119	0.0383439204	0.0449623446	-0.08042929480000001	-0.0351627954	0.1403221049	0.0482413588	0.0029032296999999996	-0.0230613244	-0.0612259081	-0.0112575099	0.015793744199999998	0.0443271941	-0.1079261232	-0.0361349297	-0.027446750699999998	-0.0289080054	-0.0468279621	0.07620463429999999	-0.0183323181	0.053029671900000006	-0.11534306949999999	-0.025022103799999997	-0.034604391	0.0060192347999999994	-0.0593738366	-0.0164822736	0.0536149194	-0.009427519	0.048579143899999996	0.0652602621	-0.08942104779999999	0.0645929517	0.035924993599999996	0.0525605898	-0.040729466299999996	-0.046400140599999994	0.0508999807	-0.0664212925	0.09073142279999999	-0.012684618	0.016383928500000002	0.0242036158	0.0974230923	-0.048068737699999996	0.0317909428	0.0050021886	-0.0811699243	-0.067860898	0.0421467534	-0.0994280589	0.0001556299	0.056545127699999996	0.0025107119	-0.10235673070000001	-0.0645471139	-0.0887551945	-0.027318731000000002	0.0398331818	-0.0446431764	-0.089007721	0.028670274300000007	0.0996890328	-0.050991087000000004	-0.0350708195	0.0371111466	0.0591539417	-0.085876595	0.0180770608	-0.0480661562	-0.0005109569999999999	0.009714636899999999	-0.0492498925	-0.027684702400000004	-0.0027780228000000005	-0.049615176	-0.0437694388	-0.0872947008	0.07458688179999999	-0.0547594108	0.0297049088	-0.0018149402	-0.171375	-0.019786	0.029369390625	0.00039148579599999987	-0.0575637	-0.07353549999999999	0.0033135795576899997	0.005407469760249997	-0.389345	-0.010085000000000009	0.151589529025	0.00010170722500000022	0.00274431	0.00012240999999999988	1.4984208099999966e-08	7.531237376099998e-06	0.0008988119999999998	0.0001116600000000002	1.2467955600000042e-08	8.078630113439999e-07	-0.000247656	-0.000380863	6.133349433599999e-08	1.4505662476899994e-07	0.0	0.0
5453.3472719507845	-0.9058134033130044	29738996.468493067	0.8204979216214878	5461.315412353913	18.82829011043305	29825966.033214394	354.50450848263085	4486.6623361647935	-1.587281435497971	2.5194623554764988	20130138.91875972	4466.7712695880855	5194.8794428333895	1.158778	26.246342	0.14725770000000002	0.0807815	-0.0793750337	-0.0057441779	-0.046817179	-0.07410859730000001	-0.0346071787	-0.08527305619999999	-0.034710717599999996	-0.0874627874	-0.0365220459	0.027555243599999998	0.14078814779999999	0.0215672146	-0.0289564558	0.0304934994	0.0057309564	-0.0296253662	-0.0276242477	0.0097076087	0.1386079684	-0.1136887043	0.1437864304	0.0611592041	0.013228954499999999	-0.036228424599999996	-0.007025694599999999	0.1107467794	0.029890137	0.1010842394	0.0004287726	0.1320833893	0.0122473427	0.0065049533	-0.0338009959	0.012707955	0.0614734209	-0.1590874116	0.0053011119	-0.0471309267	-0.0445215328	0.044712414900000004	0.0830862327	-0.05224303809999999	-0.0328642728	0.013693129699999999	-0.0464879883	0.0211771733	0.06073838030000001	-0.0156575784	-0.0462905579	0.09032138039999996	0.0407766242	0.0151141417	0.0230421724	0.0306716688	0.0845994242	0.0954547822	-0.0374344318	-0.00212748	-0.09513932609999999	-0.0079204836	0.1048383027	-0.0305900849	-0.0201264451	0.07398243780000001	0.0962156949	0.0317776625	0.0072210168000000005	0.0231610259	-0.0476067845	0.0252211656	0.0161423886	0.0522443713	-0.0661325247	-0.0771014673	0.1411845054	-0.0806589522	-0.08797900689999999	-0.0578979408	0.0040821505	-0.09267080230000001	0.014370013700000003	-0.0215797	0.0189545455	0.11945575720000001	0.017412618300000002	-0.1142560634	0.025212842000000003	-0.1279990086	-0.0589945666	0.0335689417	-0.0043014954999999995	0.1352622538	0.0496778402	-0.005564114300000001	-0.048659786600000005	0.0307824891	-0.014052903	0.0885352579	0.0642237006	0.0922532482	-0.0218856998	-0.1129318198	0.1465077623	0.0606129461	-0.018290041899999998	0.047182477699999996	-0.0031997765000000003	-0.0895915224	0.049493268	0.1135066822	-0.0035937774	0.1139987056	0.0088365634	-0.009774039200000001	-0.027336701600000003	0.0419043148	0.09998867289999999	0.0713119597	0.0358646786	-0.1063778422	-0.022266542200000003	-0.071624895	-0.048520759000000004	-0.0404992671	-0.0463832514	0.0002944363	-0.0588943588	-0.0112039265	-0.0703008726	0.0135932123	0.040898796800000005	-0.09024053480000001	-0.025180463900000002	-0.0410515954	0.006559351800000001	0.0168857582	0.0394817318	0.1364694151	0.0590752867	0.0146662052	0.059310125199999994	0.0677991202	0.0938359662	-0.0975834396	0.0140662575	-0.0625840207	-0.0302492721	0.0138997149	0.034330065	0.0587543244	-0.0166969994	-0.0514263511	0.0885725698	-0.011232016000000001	-0.0065307633	-0.0667983344	0.13954281359999998	0.14348982710000002	0.0317006257	-0.022133717799999997	0.097067924	-0.0605505054	-0.0283861637	-0.0041672329	-0.009305391	0.1161089043	0.062231952199999996	-0.0169305726	0.0079281837	-0.1412368695	-0.0145145719	0.046733878	0.0745713255	0.0700517288	0.0100275066	0.0350606167	0.043771819100000005	-0.0351214246	0.0119599222	0.0386942348	-0.0740568583	-0.0589500521	-0.085191776	-0.0876564477	0.07596766349999999	-0.0576269915	0.0342403795	-0.007855608100000001	-0.17379	-0.0024150000000000005	0.0302029641	5.832225000000002e-06	0.00829155	0.06585524999999999	6.87498014025e-05	0.004336913952562499	-0.374754	0.014591000000000019	0.14044056051599998	0.0002128972810000006	0.00193723	-0.0008070799999999997	6.513781263999995e-07	3.7528600729e-06	0.00126411	0.000365298	1.33442628804e-07	1.5979740921e-06	-0.000363207	-0.00011555100000000005	1.31919324849e-07	1.3352033601000009e-08	0.0	0.0
5459.951924161394	6.604652210609856	29811075.01415371	43.62143082311366	5465.113977861543	3.7985655076299736	29867470.79101762	14.429099915756161	4491.604042945966	4.9417067811727975	24.42046591108921	20174506.87860855	4471.7218354006345	5214.615631718846	1.1905709999999998	26.966459000000004	0.18586915000000004	0.107665	-0.135665161	0.0222141198	-0.07534641980000001	0.0367893872	0.021216989500000002	-0.0058528765000000005	0.0088221926	-0.0782310621	0.057121505499999996	-0.0199974269	0.079493929	-0.026983295600000002	0.0111347	0.113768749	0.022939027400000003	-0.07153982889999999	-0.0775949893	0.0729033219	-0.0196713601	-0.055877909	0.1474387277	-0.0333319226	-0.0823774273	0.014328755	-0.0714373129	0.1471614174	0.004358507199999999	-0.1430822997	0.0679127487	0.1138713851	0.0251236431	-0.0666248148	-0.0376403806	-0.0540273747	-0.0570361868	-0.1179920924	-0.044769661399999994	-0.17906899010000002	-0.0201301893	0.07050770690000001	0.1282742117	0.003573713	0.1171790636	-0.0374586764	0.0798831799	0.035308167200000004	-0.0399137783	0.022959785299999997	0.0394233052	0.0728562486	0.0951885859	0.0533003634	-0.0478507753	-0.0042610508	0.0227459956	0.0510762402	-0.0154556733	0.0568905715	-0.0599810417	0.0362706406	0.024689898	-0.013787714599999999	0.0853980963	0.1179314742	-0.0159269629	-0.018706502	-0.0065489388	-0.08362975019999999	-0.050003867199999996	0.10406905150000001	-0.0056165734	-0.0619712547	0.0192353576	0.1060322625	0.0172642044	0.1093663748	0.0010717787	-0.0455565768	0.09927359179999999	0.0034453028	-0.0088108057	0.07898454690000001	-0.0334720809	0.0595964096	-0.010554183500000001	0.046567107999999996	-0.10299759720000001	0.0088056196	0.0179000197	0.0804725471	-0.0041220046000000005	-0.09805561460000001	-0.0709416628	-0.0294092325	-0.013435313600000002	0.024817707	-0.022730682599999996	0.0778912348	-0.0471432098	-0.0078839941	0.0782658721	-0.0583964763	0.1474480289	-0.022124826400000002	0.0703176271	-0.0231291872	0.0593869355	-0.1412942951	0.027886234300000003	-0.1416351291	0.0320842937	0.1312441172	0.022354819100000003	0.0820258137	0.0100916188	-0.020270007	0.0325872975	0.1187567591	-0.0083832043	-0.1313808461	0.0963836936	-0.0894801554	-0.18492470460000002	0.0874851922	0.0585721795	0.0115714853	0.08788551550000001	-0.019260819199999998	0.0349195005	-0.0202478572	-0.005872839300000001	-0.028186750400000002	-0.086466772	-0.1132449283	-0.046595404800000004	-0.016576453300000002	0.0128696292	0.0576897167	0.06452087969999999	-0.0397939989	0.020273254299999998	-0.0026334598999999998	0.0307817922	-0.1073455271	-0.0780297391	-0.07329369200000001	0.0598177778	0.0172784048	0.0084446125	-0.0555604373	-0.0148146263	0.011055214399999999	0.0576705349	-0.0312639866	0.0568665834	-0.0274944263	0.0435228872	-0.14990148890000002	0.0728104681	-0.0820532568	-0.0777239077	-0.0416454335	0.0370557064	-0.0706296085	-0.008257361500000001	0.0042457112	-0.0034967834999999996	0.020696870200000002	0.0847230072	0.0394607622	0.0615689915	-0.0696410355	-0.07844602889999999	0.013100510800000001	-0.036561921000000004	0.024934313599999997	0.0306862365	0.0147740025	0.048156350599999995	0.049844668499999994	0.1203937343	0.036827301800000004	-0.058357418	-0.0880029215	0.0772955021	-0.06040421610000001	0.0386804161	-0.013862069599999999	-0.176453	-0.0026629999999999987	0.031135661209	7.091568999999994e-06	-0.0567362	-0.06502775	0.00321899639044	0.004228608270062499	-0.398225	-0.02347100000000002	0.158583150625	0.0005508878410000009	0.00351673	0.0015795	2.49482025e-06	1.23673898929e-05	0.0013841	0.00011998999999999995	1.4397600099999984e-08	1.9157328099999995e-06	-0.000557865	-0.00019465800000000006	3.112133582250001e-07	3.789173696400002e-08	0.0	0.0
5469.183602999131	9.231678837736581	29911969.28331456	85.22389416311344	5451.9438813087545	-13.170096552788891	29723692.08493997	173.45144320978184	4503.678758108234	12.074715162268147	145.7987462499083	20283122.35623533	4483.573346761258	5258.656172113539	1.175359	26.621908	0.17946400999999998	0.104399	-0.0883336301	-0.0276501819	0.0368203171	0.1093694922	-0.0431944686	-0.042098293099999996	-0.0002873671	-0.0353499612	0.1067335604	-0.0806435343	0.056195675300000004	-0.0357890677	-0.06512580379999999	0.0402023934	-0.007967749599999999	-0.0444402363	0.0889753812	-0.0067733767	0.0639475724	0.0608332015	0.036832417400000005	-0.0914219894	0.0475651637	-0.019043428799999998	0.0535297306	0.1397479343	0.0300474056	0.044206952599999995	0.0224364598	0.1528954338	0.0356594825	-0.0384187765	0.0254357502	0.0459557038	-0.0180210905	-0.0429053286	0.046774633899999994	-0.1192870649	-0.0270574625	-0.07354932759999999	0.0238252836	-0.0087367273	0.0545648912	-0.0296798163	-0.1069453875	0.0605033137	-0.044614645999999994	0.0244186517	0.048405166799999996	0.1311051225	-0.054018431500000005	0.0403357354	0.0101483756	-0.10046645720000001	-0.0788642388	0.0399935831	0.0585792052	-0.025712063599999998	0.0029114772999999997	0.12525085519999998	-0.0114805573	0.022511316	-0.0115188273	0.051821209400000005	0.0389465533	0.0075874475	-0.0169388513	0.09108525449999999	0.1115828911	0.0730575173	-0.15284099240000001	0.0080294463	0.028334674900000002	-0.06116404740000001	-0.0397371031	-0.0354452802	0.033402870099999996	-0.05860229610000001	0.0189137716	0.0264377856	0.0442006914	-0.08155734419999999	0.12438004970000001	0.0665523561	-0.0464219165	0.1224584075	0.024640547000000002	-0.09050710210000001	-0.0684281135	0.016248668600000002	0.04231761690000002	-0.0920815844	-0.0353454676	-0.037045985499999996	-0.0002955118	0.055798875199999994	-0.0237166784	-0.026806860800000002	0.037198207999999996	0.0079765991	-0.028559536099999998	0.0617417321	0.0362453012	-0.09494839279999999	-0.0307734731	0.0275731718	-0.056178617199999996	-0.11992362179999999	0.06854017379999999	0.0539206047	-0.018115729599999998	0.1522515438	0.047482881500000004	0.015815423500000002	0.0426602138	0.044132257800000005	0.0122053712	0.031328984500000004	-0.022527986200000003	-0.1253582341	0.0625128944	0.0636315441	-0.0216669681	0.0542364544	0.012492128100000001	0.0059388366000000005	-0.0712548355	-0.10352419800000001	0.073504029	-0.0031336892	-0.0709173312	-0.0197588312	0.061614649	-0.1139712862	0.0161124192	-0.08617223619999999	-0.0685938011	0.0819356184	-0.0218260154	-0.11285777890000001	0.0876381094	-0.0838830819	-0.0599882968	-0.0159566191	0.032775652200000005	0.0216045226	-0.0204965737	0.0657900515	-0.0203500761	0.1089374945	0.10704665640000001	-0.053355409900000005	0.0634947423	0.1279288268	-0.021948271600000003	0.019652581000000002	-0.034456994	0.0319484939	-0.022665711800000002	-0.0034756571	-0.06566771440000001	-0.0456204893	-0.0637220554	0.0686823644	-0.0711120463	-0.1131898575	0.131729096	0.071664517	-0.0179011446	-0.068928915	0.0333874179	-0.0334155649	-0.0802620949	0.0493845697	-0.0028914547999999997	0.0205294044	0.0158381935	-0.0735641289	0.0387680281	0.026747229700000003	-0.0320748628	-0.0124483722	0.010050525	-0.08833406210000001	0.0785694722	-0.0630867301	0.043012643499999996	-0.0198081701	-0.183355	-0.006901999999999992	0.033619056025	4.7637603999999875e-05	0.00577601	0.06251221	3.33622915201e-05	0.0039077763990841	-0.373566	0.024658999999999983	0.139551556356	0.0006080662809999992	0.00197073	-0.001546	2.390116e-06	3.8837767329e-06	0.00147726	9.316000000000012e-05	8.678785600000022e-09	2.1822971076e-06	-0.000626521	-6.865599999999995e-05	3.92528563441e-07	4.713646335999994e-09	0.0	0.0
5482.401221595401	13.217618596269858	30056723.154550746	174.70544135645878	5462.148752995038	10.204871686283695	29835068.99984525	104.13940613351463	4511.272210501666	7.593452393432018	57.660519251318426	20351576.957244594	4490.5290206413865	5339.891851210986	1.07951	24.450911	0.13938641	0.0842085	-0.11710090960000001	-0.0786560608	0.0388849051	0.0792592885	0.0448490655	-0.1097361959	-0.023280924900000003	-0.0059358392	0.047292003099999994	-0.11961756650000001	-0.0199866076	-0.0826883667	-0.0263536861	0.013204546499999999	-0.11667100960000001	-0.059197186799999996	-0.0439579254	-0.1052116987	-0.035182545600000004	0.1554102412	0.007917071	-0.0792112059	0.0375117784	-0.0014483370999999999	-0.0093732543	0.031203121099999998	0.0224279836	-0.0839196064	0.0787780275	0.09660921539999999	-0.0492048587	0.0420110871	-0.038766614	0.0828534707	0.0606322827	-0.07535537099999999	-0.0060854633	-0.0719447824	-0.0028016885	-0.0069678833999999995	-0.026283839500000003	-0.058916921399999996	0.0558099457	0.0226982975	0.0924825909	-0.0300777662	0.0524178066	0.0386885909	0.056361032199999994	-0.0110604194	0.0623241618	0.0559946742	-0.0331344831	-0.0443116322	0.1569836185	0.0346717015	-0.07049690269999999	-0.0679794153	0.0548502546	-0.0043499218	0.0076282162	-0.1057496401	-0.0228759625	-0.0008381606	0.0161693629	-0.042109697800000005	0.0576925788	0.0182449122	0.0140998167	-0.0535110225	-0.0982228764	-0.0971780966	0.028636418900000002	0.060730497	-0.059957921399999996	0.082775955	-0.0152407032	0.047545009900000004	-0.0360690191	-0.0510955253	0.17534829010000005	-0.0179687846	-0.0153091435	-0.0625578551	-0.11023854539999996	0.0072323904	-0.13732917349999998	0.0905234342	0.0441549951	0.0639728948	-0.0815398341	-0.0302411826	0.0150957296	-0.06389515280000001	-0.0118057238	0.0598524151	-0.0418657073	0.013562226799999999	-0.08702302949999999	-0.060450020099999995	-0.020806119799999998	0.1561362738	0.0056289177000000004	-0.0775423263	-0.020991283	-0.0005065384	8.84166e-05	-0.048866295700000006	-0.016458226200000002	-0.0709118855	0.07650840610000001	0.1049377777	-0.0306934663	-0.057916517	-0.028048841600000003	0.0681527181	0.0855617437	0.017142136999999998	0.0119651155	-0.0657277347	0.0342330111	-0.0373484944	-0.006280780600000001	0.0926520313	-0.0420402575	-0.018196495400000002	0.08598819	0.028724521200000002	-0.044589969400000005	-0.0318307612	-0.0139257449	0.0651168845	-0.039645226299999996	-0.08757613339999999	-0.06293331190000001	0.0774571322	-0.09019135710000001	0.019720076899999998	0.08131923719999999	0.1053281817	0.0673208215	0.0174630403	0.0808344309	0.0883855409	0.0100124865	-0.0344706611	-0.0075239407	-0.0150005707	0.0439077951	-0.012102243300000001	0.0348589273	-0.0149970836	-0.0647853281	0.0947656633	0.0059934886	0.0571287533	-0.0214787338	-0.147023484	-0.0300827496	0.053702910199999995	0.0517045835	-0.1281036456	-0.0650760932	0.0358764764	0.0212195389	-0.0081599816	-0.1010348514	0.048081470099999996	0.12042808140000001	0.0754015492	-0.047996578600000006	-0.0234447115	0.0421997481	0.00919548	-0.08956203730000001	0.0428976288	-0.022448131	-0.073561291	0.0682584407	0.0367138779	0.1271122238	-0.0199482514	0.0385757465	-0.0886498116	0.0797886859	-0.0656703274	0.0472249869	-0.0256680179	-0.185563	-0.0022080000000000155	0.034433626969	4.875264000000068e-06	-0.0555941	-0.06137011	0.00309070395481	0.0037662904014121	-0.389337	-0.015770999999999983	0.15158329956900002	0.0002487244409999993	0.0030519	0.0010811700000000002	1.1689285689000005e-06	9.31409361e-06	0.00153843	6.116999999999993e-05	3.741768899999991e-09	2.3667668649e-06	-0.000684927	-5.8406e-05	4.69124995329e-07	3.411260835999999e-09	0.0	0.0
5484.478389606225	2.077168010824608	30079503.20605769	4.314626945193056	5475.607677838218	13.458924843179377	29982279.44160084	181.1426579343509	4511.210033397552	-0.0621771041141983	0.0038659922760278546	20351015.965426747	4490.236401380855	5447.186478729892	1.184945	26.839012	0.11795776000000002	0.0581498	-0.1178395761	-0.1437230835	0.0622456916	0.029481969900000002	0.0640993155	-0.0130448844	0.0859981203	0.0913812625	-0.0552640991	-0.0852426875	-0.039085177	0.008008976	0.0974511289	-0.09524066939999999	-0.1595648578	-0.0761550037	-0.11472597720000001	0.101395155	0.0023208131	0.1940103157	0.0333494941	-0.06021855280000001	-0.0031563964000000003	-0.0036773934000000003	-0.0611804513	0.0025513189	-0.0958504486	-0.0377077161	-0.0817228045	0.08275374519999999	-0.0973090946	0.052787174400000005	0.0742203796	0.0651428972	0.0786474972	-0.059002021200000004	0.1122027567	0.0615073825	-0.0137521359	0.0346709083	0.0153799618	0.030587237200000002	-0.0490888395	0.08629614460000001	0.0632775822	-0.0262832109	0.1238703488	-0.040491771600000004	0.0620775405	-0.083808326	-0.038796966	0.0370614726	0.0834230294	-0.0949087015	0.0360996658	-0.0557117335	0.0189307321	-0.0162311345	0.0355338214	-0.0393089264	-0.0640730814	-0.023995393900000002	0.0010435873	-0.1041818322	0.0472597784	0.0453495335	0.0063598403	0.0103039889	0.0616603197	0.0148472349	-0.0335074922	-0.0574783186	0.045108001200000004	-0.0451632874	-0.003354028	-0.0776266475	0.0200950876	0.1249877367	-0.024117414	0.0850892656	0.0137855925	-0.0104353864	0.0661179782	-0.018359625600000002	-0.0618288617	0.060907270199999995	0.0408265868	-0.006233729699999999	0.06668194849999999	-0.0483377212	0.0684293106	0.0177705735	-0.031695495	0.11711177099999999	0.0045686439	0.0048086107	-0.0723609093	0.0920213095	0.0679324878	-0.0929569382	0.029691303500000002	0.1926519507	0.031561455	-0.0492577783	0.0098826484	-0.008034067399999999	0.0662358139	0.0430094501	0.0823499001	-0.044330313200000006	-0.0427607246	0.0709761488	-0.0596667995	-0.1595946564	0.047661086500000005	-0.0029926084999999996	0.0690928838	-0.017097983799999997	0.1378497266	0.0039438905	-0.025436177799999998	-0.0408880881	0.025684804199999998	-0.0497327507	-0.0214946768	-0.0785083218	0.0371082198	0.0199728002	-0.11697282949999999	0.0540529305	-0.0583730709	0.10081337060000001	0.0279520719	0.041448635899999996	0.0581374132	0.0472986726	-0.1191173787	-0.0272442907	-0.053176405	0.0039992149	-0.0352079478	0.0417334335	-0.0051144697	0.076097973	0.010414534	0.0019809728	-0.0790959767	-0.046149909	-0.001994065	0.0507218262	0.0540249703	0.0352465913	-0.0175341547	0.0394784453	-0.0169135082	-0.0722462617	-0.0255260252	0.0034882442	-0.0438576249	0.17070457379999998	-0.0775508144	0.036234406000000004	-0.0418682197	0.0204347782	0.0034518738	-0.052577364	0.0206729878	0.0622889647	-0.0339937742	-0.030670636	-0.0764534921	-0.0358430869	0.017407061799999998	-0.0101596211	0.12118947869999999	-0.0860481687	-0.062277038099999994	0.0653519961	0.1051407725	0.0148112143	-0.0245043695	0.0580301722	-0.08940385810000001	-0.088950115	0.0809522936	-0.068150957	0.051305705800000004	-0.031416097000000004	-0.203678	-0.018114999999999992	0.041484727684	0.0003281532249999997	-0.00941959	0.04617451	8.87286757681e-05	0.0021320853737401	-0.407408	-0.018071000000000004	0.16598127846400001	0.00032656104100000017	0.00258351	-0.0004683900000000004	2.1938919210000033e-07	6.674523920099999e-06	0.00178004	0.00024161000000000015	5.8375392100000085e-08	3.1685424016e-06	-0.0006868719999999999	-1.9449999999999416e-06	4.71793144384e-07	3.783024999999773e-12	0.0	0.0
5462.453283559282	-22.025106046943623	29838395.87506758	485.1052963791124	5459.657017129171	-15.950660709046133	29807854.744687807	254.4235770551081	4506.341095403845	-4.868937993706823	23.706557186561817	20307110.06812553	4485.708422636659	5425.113400446297	1.290478	29.229357	0.07983885999999997	0.040656300000000006	-0.06785591980000001	-0.1024628078	0.0186388655	-0.0573709328	0.05846617110000001	0.0900025559	0.12254167980000001	0.0942174159	-0.0989646089	0.052700230599999995	-0.08238462860000001	0.0263904269	-0.06262284480000001	0.0404072699	0.0197831402	-0.0704495435	-0.029140199300000006	-0.0171013084	0.030700326899999998	0.1113442459	-0.0249501295	0.0501205205	0.0187746336	0.0036523337	0.1159498002	0.07306522139999999	-0.005613866899999999	-0.1307457329	-0.0393257752	0.0943743365	-0.119819082	-0.032999516	-0.12009374310000001	-0.09107566119999999	0.020858891100000002	-0.023844571000000002	0.052968874000000006	0.0024715694	-0.034261911	0.0096073527	-0.0802662899	0.0130721139	0.047761518499999996	0.0015955238	-0.0358703573	-0.0144099454	0.018932063	-0.0203299139	-0.0533073875	-0.0060245444	0.0026045701999999997	0.11073825710000001	0.0014032373000000002	0.1010376959	-0.04771488	0.0501941313	0.11732752939999999	-0.0543375457	0.0104535513	-0.1056292651	-0.06017391690000001	0.0358336158	0.0283836723	0.0214452122	-0.0707710131	0.0567980768	-0.005836028399999999	-0.0904403769	0.0209114165	-0.0116463754	0.08794087619999999	0.0458982617	0.0737861658	-0.1090955534	-0.0868338142	-0.034313008	0.039491495	-0.0177570993	0.0043014881	0.08613484960000001	0.0473411391	-0.0299173136	0.0059752434	0.0424155961	0.04218184	-0.0231361498	0.012661259199999999	-0.0437367471	-0.0623054864	-0.1636256726	0.0858902532	-0.026037462	0.064018416	0.07101263299999999	0.1775397091	-0.0420746	0.1379483791	0.042715583	0.0364540279	-0.0829203823	-0.012194026399999999	0.1123096609	-0.0278085856	0.0525011333	-0.031981977599999996	0.005585399699999999	-0.12001292359999999	-0.0712640988	0.0244060604	-0.1185015458	-0.0690757567	0.09375521	-0.1600081076	0.07982341429999999	-0.0606207801	-0.0456822581	0.026855799500000003	0.0129484079	0.0674150498	-0.0304883835	-0.0196737137	-0.0250171053	0.0923883027	0.035357022200000005	0.0268091151	0.0045891168	-0.0403142771	-0.0054039341000000005	-0.0312806802	-0.024240646400000003	0.0272789475	0.0755750847	-0.0161838815	-0.0450419959	0.052730236900000005	-0.0182532622	0.12489689529999999	0.0455273451	-0.0760327154	0.021150232799999998	-0.048141316399999995	-0.0460864337	-0.0587509848	0.0337935814	-0.0670825546	-0.0937855678	0.0416298761	-0.042975777300000004	-0.0874824234	-0.0475126528	0.0038796089	0.0181588925	-0.0153810235	-0.0210634497	-0.1197051056	0.0139112921	-0.0694150157	0.09592794869999999	0.04605541480000002	-0.013885088799999999	-0.0993623276	0.0451003446	-0.0942856392	0.049833308300000004	0.0310938104	-0.0133898582	0.06385949839999999	-0.0049869286	-0.0156610204	-0.0427218079	0.038717596800000004	0.1214474007	0.048247512400000005	-0.1120828844	0.0687778602	-0.1738916396	0.06284007900000001	0.033367686	-0.06769776940000001	0.0164919472	0.0060395227	0.1304832182	0.0669012233	-0.0892349201	0.08205948440000001	-0.07052472950000001	0.055243426500000005	-0.0370273778	-0.208383	-0.004704999999999987	0.043423474688999986	2.213702499999988e-05	-0.0280509	-0.01863131	0.0007868529908099999	0.00034712571231609987	-0.383318	0.02409	0.14693268912399998	0.0005803281	0.00216497	-0.0004185399999999998	1.7517573159999982e-07	4.6870951009e-06	0.00171887	-6.117000000000015e-05	3.741768900000018e-09	2.9545140769e-06	-0.0008554129999999999	-0.00016854099999999992	7.317314005689999e-07	2.840606868099997e-08	0.0	0.0
5451.856767433328	-10.596516125953713	29722742.212608576	112.28615400759709	5470.434810506231	10.777793377059425	29925657.01599834	116.160830078586	4497.47065866864	-8.870436735205658	78.68464787328602	20227242.325585328	4477.322911177556	5221.212256446326	1.1324280000000002	25.649523	0.054513249999999985	0.031624400000000004	-0.0597703242	0.0011469465	-0.0061897459999999994	-0.0615295599	0.0330276057	0.048863049299999996	0.020763326000000002	0.04450788309999999	-0.045234935899999995	0.07988778889999999	0.0642297496	0.0525626075	0.1207475893	0.0358277299	-0.0038841484	0.0090095355	-0.0712118654	0.0185741041	0.0319244279	0.0333321391	0.0530821301	0.065144023	0.0426943178	-0.0160380362	-0.0157929993	-0.031327454500000004	-0.0689287058	-0.0803012849	-0.0652832324	0.14129835970000001	-0.08628114349999999	0.008011400699999999	-0.11882824689999999	0.0252503301	0.0044384872	-0.0116548276	-0.013735174199999999	0.0197031975	0.076664145	-0.06304635139999999	-0.0343479482	-0.0346272653	-0.050890492999999995	0.022113068599999997	-0.0748701123	-0.0501497401	0.06335862099999999	0.040645830200000004	-0.1533037652	-0.08409202980000001	0.0714323866	0.031145628199999997	0.0782000721	0.0956346346	0.034582284500000005	-0.1046183113	-0.0176258189	-0.0795239612	0.0090986598	-0.0678077018	-0.0394418571	0.06755270320000001	0.013623856699999999	0.023113941000000002	0.0495360614	-0.1004794048	-0.0726525901	-0.0543138413	0.0301333929	-0.016289291299999998	0.1360954857	-0.0245445795	-0.0982469661	0.0519811513	0.0391285759	0.057719842	0.1604369297	0.0231452745	-0.053627093099999995	-0.0070954695	-0.11578534300000001	0.05665187610000001	0.0640832137	-0.027874277000000003	0.0101408875	-0.0804808575	-0.0022231816	0.0987753699	-0.050607295700000006	-0.0262738806	-0.006610529	0.0319618558	0.08449642869999999	0.029108431400000002	0.0380651233	0.0608983622	-0.0319268394	-0.060483563	0.0838400524	0.05649710440000001	-0.061162847	0.03518493	0.0548246537	0.060380915099999995	-0.0550077504	0.014952261299999997	0.028941439700000002	0.0590730695	0.0296815884	-0.0759693075	-0.0761409091	0.1391663265	-0.1169201401	0.0070764466	-0.0759300454	0.0672274576	0.0201207738	0.0327504481	0.0057075185	0.0183456761	0.0143168798	0.0801031538	0.0658594933	-0.0425264134	-0.0537139195	-0.0074023437	-0.0754396243	0.0565697316	-0.08506809119999999	-0.08736147109999999	0.11440344820000001	0.0298137589	-0.048163310300000005	0.0338840652	0.0699794328	0.12077817380000001	0.0388319993	-0.0900846284	-0.0390166702	0.029029565299999997	0.0151056079	-0.0049155946999999995	-0.0521682692	-0.0335170739	0.0410725155	-0.0762378214	0.007513214200000002	0.0455382839	0.0322079863	-0.0975834674	0.024427522599999998	0.0773126328	-0.1024448921	-0.1462580189	0.0406749408	0.033571680699999995	0.0488891762	-0.0267559733	-0.15951649380000002	-0.0188119271	-0.0306297835	0.1428961767	0.0323258176	-0.022836205	-0.09026444460000001	0.0843297256	-0.0163004183	-0.053116052000000004	-0.037803589	0.0348347237	0.0570133608	0.051906919100000004	0.0825410905	-0.024719890699999997	-0.0407267593	-0.0304918788	0.025105854500000004	-0.0455127482	0.0502316242	-0.0769551648	-0.046740402800000004	0.002657038	0.0772131193	-0.0895041772	0.08310948650000001	-0.0727879229	0.059027173899999986	-0.0424774267	-0.214562	-0.006179000000000018	0.046036851844	3.818004100000022e-05	-0.0447982	-0.016747299999999996	0.00200687872324	0.00028047205728999993	-0.408394	-0.025075999999999987	0.16678565923599994	0.0006288057759999994	0.00227317	0.00010820000000000014	1.1707240000000029e-08	5.167301848900002e-06	0.00171829	-5.800000000000249e-07	3.364000000000289e-13	2.9525205241e-06	-0.0008339739999999999	2.1438999999999938e-05	6.95512632676e-07	4.5963072099999746e-10	0.0	0.0
5439.931959187926	-11.924808245402346	29592859.720594186	142.20105168961578	5459.475907586429	-10.958902919802313	29805877.18551666	120.09755320565165	4495.303482569682	-2.1671760989574977	4.696652243892638	20207753.400403112	4475.348569825545	5195.937885306284	1.0818709999999998	24.504391	0.10473855	0.0610923	-0.0421735421	0.012508290600000001	-0.0044131095	-0.0628815108	-0.0101726517	0.027884314	-0.0607617159	0.048354553099999996	-0.0563263505	0.1507051056	0.0225551964	0.0658612283	-0.0820752498	0.0367710621	0.0780751808	-0.0289463263	-0.1189385091	-0.0417021562	0.012055206399999999	-0.041197474500000004	0.05772430820000001	0.0661646593	-0.0166759395	-0.0042887794	0.09097582859999999	0.0669396729	-0.0160244445	0.010079316999999999	0.010833319899999999	0.034707749700000005	-0.0348456309	0.0887597374	0.030744708	0.10431301330000001	-0.0199281935	0.0001266154	0.0707898406	0.0244406961	-0.06252428110000001	-0.0275628655	0.0797916982	0.1473246588	-0.0361484161	-0.1325577439	-0.026723755699999997	0.11756930730000001	-0.0862755712	-0.028043702900000002	-0.0133921546	0.0382047614	0.019110028600000002	-0.0193244065	-0.0528408227	0.0165290414	-0.1025636548	-0.0314020196	-0.0329087155	0.033076344199999996	-0.009230330600000001	-0.0196436821	0.0363756036	0.0930603201	-0.0886754075	0.0051137894	0.023143917000000003	-0.030978450600000002	0.15693145279999998	0.043738499199999996	-0.0192452781	-0.08768195640000001	0.0821917042	-0.0310092958	0.0397409846	-0.012318319099999999	0.1549542105	-0.0016470627	-0.1028498135	0.0364961442	-0.0361646526	0.0601856984	-0.1621953146	0.0072301673	0.007582895999999999	0.0383759002	0.026911579799999998	-0.0399846381	-0.0055589021	0.0444564793	-0.08227113429999999	0.0620712307	0.0741890331	0.0057851646999999996	-0.120126032	0.0673547372	-0.0436860931	-0.0154208704	-0.1095640739	0.0177967975	0.044194338799999996	-0.0066113549	0.0402401678	-0.042417179699999995	0.0569136005	0.0747618497	-0.00167401	0.0168044503	-0.0955661501	-0.0642712443	0.0548530146	0.012793711200000002	0.045923254000000004	0.056622955499999995	-0.0162049631	-0.1385669467	-0.0162204258	0.032560183	-0.07612633349999999	-0.01273579	0.0610080166	-0.0315145026	-0.0286421317	0.0451449695	-0.0581169051	-0.1381471941	0.1314929627	0.07216407	0.0147906572	-0.104165144	0.0821275388	0.0090519227	0.0043586384	-0.0113208123	-0.016967478	0.0032267746999999998	-0.0101616927	-0.0880441408	0.07268559	-0.013529891	-0.012099864699999999	0.0130211296	-0.055825491399999996	0.009734275799999999	-0.0019725988	-0.0196252558	0.1479450606	0.0678617346	0.0782739272	-0.0853587067	0.1084283855	0.0181763688	-0.027870438100000002	-0.0381679637	-0.044569140800000004	-0.0053048799	-0.050317805099999995	-0.1480987514	0.07379295799999999	0.0015999552	0.0579710732	0.043180274000000005	0.0743589306	0.1259737395	0.07388085679999999	0.0164299312	-0.0563844763	0.10403153650000001	0.0091042533	0.0144236073	-0.0493113519	0.0021182143	0.1371791592	-0.055918807300000005	-0.0512551562	0.04063378	0.090584137	0.034728925699999996	-0.0141457857	0.0394462488	0.0806964745	-0.0372148651	-0.0185740094	-0.0177431176	-0.0244689054	-0.0897578394	0.0841015683	-0.0749369886	0.062646402	-0.047742511900000006	-0.221329	-0.006766999999999995	0.04898652624099999	4.579228899999994e-05	-0.0273805	0.017417699999999994	0.0007496917802500003	0.0003033762732899998	-0.372596	0.035798	0.13882777921599998	0.0012814968039999998	0.001437	-0.0008361700000000003	6.991802689000004e-07	2.064969e-06	0.00173716	1.887000000000004e-05	3.560769000000016e-10	3.0177248656e-06	-0.000793897	4.007699999999991e-05	6.30272446609e-07	1.6061659289999925e-09	0.0	0.0
5433.966003378795	-5.965955809130719	29527986.525876515	35.59262871650057	5480.479879654799	21.003972068370786	30035659.711301085	441.1668426489002	4492.853077012233	-2.4504055574489034	6.004487395976469	20185728.77161829	4473.599180129108	5037.643453747343	1.073626	24.317648	0.10095545	0.06517770000000002	0.0163517024	0.0715264278	0.019744052800000002	-0.09085458619999999	0.0189412824	0.0014521814000000002	-0.0636290694	-0.0008167939999999999	-0.0377388756	0.0716224529	0.09336872269999999	-0.0002003997	0.085715785	0.090182562	0.0097581244	0.0839185883	0.036905062999999995	-0.027161977900000002	0.07045085059999999	-0.0612973664	0.0425246549	0.060245428399999995	0.0498601533	0.10206777439999999	0.0537863253	0.0770566672	-0.1331274924	0.0044423401	-0.0663408557	0.033491946200000004	0.0099353371	0.052411057000000004	-0.046147493899999996	0.0656788755	-0.0081647351	-0.012111704099999999	-0.015333793100000001	-0.0017879164000000004	0.012270496	0.1528926859	-0.0409379633	0.0084635578	-0.004115303	-0.0708829541	0.0175424553	-0.0036862287	-0.0591106237	-0.019918158000000002	0.009698942	3.7782e-06	0.0048471053000000005	-0.013210298200000001	-0.0534609557	0.042730101500000006	-0.0089979837	-0.0199010699	0.0026345324	-0.0118046734	0.068639844	0.0632426447	-0.1035706567	0.134539304	0.030649731099999997	0.0175458554	0.0667475663	-0.0526946035	0.050953032800000006	-0.0184852905	-0.07141443459999999	0.0169007348	0.0325083698	0.0194915396	0.0351411894	0.040210629	0.08722492359999999	-0.0316083554	0.042644092800000005	0.0457467338	0.0170175877	0.1207173091	0.0115596862	-0.0735130707	0.009995805699999999	-0.0763220248	0.0135576176	-0.0691531452	0.0894407569	0.0783550176	-0.0474920121	-0.0300754603	-0.0725877239	0.0059749211	0.0669188061	-0.047679294500000004	-0.1585384185	0.0301300385	0.0935476686	-0.049071443	-0.0959675284	0.048250729400000004	0.065474042	-0.0591632627	0.0468134366	0.062041376399999994	-0.0692837412	-0.0983253804	-0.0367712412	0.015483193400000001	0.16398392779999998	-0.025247020800000002	-0.0465361041	0.034132107200000004	0.0236436537	-0.0552542146	-0.0684000468	0.0625427611	-0.0260958213	0.011709471499999999	0.0185948264	0.0425393402	0.046656370700000005	-0.1448696791	0.0138456303	0.0019350497	0.0177690104	0.09418345980000001	0.0340166837	-0.0055245462	0.0431896184	0.023232060899999997	-0.0016514205	-0.0042850894	0.0052662853	0.0052270847	-0.047565200999999994	0.023343449500000002	0.0380397325	-0.0449763009	0.0165983963	-0.0429930463	0.0031844122	-0.12367735640000001	-0.09732875949999999	-0.0005581167	0.09028832310000001	-0.0601836479	0.0317082155	-0.024617625299999998	0.08478719679999999	-0.0577811781	-0.0633725616	0.0296186506	0.0186615578	-0.037818760699999995	-0.0259850756	-0.0683969519	-0.0097907945	-0.0032952019	-0.0606584416	0.038671827400000004	-0.0480517737	0.009302717700000001	0.0632465054	0.1275978866	0.0127781448	0.0287750558	-0.0769682179	-0.0754646536	-0.0923460874	0.042886121	0.0084516357	0.0910217306	0.0107942018	0.0275229162	-0.057110304199999996	0.0389827349	-0.10500054140000001	-0.0575460946	-0.1251157509	0.0641614546	-0.008918981500000001	-0.1244566791	-0.0256097641	-0.0899958625	0.0850350384	-0.0769685571	0.0660910233	-0.0527997072	-0.215948	0.005380999999999997	0.046633538704000006	2.895516099999997e-05	-0.0884456	-0.0610651	0.00782262415936	0.00372894643801	-0.393437	-0.020841	0.15479267296899998	0.00043434728099999993	0.00146489	2.7890000000000036e-05	7.778521000000019e-10	2.1459027121e-06	0.0018393	0.00010214000000000012	1.0432579600000025e-08	3.38302449e-06	-0.00065056	0.000143337	4.232283136e-07	2.0545495569e-08	0.0	0.0
5452.678323042366	18.71231966357118	29731700.89457611	350.1509071916726	5468.628449968791	-11.851429686008489	29905897.12380806	140.45638560240323	4496.091680339042	3.238603326808516	10.488551508415185	20214840.39801395	4475.683744916956	5187.863160490268	1.102006	24.960449	0.12615215	0.07243989999999999	-0.0049843157	-0.0011852007	0.0598300088	-0.035701691699999996	-0.0095135294	-0.0032791211	0.024704351200000002	0.0273910669	-0.0370027937	0.0164384635	0.060329199699999995	0.0653798055	-0.0162395633	-0.0499709059	0.015444666000000001	-0.0804214442	-0.0551095167	0.0635103754	-0.12877352220000002	-0.0386715356	0.010826679399999999	-0.0120764848	0.0731049766	0.0442549444	0.052198228	0.0929548291	-0.0289047731	-0.0395903103	-0.051824946	0.0166230546	-0.0689070084	0.011583305300000001	-0.0692282386	0.0427932096	0.024272396800000002	-0.0015468967	0.0759054825	-0.0570986862	0.022875090499999997	-0.057916332	0.0001361647	0.0760965692	-0.0370027522	0.030735597799999997	0.0164497631	0.049758061299999996	-0.0852590226	0.0623614983	-0.0846926721	0.10395488380000001	0.016186519099999998	0.0235391142	-0.0327971632	-0.0610916167	0.0719899001	-0.0612998312	0.0127250196	-0.0406474581	-0.0379576901	-0.0206521303	-0.1445986997	0.103145427	-0.0046801003	-0.090869434	-0.09353358460000001	-0.0097278036	0.0233814473	0.08906800210000003	0.007512418000000002	0.10533589869999999	-0.0125023519	-0.0626288716	-0.2479310706	-0.0751819673	-0.045969183200000006	0.0335706825	-0.0158835021	-0.0585267134	-0.0720298274	0.0130792246	0.0055877752	-0.0095305352	-0.1333940274	-0.0020207021	-0.009731972299999999	0.1064982524	-0.1527659298	-0.0295876675	0.08780111730000001	0.011050155800000001	-0.0853293705	0.0122301461	0.1024660688	-0.0282834874	0.0427071144	-0.0980889619	0.050706878600000005	0.0296579804	-0.07783442360000001	-0.0278717058	-0.0266357058	-0.0349467813	0.0072771553	-0.0273037502	-0.0735488655	-0.0310189579	-0.047034485	-0.061920003200000004	0.0690444799	-0.0338250817	-0.046877120999999994	0.02028693	-0.071686616	-0.0302555355	-0.0393712823	0.0316019729	-0.0174819149	-0.0173534466	0.0812075238	-0.059758366500000014	0.04651814519999999	0.0542661146	0.007458886999999998	-0.04897649849999999	0.0173411931	-0.0539441851	0.0335224586	-0.054256084100000004	0.08479490640000001	-0.07307446940000001	0.10209875730000001	-0.0490764786	0.050449397699999995	-0.1323698272	-0.013708329699999999	0.09349598419999999	-0.046424328099999995	-0.0126365939	-0.056518178899999987	0.0380707535	-0.049767299	0.0266894719	-0.1450097501	0.054697223200000006	0.023129922999999997	0.061170282699999995	0.0423540092	-0.0371461872	0.046527543	0.0217408204	0.055092756	0.0877425833	0.0340869401	0.0295820503	0.20674638690000002	0.0941527353	0.1030632174	0.1191022159	0.0365323329	-0.06627877809999999	0.0025351721	0.09320683589999999	-0.024428576299999998	-0.0035104421999999995	0.14789765900000001	-0.0782641328	0.0087087126	0.0555764266	0.1693263191	0.07060194139999999	-0.06881836969999999	-0.016951928600000003	0.0634852937	-0.010909423500000001	-0.0912467533	-0.0202429297	0.010572573600000001	0.08406780380000001	-0.0640370212	0.0673244483	0.0611726957	-0.028543549300000002	-0.0159090063	-0.090218205	0.0859092462	-0.0788794428	0.069351437	-0.0576269915	-0.215796	0.00015199999999998548	0.046567913616	2.3103999999995582e-08	-0.0298488	0.0585968	0.0008909508614399998	0.003433584970240001	-0.370262	0.023175	0.137093948644	0.0005370806250000001	0.000829566	-0.0006353239999999999	4.0363658497600004e-07	6.881797483560001e-07	0.00160873	-0.00023057000000000004	5.316252490000002e-08	2.5880122129000003e-06	-0.0006318869999999999	1.8673000000000087e-05	3.9928118076899994e-07	3.4868092900000315e-10	0.0	0.0
5447.523411675418	-5.154911366947999	29675511.320751786	26.57311120108969	5481.586660193794	12.958210225003311	30047792.313214555	167.9152122353804	4498.702236071604	2.6105557325618065	6.815001232811309	20238321.808835648	4478.595273012982	5181.983216933313	1.027883	23.281567000000006	0.13124275000000002	0.07923279999999999	0.012221117	0.0040987675	0.0544618684	0.04061229	-0.0015580323	-0.0143757611	-0.102571244	-0.0033507071	0.033120020800000004	0.0085066982	0.0261490137	-0.005419266	0.0335857102	0.010409149599999999	0.0407175372	0.028254880299999997	-0.0923560555	-0.0404559398	0.0324898921	-0.0060450035	-0.008246190300000001	-0.0388411407	0.0407294985	0.0875828927	-0.0102955875	0.0814068636	-0.0583738705	-0.1243916533	-0.0168046003	0.034493783199999996	0.023180806600000003	0.0529370053	0.06364302620000001	-0.0062995381999999996	0.0470358546	0.0122879055	-0.0210737882	-0.056735400199999994	0.0884339369	0.0025383094	0.0008466433	-0.0113242851	-0.0587813101	0.0408990539	-0.1108182475	-0.1129958244	-0.023651810699999998	-0.0730006268	-0.035504969	-0.0382361948	-0.0818459076	-0.061076731100000003	0.043251875999999995	-0.0392773341	-0.0549290093	0.0729554585	0.048710786	-0.0251855022	0.0722689429	0.0003070497	-0.09979006929999999	0.09269148990000001	0.0193539921	-0.0125638137	0.0334667424	0.0010805425999999999	0.0616863926	0.0376792053	0.0625689901	-0.1108181624	-0.0966638859	-0.0351687494	0.0803559574	0.0830263929	0.0686312359	-0.08497066369999999	-0.0819340509	-0.0128838746	0.0362169578	0.0193761867	0.11360448199999999	0.051734699	-0.0660270111	0.0621903269	-0.0280652486	-0.052395302000000005	-0.0110770852	-0.0077319817	0.0370609502	0.0833797139	-0.0366872346	-0.0110926775	-0.018130177	0.00208787	-0.0270424073	-0.07842578139999999	0.0564339422	-0.0289047946	-0.0031092391	-0.0012346141	-0.0727053782	-0.0041713562	-0.0092845867	-0.0392822075	-0.0400769491	-0.0901651982	0.0063342197	-0.048605250499999995	0.0778987367	-0.12792626529999998	-0.0095308104	0.048975732300000005	0.033015868399999995	-0.0716552928	-0.002392187	-0.0207698563	0.0462044805	-0.024123679	-0.038019195	-0.0049724951	0.0770169212	0.031458243500000004	0.053587420499999996	-0.049353836100000006	-0.0258266902	-0.0383159075	-0.11965775449999999	0.10003067300000001	0.0057956221999999995	0.057184091	-0.0088506068	-0.0400391681	0.028366856	0.09627382529999999	0.0370528169	-0.028591552000000006	-0.0243651564	0.06102367440000001	-0.018148044199999998	-0.0152204012	-0.0714133364	-0.0880832457	-0.139578858	0.0476870384	0.0620938101	-0.0432200534	0.004151784600000001	-0.0285761895	0.0203652368	0.0073223554	-0.0109434401	-0.1398521827	-0.0260381358	0.0727250496	-0.0064330629000000005	-0.1279871051	-0.0530054192	-0.0835653386	-0.0184899552	-0.0045904463	0.013619464	-0.09041013519999999	-0.0657996468	-0.0064020671	0.0727126716	0.07089853	-0.0798511537	0.043357700199999995	0.027820708599999997	0.0107482931	-0.0583713412	-0.0603021004	-0.0180305544	0.06983551589999999	-0.0353186463	-0.008211877	0.0307075998	0.023754917799999997	-0.08606175949999999	0.0107638605	-0.0880544632	-0.020117586399999998	0.0903405285	-0.0904248282	0.0867235824	-0.0806666498	0.0724185559	-0.062203345	-0.224352	-0.00855599999999998	0.050333819904	7.320513599999966e-05	-0.0975309	-0.06768210000000001	0.009512276454809999	0.00458086666041	-0.383041	-0.012778999999999985	0.14672040768099998	0.00016330284099999958	0.00158254	0.0007529739999999999	5.66969844676e-07	2.5044328516e-06	0.00167879	7.006000000000003e-05	4.908403600000006e-09	2.8183358641e-06	-0.000653366	-2.147900000000003e-05	4.268871299559999e-07	4.613474410000012e-10	0.0	0.0
5447.262271473969	-0.26114020144905226	29672666.254223745	0.0681942048128516	5465.615876202221	-15.970783991572715	29872956.906193774	255.06594130547532	4503.376993203879	4.674757132274864	21.853354245754694	20280404.342918005	4483.028842988221	5209.2021888307845	1.08428	24.558949	0.1211914	0.0719687	0.0097835979	0.0274459635	0.042906912	0.089380338	-0.024228592900000002	0.0886090964	0.0027659063	-0.0009783977	0.0101314253	-0.0177689154	-0.0828757174	0.014222103	0.060397449900000004	-0.127502395	0.0804036675	-0.11089773550000001	0.0134816577	0.007021084	0.0011157685	0.0420845937	-0.046975006799999997	-0.0974760918	-0.012114694799999999	0.023571940099999997	0.0064503359	0.0054765864000000004	0.0012969222000000001	-0.0317921724	-0.044982793	0.0083804986	-0.0433962296	-0.0537767767	-0.06884628570000001	-0.059931723	0.1183292409	0.054660896900000006	-0.1054309971	0.028836317799999997	0.0517761928	0.0312871448	-0.029329264700000007	0.0155959854	0.0263318602	-0.1239595126	-0.057240908300000004	-0.0446450022	-0.0551422741	0.0282212838	-0.1103190652	0.052945303799999996	0.056796421799999997	-0.0102454938	0.0040219792	-0.0317744025	-0.1629585381	0.0217867502	-0.051201737000000004	0.0641740338	0.0492763434	-0.008910426400000001	-0.0730169599	-0.0605830858	-0.0789941368	0.0392532542	0.013830604299999999	0.0749874875	0.1136259117	0.0237166761	-0.1485200966	-0.065938807	-0.0184750347	-0.0350575992	-0.0125957713	0.0419054254	0.0044267878	-0.035735664900000005	0.0326213909	0.09209260699999999	0.0056044223	-0.0721529171	-0.0206153449	0.0451902042	-0.0971742658	0.103491098	-0.0082207658	0.0378860609	0.0854466066	0.046936984699999997	0.08492856230000001	-0.0165958482	-0.022672154500000003	-0.0218629794	-0.0248925702	-0.1060616199	-0.0142272778	0.0934469675	0.0878195917	-0.0124432075	0.0512277351	0.0752204985	-0.08662551240000001	0.0410199025	-0.0476030076	-0.0732023563	0.0282580279	-0.0323517132	-0.0013507437	-0.022749745	-0.0002139679	-0.0323677272	-0.0598350546	0.0034184085999999997	-0.092017419	0.0765060097	-0.0283380591	-0.0066006382999999995	0.0673646333	-0.0812631074	-0.06844292240000001	0.0368548167	0.0154573866	-0.009738412	0.0093800362	-0.0776942908	0.0879366816	0.11603822679999999	-0.0487305159	0.08206505730000001	0.0366814883	-0.0440655774	0.0903720143	-0.030422044900000007	-0.047804383	-0.0254966409	0.0550661518	-0.1804689637	0.0079723752	-0.0187305187	0.10823319529999999	-0.0758827917	-0.0209413348	0.0327786773	0.0329414084	0.1526183628	0.074550326	-0.0182710008	0.060673544	-0.08470012369999999	0.0811970469	-0.0029525485	-0.1367652401	0.0388326455	0.003937525900000001	0.040622315	0.041635603300000004	0.0021604168	-0.015790631200000002	-0.009925426	-0.040360051	0.0281085455	-0.0372837163	-0.035950395499999996	0.0276321828	-0.1016889643	0.1230110629	0.0467005671	0.0317101385	0.0045478131	-0.10344324839999999	0.0180195985	-0.055426708600000006	-0.0668884791	-0.0634032477	-0.068056946	-0.0674010191	0.0556272585	0.0951418797	-0.113922186	-0.0310185792	0.0419582892	-0.0697225866	0.0318018435	0.0263887418	-0.09061569609999999	0.0874774795	-0.0823273756	0.0752838312	-0.0665088402	-0.221556	0.002795999999999993	0.049087061136	7.817615999999963e-06	-0.031747700000000004	0.0657832	0.0010079164552900003	0.00432742940224	-0.371999	0.011041999999999995	0.138383256001	0.00012192576399999992	0.00128638	-0.00029616	8.771074559999998e-08	1.6547735044e-06	0.00186978	0.00019098999999999982	3.6477180099999936e-08	3.4960772484e-06	-0.000309112	0.00034425399999999995	9.5550228544e-08	1.1851081651599994e-07	0.0	0.0
5436.377272074456	-10.884999399512708	29554197.84432771	118.483211927392	5471.681270300413	6.065394098191973	29939295.923756346	36.789005566382016	4500.47948130942	-2.8975118944581477	8.395575178526446	20254315.561687108	4480.574694227686	5143.247345295537	1.284396	29.0916	0.19665131	0.122532	0.0786843335	0.025249944	-0.0130810651	-0.031078540499999998	0.008716987399999999	-0.034399120299999995	0.0061565938	0.0308936918	-0.0272753707	0.0478264789	-0.0025939087	-0.0310479013	0.043688822599999996	0.12493150830000001	0.0897278284	0.0564432921	0.1303541456	-0.0206634029	0.0049063432	-0.0030968213	-0.0785441048	0.0244749332	-0.056777626399999996	0.0953750564	0.0103347968	-0.0434216804	0.019584377099999998	-0.1070627074	-0.060525135	-0.1301283344	0.0024134306	-0.017039313400000002	-0.0323932684	0.0725968078	-0.0780008172	0.064862424	-0.0036442578000000004	-0.0874720926	0.0261142381	0.0857662067	-0.0680340662	0.038555337	0.0643733359	0.179846355	0.0110715673	-0.1674109653	-0.0280563177	0.0365575071	0.0013093903	-0.0251174409	-0.0554768203	-0.1461650166	-0.053952753	0.0505257486	0.024229588599999997	0.022864517	-0.0851512499	0.061146198099999986	-0.008161897	0.059504817	-0.0332765763	-0.1337962243	-0.1205696607	0.0205084026	0.0544622066	-0.0480637162	-0.0234368994	-0.046880525199999995	-0.0116295901	-0.045703943899999995	-0.0316616495	-0.0385225175	0.0750766222	-0.0200146277	-0.0842104036	-0.0218719644	-0.027411214700000002	0.0697137236	-0.1160853599	-0.0459776332	-0.0417007522	0.0033795181	-0.11156948970000001	0.0800751559	0.0044094965	0.013094082	0.10837037869999999	0.0183986626	-0.018339985	0.0674176519	0.0092008396	0.038765505	-0.1718945943	-0.0386885442	-0.0064456381000000005	-0.0671191188	0.0342239581	-0.055350446100000006	-0.0384281811	-0.0280019175	0.0060946422	-0.004542174699999999	-0.0760753339	0.0285932252	0.048208894	-0.1020599843	-0.0215664915	0.0196250125	-0.0532110908	-0.10817310470000001	-0.0393210363	-0.116049985	0.0162739208	-0.0111403456	-0.0047779575	0.0526283311	-0.114033218	-0.023021486400000003	0.0083618053	0.0053566535	0.08599608560000001	-0.10655030380000001	0.0865688801	0.09370554730000001	0.0261213035	-0.1968812919	-0.0108779351	0.1554797793	0.0423541012	0.003265055	-0.014773893799999997	-0.0796065535	0.0528890767	0.0858371997	-0.1083630465	-0.0174599195	0.0009052286	-0.06965362809999999	0.1560592282	-0.0511452712	0.058377379199999996	0.0464480958	0.0589858882	0.0800830722	0.0289793199	-0.0197183426	-0.0198802443	0.0586943776	-0.0337414563	-0.0501648267	0.03233097	0.045949553600000005	-0.0799755467	0.0611000451	-0.0825185168	0.0537207427	-0.036847149100000004	-0.0032997442	0.0114500788	0.0264014788	0.0998760611	-0.0056658104	-0.0065324166	-0.0696839792	0.1151372711	0.0719767797	0.0262933539	-0.0024038847	-0.0882803842	-0.0329459283	0.0195951303	-0.0789915031	-0.08869550300000001	0.0318830454	0.0359025522	0.1324386324	0.02645607	0.046549694100000004	-0.06975107400000001	-0.0319536822	0.08458181740000001	0.0047990196	0.051429757	-0.09079077529999999	0.08817041210000001	-0.0838590164	0.077939277	-0.07052472950000001	-0.225147	-0.0035909999999999827	0.050691171609	1.289528099999988e-05	-0.132563	-0.1008153	0.017572948969000003	0.01016372471409	-0.353397	0.01860200000000001	0.12488943960899995	0.0003460344040000003	9.23838e-05	-0.0011939962	1.42562692561444e-06	8.534766502439998e-09	0.00162729	-0.00024248999999999996	5.8801400099999975e-08	2.6480727441e-06	-0.000345486	-3.637399999999999e-05	1.19360576196e-07	1.3230678759999993e-09	0.0	0.0
5448.860095180493	12.482823106036447	29690076.33685037	155.82087269659746	5474.275990023919	2.5947197235054773	29967697.61495236	6.732570443548339	4496.1714121776	-4.308069131820048	18.559459644540738	20215557.36768312	4476.188472406625	5097.3206263783695	1.112484	25.197786	0.11209325999999993	0.0532134	0.0541652842	0.027604934900000003	0.0392077786	0.0131451406	0.030096302999999998	-0.0910506509	-0.0361677185	-0.0164358196	0.0051945898	-0.046976484900000004	0.022149928	0.048040502400000004	0.1253972795	-0.034896824	-0.00415486	0.0263525336	0.0261253193	0.0351574171	0.056636547999999995	-0.0454915972	-0.0360214469	-0.011589051999999999	0.06399972820000001	0.0365793118	-0.0716368572	-0.0287175631	-0.1540998092	0.022521609799999998	-0.0559916188	0.071848196	0.007229123299999998	0.0446047762	0.0375626625	-0.0270397749	-0.10227742470000001	0.068060343	0.013560957700000001	0.0994083996	-0.020150884299999998	-0.0258440458	-0.1243805721	0.133614281	-0.0236893371	0.1128448129	0.015056220300000001	-0.0032691659000000004	0.051695625999999995	-0.0473415355	0.021451678300000002	-0.0893216652	-0.006072746600000001	0.0090848488	-0.0358339751	0.00206134	0.0205254878	-0.10303515320000001	0.0177701639	-0.0392981755	0.0355551489	-0.0838097917	0.050652341399999995	-0.2180186877	0.0155682408	0.15158304960000002	0.1347362292	-0.033847595	0.0880051217	-0.0690339292	-0.0248971869	-0.0161723622	-0.0760015922	-0.046715156900000006	0.0031920534999999996	0.0861413695	0.1056437996	0.0372615216	0.0594804217	0.0119741873	-0.0313134258	-0.0401246797	0.0056665878	-0.0494979818	0.0659578744	0.041685166600000004	0.0832646306	0.0501140259	0.09767136130000001	-0.0829141917	0.00023258169999999998	-0.0308721163	0.12510395789999998	0.0658013187	0.0059830720999999995	0.0567468176	0.0751104165	0.0121890545	0.0421903809	0.15267560759999999	0.036903721800000004	-0.010817699299999999	-0.067411553	-0.0453123902	-0.036353052000000004	-0.0167826723	-0.0531416512	-0.0417758533	0.08953109050000001	0.0950617698	0.11476125470000001	-0.0012957125	-0.015588793500000003	0.0633325428	0.0111407454	-0.0396454745	0.002826475	-0.0576719828	-0.1037520416	0.0152517233	-0.0081714944	0.1020722343	-0.0529775762	0.0147558905	0.1716102195	-0.0419211433	0.0626535272	-0.1163664525	0.0394841826	-0.030944924199999998	-0.029900056600000002	0.0539766765	0.013704785700000001	0.0607588842	-0.0041584866	0.05654101950000001	-0.032909712599999995	-0.042605826	-0.0262165752	-0.0693313894	-0.042760960199999996	0.0029654576	0.0802837274	0.0900596202	0.2005941012	0.0634518621	-0.044698876900000004	-0.1788511461	-0.028827157599999997	0.0027781569	0.1065616552	-0.07602567360000001	0.0666883625	-0.07273162429999999	0.0358740189	0.051808539699999996	0.0013897201000000001	-0.020695653999999997	0.0531653421	-0.0784533473	-0.09457173099999999	-0.0208473408	0.009207037900000001	-0.035178581	0.0387780763	0.0125599525	-0.056098361900000004	-0.0137293569	0.1367609722	-0.08209055030000001	-0.08711999710000001	-0.1138570094	-0.009179458599999999	-0.050772069	0.0559755695	-0.0456181902	0.0841405498	-0.0793599712	0.026776898700000003	0.038181115099999996	0.033237793700000004	0.10995165130000001	0.0084447316	0.037148003900000004	0.030852560299999998	-0.0909500356	0.0888018974	-0.0852591707	0.0803774921	-0.074233526	-0.246468	-0.02132100000000001	0.060746475024	0.0004545850410000003	-0.0966589	0.03590410000000002	0.00934294294921	0.0012891043968100016	-0.365436	-0.012039000000000077	0.13354347009600004	0.00014493752100000186	0.000579746	0.0004873622	2.3752191398884006e-07	3.3610542451599996e-07	0.0017980999999999995	0.00017080999999999976	2.9176056099999923e-08	3.233163609999999e-06	-0.000543897	-0.00019841099999999998	2.95823946609e-07	3.9366924921e-08	0.0	0.0
5452.315601801368	3.455506620874985	29727745.42164661	11.940526006910856	5465.57089474716	-8.705095276758584	29872465.205507275	75.77868377744461	4497.718092160253	1.5466799826526767	2.3922189687384843	20229468.036545668	4477.174732541204	5215.0189732148165	1.135577	25.720848	0.09111821	0.0501074	0.052445775099999994	-0.023453285299999998	-0.025083012999999998	0.0537832339	0.0210424477	-0.0280435773	0.0217404495	-0.025055143	0.0153460422	0.0161505631	-0.09562176119999999	0.0749028494	-0.0284012796	-0.10792942800000001	0.0438353448	-0.0476924105	0.0037531375	-0.0472296709	-0.1255607118	-0.055987877199999994	-0.061685676900000014	-0.0097251339	-0.0195347482	0.0024816384	-0.0325554742	0.0511780075	0.021927895299999996	0.07971605429999999	0.066045272	-0.0787404889	-0.13213817890000001	0.027905084500000003	0.0367079637	-0.0327926122	-0.1541004931	0.1242134934	-0.0327019807	0.010612679299999999	-0.0518428904	-0.021261771800000002	0.0515541028	0.052674319000000004	0.105610275	0.0564758453	0.050013507400000004	0.0476701067	-0.0126175223	-0.031880159500000005	0.0073329877	0.023518192799999997	-0.1095437086	-0.08412267080000001	-0.055258709	-0.048561388	-0.0640831118	0.0279940944	-0.0314054769	0.0283271271	0.0393131313	-0.1405442281	0.008825447299999999	0.0747773283	-0.0266534314	0.0010232231	-0.048054352800000005	-0.0639286863	-0.009579671	0.05329291059999999	0.0034397268	-0.042277256500000006	-0.0029918196999999995	0.06309958610000001	-0.11821186060000001	-0.0180793778	-0.008777528199999999	0.1640577017	0.0811486704	-0.0601022062	-0.0340728484	-0.0675500314	0.026283461600000002	-0.0523881115	0.0689485008	-0.0687588933	-0.0067330074	-0.06725835150000001	-0.0019979152	0.05891475490000001	0.0337394529	-0.0024154226	0.1052752645	-0.139815871	0.09203920439999999	-0.0512078779	0.0542245071	-0.1085570607	-0.0040011514	0.09005223970000001	0.030536464	0.199006927	-0.0564133049	-0.055776819000000005	-0.0636235922	-0.010152662199999999	0.0257134865	-0.0025036604999999997	0.0315614713	-0.060268128899999995	0.0053463758	0.0755663657	0.0831087254	-0.06845135969999999	-0.1266281204	-0.0174642205	0.031062005299999997	-0.1013814657	-0.1590590806	0.0218784177	-0.0544543584	0.056303811900000014	-0.0213115837	0.027692311	-0.0824799118	0.088532945	0.0749287001	-0.0838518573	0.025691557900000002	-0.0404409286	0.0289022206	0.030626669300000006	0.0042242011	-0.0426293559	0.0968305992	0.0327478752	-0.007482256800000002	-0.0795182877	-0.031136966000000002	0.011759505	-0.0276395229	0.1177984144	-0.160550807	-0.0079023418	-0.0025691318	0.0221357467	0.038275333599999996	0.0667369094	0.0318369504	0.0278792596	0.0059069184999999995	-0.0191273107	0.0008769216	0.011887758200000001	-0.0154504517	-0.0165324836	0.0471901933	0.168887101	0.051600921900000006	-0.0339814587	-0.0792973273	-0.0395306255	0.0744406828	-0.0002294824	-0.0328245697	0.1050638871	-0.1165441516	-0.0360116438	0.0002730429	-0.049380760499999996	0.0309104386	0.014822883899999997	0.08852748630000001	-0.033600457	-0.043869764000000006	-0.1513530579	-0.1064787201	-0.0903914081	0.0539532803	0.0976447418	0.021529310099999997	0.025019259300000003	-0.1066673924	-0.0876209578	-0.0131674147	-0.09109344890000001	0.0893714952	-0.08652564300000001	0.0825916807	-0.0776190801	-0.247445	-0.0009769999999999779	0.061229028024999986	9.545289999999569e-07	-0.0602666	0.0363923	0.00363206307556	0.0013243994992899995	-0.360686	0.004750000000000032	0.130094390596	2.2562500000000304e-05	-2.29102e-05	-0.0006026562	3.6319449539843997e-07	5.2487726404e-10	0.00210207	0.0003039700000000004	9.239776090000024e-08	4.4186982849e-06	-0.000470545	7.3352e-05	2.21412597025e-07	5.380515904e-09	0.0	0.0
5434.701202469759	-17.614399331609093	29535977.160126247	310.2670638133908	5467.462483304716	1.8915885575561333	29893146.00634457	3.578107271077293	4495.846992839409	-1.8710993208442237	3.501012668463713	20212640.183023155	4475.858664717307	5194.91225051488	1.17793	26.680141	0.17767701000000002	0.107109	0.0756173589	0.0070531727000000015	-0.031733097200000004	-0.0278440971	0.007138471400000001	0.09221671099999999	-0.0050717464	0.021329768500000002	-0.0586222236	0.0321271096	-0.0947861683	0.0512604651	-0.0171214076	0.083965925	0.0709066113	0.06950071570000001	-0.0231884577	-0.0409370338	-0.0332446356	-0.0705792986	-0.0785101336	0.057811743	-0.0734712796	0.05954078440000001	-0.0478746492	0.012450476100000002	-0.023137642799999997	-0.0642678954	-0.0278356377	-0.07067785019999999	-0.0866498091	0.1543852196	0.0233430996	0.0330564477	-0.1995768387	0.0556938134	0.0588265554	0.055138661799999995	0.09209217119999999	0.0672627384	-0.0731107849	-0.0761633499	0.024117586200000003	0.0178947702	-0.1008037525	-0.114095108	-0.0430110481	0.013839733799999998	-0.019501734099999998	-0.0136025766	-0.0882623517	-0.0004824173	0.023513939900000003	0.0335471763	0.04474330940000002	0.025529842599999998	0.0411975729	0.0942405671	-0.061991823099999996	-0.117742002	0.0920095471	-0.08696826070000001	-0.0495768098	0.035319772799999996	-0.042966887800000006	0.0517651039	-0.0205440143	0.1124732802	0.0633703379	0.0380140273	-0.0157856509	0.0322282666	-0.0176832837	-0.0440141375	-0.0533071651	-0.036616942400000005	-0.0283278576	-0.0161928514	-0.043942566399999994	-0.015294796999999999	-0.052807546500000004	-0.0065710683	0.1568020302	-0.0813692673	-0.0204640549	0.0077323758	0.0416382806	-0.0084740605	-0.0576040078	0.0391429407	-0.1342742247	0.014900558700000004	-0.008705804000000001	-0.06355496940000001	0.052564193099999997	-0.0263594876	-0.1660430718	0.0345914352	-0.0045762745	-0.021203799	0.0815074839	-0.0709730984	-0.0798511949	0.06414914570000001	0.0575869354	-0.0631291273	0.038650808700000004	-0.024651077	-0.0078022375	-0.0712510128	0.015240456299999997	-0.0628351054	-0.053614695700000006	-0.1385215612	-0.049030246	-0.0344997071	-0.1719047866	0.1108167159	0.0328042845	0.1365583022	0.0233161836	0.0053730189	0.08937954880000001	0.0657383218	-0.0580997471	0.0218320546	-0.1495422116	0.11113557980000001	0.043829994500000004	-0.0018616823	9.31422e-05	-0.0197006252	0.0698375077	0.0378026017	-0.0059232039	0.057342261299999996	0.0744627101	0.0511576043	-0.014735006699999999	-0.017279571599999998	-0.1048588479	0.12135678470000001	0.1145099046	-0.016705131499999998	-0.0481241029	0.0197387977	0.0032573553999999997	0.07966296610000001	-0.0554326758	0.10267178449999999	0.0912881281	0.0047213082	0.0266050042	0.0537508067	0.0045548415	0.0204270047	-0.0840418566	0.0695478499	0.0187069248	0.0315294958	0.0134477847	0.028763311099999998	0.0152768882	0.0240683114	-0.132383584	-0.0467643064	-0.0011988965	-0.032311422	-0.0380264509	0.0247172415	-0.0149598866	0.09218634960000001	0.0560805338	0.0714976663	-0.09794413449999999	0.1035261566	0.0776494236	0.085027652	0.1739064659	-0.059694252999999996	0.1224155832	-0.0326211204	-0.0047980368	-0.0912209905	0.08987880849999999	-0.0876564477	0.0845756715	-0.0806666498	-0.254647	-0.007201999999999986	0.06484509460899998	5.18688039999998e-05	-0.152582	-0.0923154	0.023281266724	0.008522133077159998	-0.360406	0.00028000000000000247	0.129892484836	7.840000000000138e-08	0.000922241	0.0009451511999999999	8.933107908614401e-07	8.505284620810001e-07	0.00193839	-0.00016368000000000025	2.6791142400000083e-08	3.7573557921e-06	-0.000919306	-0.0004487610000000001	8.451235216360001e-07	2.0138643512100002e-07	0.0	0.0
5401.690007323774	-33.01119514598486	29178254.93522151	1089.7390049662945	5463.306433601602	-4.1560497031141495	29847717.187432654	17.272749134755212	4490.2281048217765	-5.618888017632344	31.57190255469233	20162148.433331367	4469.410689567291	5018.444468716024	1.201245	27.20821	0.18882295	0.110796	0.09324108880000001	0.124783536	-0.0061359032	0.0409436173	-0.0355846321	0.17076752280000002	0.0452364796	0.0721549767	0.0587472246	0.1764800181	0.0752737142	-0.0899288058	-0.0607449678	-0.20025406469999998	-0.1020147156	-0.026683569900000002	0.1303558473	-0.11273160210000001	-0.032606560699999995	-0.1104085168	-0.0408131329	-0.0576974733	-0.0305544602	0.049446403	0.0910905484	-0.0377628925	-0.0335334895	0.057173173099999995	-0.0796132898	-0.0764670016	-0.0727707733	0.0629067337	0.0799073928	-0.0829920061	-0.12238468949999999	0.08445420869999999	0.0046894136	0.0415869085	-0.0672079701	-0.0825058292	-0.0587510963	0.0235248375	-0.046620203	-0.12666761880000002	0.038167881699999996	-0.0502452714	-0.05793907070000001	-0.0705240722	-0.1026321805	0.027737502400000003	0.0025623825	0.0110596876	-0.1391623713	-0.066504563	0.0754176817	0.024162186000000002	-0.0118387079	0.0725987973	0.058872647599999994	0.0376194077	0.045150514800000006	-0.0159252125	0.0390936352	-0.0190777554	-0.0461073958	0.0572217474	0.0009749544	7.16941e-05	0.0179651771	0.0133880967	-0.0513947617	0.0020779234	0.0019373373	-0.0315068236	-0.0333617394	0.0049454654	-0.0039098931	0.1893104371	0.0142039872	0.0367337917	0.0480031109	0.0263644492	0.0493573218	0.0247487138	-0.0418362086	-0.0653387455	-0.0822504765	-0.0481326116	0.000591885	0.0464146924	-0.07576456320000001	0.051260372900000004	-0.0007238357000000001	0.0752414112	-0.09091796279999999	0.1541889948	0.1097836579	0.0551305713	-0.0726951918	-0.07434834809999999	0.0178526825	-0.1111356551	-0.0401873237	-0.0489210097	0.0376673061	-0.0465504153	-0.0842750325	0.0640936898	0.0179269913	0.0566728989	-0.049804202199999995	-0.0764823618	-0.0683494478	-0.0749431269	0.0245846662	-0.1583250977	-0.14378049699999998	0.0085353573	-0.0734836554	-0.008180621899999999	-0.0747850388	0.0793646574	0.030242731000000002	-0.0448458495	0.028655739700000002	0.10270394599999999	0.0849292821	0.0473899984	0.065781168	0.0813068215	0.1378516009	0.0424763675	0.06316446719999999	-0.0820968108	-0.11347916300000001	0.006673462	-0.0453457265	-0.0017285559	0.0388540634	-0.0034960121	-0.02674578	-0.06321976809999999	0.0754399868	-0.011975034099999999	-0.0603435058	0.052486069	0.037574865299999996	-0.0359650333	-0.0377390567	0.0216263215	-0.031681133	0.0021615587	-0.0051724849	0.0149293687	-0.0044639947	0.0139747784	-0.0072385547	-0.0425379857	-0.032058532	0.2005889603	-0.0579043305	-0.019284370500000002	-0.0530416421	-0.0347156728	-0.0015709920000000002	0.0847735865	-0.0135195054	0.0141217277	0.0813931809	0.0102399671	-0.08870894970000001	0.023951525699999997	-0.0054451234	0.1354596667	0.0662179973	-0.048641347300000005	-0.0422181224	-0.1297522592	-0.0754176125	0.1268889653	0.0035576191999999998	0.0096188036	-0.041463266	-0.09133263800000001	0.0903234838	-0.0886498116	0.08632393470000001	-0.0833629647	-0.249912	0.0047349999999999615	0.062456007744	2.2420224999999635e-05	-0.06547919999999999	0.08710280000000001	0.004287525632639998	0.007586897767840001	-0.324218	0.036188	0.105117311524	0.0013095713439999998	-0.000167723	-0.001089964	1.188021521296e-06	2.8131004729e-08	0.00193782	-5.699999999998675e-07	3.248999999998489e-13	3.7551463524e-06	-0.000793897	0.00012540900000000005	6.30272446609e-07	1.572741728100001e-08	0.0	0.0
5405.438377163529	3.748369839755469	29218764.04931229	14.050276455588438	5435.0438751534275	-28.262558448174786	29539701.924842786	798.772210036496	4487.8971499154495	-2.3309549063269515	5.433350775329688	20141220.828219216	4467.68267363276	4835.89937094483	1.333288	30.198994	0.16111925	0.08005769999999998	0.1195555745	0.16874388489999995	-0.0046581838	-0.1227148073	-0.0178708103	-0.0014655353	-0.1165980166	-0.0593782068	-0.0012334378	-0.0037127995000000003	0.1668826676	0.0204606203	-0.042039901399999996	0.0313019291	0.0010207289	0.15095292529999998	0.2192031043	-0.13243161050000002	0.1835760929	-0.1568973546	-0.015218020700000001	0.1495122954	0.0214583052	0.0764191047	-0.050303681100000004	0.0163301228	0.057265705599999994	-0.0196777777	0.0026939329	-0.0695339366	0.023208294900000002	-0.0033276808000000002	-0.016088765	0.0125656228	-0.053472907800000004	-0.049998002	-0.0630291554	-0.0239224501	0.09988497619999999	-0.1330846115	-0.0030359903000000002	0.023054524500000003	0.1648374293	0.0448881004	0.0469923514	-0.007087544	0.0252481136	-0.01104556	0.103520134	-0.0793040938	-0.0359838751	0.144264673	-0.0558381185	-0.057086062800000004	0.1085675127	0.06779776309999999	0.0419552052	-0.0088815773	0.046317032699999997	0.030896956	-0.0199390663	0.114472564	0.07101382440000001	0.0054556935	-0.0222663507	-0.018705314599999998	-0.0234201337	-0.0717808635	0.11319667619999994	0.0528859146	-0.0198903917	0.0187997176	0.0208556824	-0.021694428300000002	-0.037298613599999995	-0.0019090344000000001	-0.0203578864	-0.1146971735	0.09225144519999999	0.048589250599999995	-0.0191111268	-0.0161378133	-0.0760187065	0.024077762000000003	-0.0056183184	-0.08616292619999999	0.0590430357	0.0916951677	0.0325268163	0.062442360499999995	0.10157218330000001	0.0389162363	-0.0386110374	0.0033408717	-0.1475551948	-0.0163670234	-0.062044364500000004	-0.0234214574	-0.012977200900000001	-0.0052591253000000004	-0.0322179322	-0.1586248748	-0.0134947127	0.1282359223	-0.0610997322	-0.0862327007	0.042078211100000006	-0.0414457824	-0.049739779299999995	-0.0159254495	-0.0248690873	-0.0825466085	0.0356302239	0.026384062000000003	-0.0083397998	0.0755092206	0.0417139606	0.11419108689999999	-0.0971143444	0.0230592043	0.0413406243	0.11799487609999999	-0.0024827814	0.1687883937	0.0490804646	-0.0881616417	0.0634425651	-0.0083239995	0.0062959024	-0.0055269941	-0.0780403865	0.17811570940000002	0.0024369560999999997	-0.0659882881	-0.0491743537	0.0810241138	-0.0714781569	0.0737244656	-0.0495665877	0.027325437999999997	-0.0390207209	-0.1431248235	-0.057862545999999994	-0.0890887191	-0.0125404659	-0.022447274399999998	-0.0054255451	0.029120791899999998	-0.097493773	-0.0289188487	0.0960943756	-0.0544802185	0.029794437400000002	-0.0086613396	-0.042279228200000005	0.012795502	0.007543308	0.0406822483	0.0824061459	-0.0817615608	-0.0217268793	-0.0219576734	0.0192300018	0.053882136500000004	-0.0036493609000000002	0.1463925209	-0.114161444	0.0191524224	-0.0374478729	-0.0095320102	0.0565094747	-0.1269195732	-0.0129679145	0.0154471059	0.072827654	0.1038563466	-0.1440865795	0.017646506200000002	0.060984205599999994	0.0004851824	-0.0213368677	0.021125556299999997	0.016111039	-0.091428372	0.0907052112	-0.0895041772	0.08783159759999999	-0.0856962841	-0.23694	0.012971999999999984	0.056140563600000006	0.00016827278399999957	-0.13272799999999998	-0.06724880000000001	0.017616721983999994	0.004522401101439999	-0.34279	-0.018571999999999974	0.1175049841	0.0003449191839999992	0.000359106	0.0005268289999999999	2.775487952409999e-07	1.28957119236e-07	0.00146812	-0.00046970000000000003	2.2061809e-07	2.1553763344000004e-06	-0.000543897	0.00025	2.95823946609e-07	6.25e-08	0.0	0.0
5449.159447597207	43.721070433677596	29693338.685337894	1911.5319998665973	5459.003602308289	23.959727154861866	29800720.33001488	574.0685253354251	4496.9296001774655	9.032450262016027	81.58515773579342	20222375.82895226	4476.532944605234	5005.61140198887	1.34162	30.387716	0.1702116	0.0956229	0.0834720099	0.039364086	0.0367835636	-0.0271407824	-0.015395311	-0.1291982957	-0.0984577062	-0.1104674903	0.008047619399999999	-0.1497140887	0.047804409400000004	0.0234441108	-0.0372304014	-0.1038615368	0.13319246710000002	0.06703595450000001	-0.0559576468	-0.057347106399999986	-0.1112693726	-0.09125185599999999	-0.08126279139999999	0.0100082709	0.0752082083	0.0368494991	-0.0472288606	0.0745450144	0.0271620495	0.11138920050000001	0.017554246000000003	-0.0057599279000000005	0.0207817627	-0.0214083094	-0.0606139853	0.0626441987	0.1091482349	0.1291168723	0.011665574	0.0916222285	0.0026392691999999997	-0.0696894414	-0.07050210629999999	-0.1163212375	0.0392590995	0.0406118066	0.0548485768	0.07355689309999999	0.053027616500000006	-0.0505073865	0.09879235689999999	0.0951015734	0.050315488600000007	0.0315977029	-0.0042794059999999995	0.038843255800000004	0.0013741832	-0.065338439	-0.0394143673	0.0786124807	0.0915849918	0.0680434115	0.0295995238	0.008948464100000001	0.0659220479	-0.0650723804	-0.0931072456	0.0257583276	0.028390077000000007	-0.1713967736	0.038140329900000006	0.0589070698	0.07063689299999999	0.0506219008	0.02685453	0.012419028899999998	-0.0881104044	-0.061137535599999994	0.053004286399999996	-0.0130735066	0.0331885757	-0.08707433210000001	-0.1313249196	0.06102873740000001	-0.1291721647	-0.06927438429999999	-0.0314003585	-0.072288543	-0.05247099	-0.0592837567	-0.0077926678	-0.1229590902	0.0509371514	-0.0026577658	0.0026327626	-0.0314450865	-0.024053292200000003	-0.0252723187	-0.1129173934	-0.0202137597	0.0142711081	-0.0781347709	0.0051115119	-0.0894111358	-0.07958449440000001	-0.0036061276	-0.0693506166	-0.0414919645	0.0534276822	-0.0580008461	0.040152591800000005	0.1189986122	0.0009408706	-0.020053021100000002	-0.0160287487	0.0369656082	-0.0454168487	0.0808888788	0.0493006324	-0.15028255710000002	0.0149744401	0.1072207476	-0.04843206269999999	0.0671507151	0.0221706591	0.1219511524	-0.11562303759999999	0.0076267676	0.0621147221	-0.08224500629999999	-0.061534263600000014	0.06538613110000001	-0.0540289488	0.008723916600000001	-0.021245377000000003	-0.1148349276	0.034402626	-0.0065204792	0.007357954	-0.1325665171	0.043261499	-0.0105338206	-0.0005402648	-0.0843818476	0.028762773	-0.0059806199	-0.0781264562	0.07166222530000001	0.0131816476	-0.08598609800000001	-0.0839595897	-0.0718235642	0.0291745898	-0.0450465211	0.0112212575	-0.08462597449999999	-0.0418884628	-0.0093611753	-0.0500979848	0.07581889160000001	0.025013160899999998	-0.0654609535	0.0061433242	0.0553848341	0.10195792529999999	-0.1530808144	0.04681717	0.0142326639	-0.0536373944	0.008638944	0.1056061788	-0.0684763393	0.0259147229	0.08769602800000001	-0.0631361537	-0.1292264652	0.0175552961	0.0544994965	-0.0645125094	0.0122147356	0.0729074532	-0.0663040171	-0.018353981000000002	0.026000466099999998	-0.0215437588	-0.0915081759	0.0910237247	-0.090218205	0.08909445810000001	-0.0876564477	-0.23567800000000005	0.0012619999999999856	0.05554411968400001	1.592643999999963e-06	-0.0507871	0.08194089999999997	0.00257932952641	0.006714311092809997	-0.324898	0.017891999999999963	0.105558710404	0.00032012366399999866	-0.000476553	-0.000835659	6.98325964281e-07	2.2710276180900003e-07	0.00184682	0.0003787	1.4341369000000006e-07	3.410744112400001e-06	-0.000711872	-0.000167975	5.06761744384e-07	2.8215600625e-08	0.0	0.0
5467.766132666066	18.606685068859406	29896466.481530037	346.2087292517156	5494.576830926339	35.573228618050045	30190374.55095253	1265.4545943120552	4505.557408907024	8.627808729558637	74.43908347384824	20300047.564956974	4485.227656763476	5192.0242973329905	1.203323	27.255289	0.14798770000000006	0.08301659999999997	0.0838297929	-0.07152848980000001	-0.0871724615	0.0511140411	0.014558215	-0.11995879710000001	-0.09148534359999999	-0.0916472644	0.0366233878	-0.07684296809999999	-0.1070388573	-0.10539932099999999	0.0059503635999999995	-0.0475475558	-0.0584346406	0.1470308985	-0.1348078045	-0.0142424907	-0.0385648307	0.0210144403	-0.1203078501	-0.0082433711	-0.0548303956	0.063457946	-0.11502195	0.0482894721	0.045276906500000005	-0.010809224199999998	0.0001237751	-0.21199924539999998	0.1270586384	0.0286720089	-0.0274785045	-0.055727345899999996	0.0822614838	-0.0871494692	0.0466864721	-0.0110026805	0.012482545900000001	0.005507437	0.08073555290000001	-0.1207447983	0.017852433	0.0353919043	-0.0140240927	0.1596671913	0.1183983448	0.022680742599999998	0.0669203711	0.010524759199999999	0.0290343333	-0.1082571701	0.0606227058	-0.0264586182	0.027166993599999998	0.0229735652	-0.0080283777	-0.0404001721	0.0251700381	0.0535197454	0.0365559534	0.0729123077	-0.0684145918	0.1157822901	-0.027359346	0.0575523983	-0.0838833158	0.0447879267	-0.09139693119999999	0.028573052	-0.0102010677	0.052620774	0.0029296885	0.09786901070000001	0.0363626859	-0.056062641100000005	-0.0666137791	-0.0193782215	0.0497200588	0.0796669304	-0.0767473982	0.0270933883	0.0652875963	-0.0740266965	0.07901372849999999	0.0342083606	0.0100964291	0.0098174716	0.0129215967	-0.0762241271	-0.0195119755	0.0119158776	-0.0026597102	0.072643914	-0.0043915704	-0.0690781952	-0.08407891039999997	-0.18103726190000002	-0.0137351174	-0.1077987844	-0.0451577625	0.018500691399999998	-0.1185105626	0.0042553569	0.050996456399999994	-0.0710676558	0.0957665498	-0.07037991519999999	-0.0303018113	-0.0237163938	0.0044390882	-0.20424600059999998	0.138287559	0.0323217452	-0.0636959443	-0.022184564900000002	0.0795824301	0.0183979267	0.069468723	-0.047971818099999994	-0.0083393367	0.0060591273	-0.1244551718	0.0409411388	-0.1035865581	0.0293215532	-0.037052322799999995	-0.1423868923	-0.09664839300000001	-0.016745396	-0.0570168048	-0.1153545517	-0.0597262007	0.08883935650000001	0.0269787408	-0.0053786815	-0.0747861817	0.021123396699999998	0.0066049468999999994	0.0134958793	0.0665907364	-0.0068367478	0.04445589690000002	-0.0207477123	0.053327940899999995	-0.028705131499999998	0.1132776128	0.0817653376	-0.0405845715	0.025523138799999998	-0.1088115464	0.0183682125	0.0952173291	-0.023122839	0.07039094530000001	-0.08909737710000001	-0.0776933755	0.0025114518	0.041537878	-0.0117691584	0.0064891787	0.045864840899999995	0.0675138782	-0.0040439387	-0.060443942800000004	-0.0740228753	0.014857691499999999	-0.0165333178	-0.0341670046	0.0220340223	-0.021685992999999997	0.0236599651	0.0067317986	0.012362094399999999	0.1054537426	-0.0396092002	-0.0642020044	0.026007380400000002	-0.021795681	-0.15745481320000002	-0.0978029458	-0.014962491999999999	0.051945287400000005	-0.0915720357	0.0912788023	-0.09079077529999999	0.09010899630000001	-0.0892349201	-0.235842	-0.00016399999999996973	0.055621448964	2.689599999999007e-08	-0.11317	-0.06238290000000001	0.012807448899999999	0.0038916262124100015	-0.372887	-0.04798899999999995	0.139044714769	0.002302944120999995	-0.000130623	0.00034593000000000004	1.1966756490000005e-07	1.7062368128999997e-08	0.00146812	-0.0003787	1.4341369000000006e-07	2.1553763344000004e-06	-0.0006874660000000001	2.440599999999993e-05	4.7260950115600005e-07	5.956528359999966e-10	0.0	0.0
5479.911910556716	12.145777890649695	30029434.54746136	147.519920568995	5471.250395309832	-23.326435616507297	29934580.888177995	544.1225985710602	4510.3831955981905	4.825786691166286	23.28821718863765	20343556.571134545	4490.321800582013	5364.665159579173	1.160516	26.285713	0.051718454999999934	0.0260995	0.0708702492	-0.1857915635	-0.1015053484	0.0263276579	0.0244967164	-0.0782207663	-0.1072546008	-0.0746487242	-0.0330605677	-0.0534916705	-0.1720835869	0.0500775804	0.0488260138	-0.023271648	-0.0632644706	0.1555468451	-0.0701228587	0.0547086827	-0.013319696	0.0967162826	-0.1334151193	0.0848948453	-0.0945942676	0.0174687224	-0.1679077723	-0.0033177690000000004	0.022387448100000002	0.049439361200000004	0.042205739900000004	-0.10161922710000001	0.11118446400000001	0.0324779762	0.1129502039	-0.0085966495	-0.0034280854999999997	0.0342569608	0.0007460348	0.0057525176	0.0070784546999999995	-0.0508639004	0.020094905	-0.0906495117	0.0748531504	-0.0121521409	-0.0054910877	0.0961881693	0.1670737402	-0.0031659676	-0.0677711796	0.0742003266	0.0106918351	-0.07153445309999999	0.0559698038	0.0138243428	-0.054973962800000005	-0.0515288081	-0.0028508158000000003	-0.0607006242	0.013336726799999999	-0.052386670499999996	-0.07468210139999999	0.0337257034	-0.0411949217	-0.08833247359999999	0.0601078565	-0.0007204666	-0.07920208570000001	-0.024358755299999996	-0.030804189	-0.037964320499999996	-0.0097275642	0.0206386343	0.0363503013	0.0542357558	0.08705697119999999	-0.0606400099	-0.041580587999999995	-0.0910068982	0.0404862241	-0.0376056165	0.040535859300000004	-0.051757198899999995	0.0341317198	0.0358633544	-0.0143043686	0.0037804063	-0.0619874575	-0.11853196349999999	0.0645126779	-0.005730502199999999	-0.06310396360000001	-0.017359392	0.037893007	-0.0118415755	-0.0320875458	0.076685367	0.0474516687	-0.0172039907	0.0068549171999999995	0.045993809299999994	0.0419558666	0.09220545460000001	-0.1317979403	0.09321271769999999	0.09135948529999999	-0.0264546389	0.1482749368	-0.0197601099	-0.0323415186	0.0438142503	0.06349323280000001	-0.1007910435	0.1263198946	-0.0479119359	0.0421202417	-0.031449498199999995	0.0032712871999999995	-0.020989679900000002	-0.0303045794	0.010174548299999999	-0.0214963301	0.0817113325	-0.0379413189	0.1171720131	-0.0242918325	0.0535715929	-0.039842927	-0.0665847548	-0.15789566730000001	-0.03434036	0.0515546496	-0.11436111939999999	0.0125473638	0.0370747146	0.08669189869999999	-0.039813396699999996	0.0194368082	-0.046343467199999995	-0.062127635199999996	0.0251695785	-0.0131318802	0.0100193654	-0.054790338200000004	0.038120461200000004	0.08443170900000001	-0.0017648511999999999	-0.10237355039999999	0.042328297	-0.034343882	-0.0155825031	-0.0476900608	-0.0326592491	0.0402508882	-0.0017181136999999999	-0.024677479300000003	-0.09704455890000001	0.0355395088	0.006716206999999999	-0.0031138834	-0.08475307779999999	0.038508148900000004	-0.0593491091	0.0226924231	0.0387474475	-0.0154568702	-0.0164411927	0.0601161807	0.027518266099999997	0.0825521076	-0.0063006848	-0.112475239	0.0353224891	-0.0070225565	0.0262844257	-0.0514226789	-0.0364986391	0.0025154476000000003	-0.0717666562	-0.0353684391	0.0355210406	0.0426763225	0.0087384547	-0.0466250324	-0.0916199402	0.0914702662	-0.0912209905	0.09087238460000001	-0.0904248282	-0.244162	-0.008319999999999994	0.059615082244	6.92223999999999e-05	-0.122215	-0.009044999999999996	0.014936506225000003	8.181202499999995e-05	-0.390632	-0.017745000000000066	0.15259335942399999	0.00031488502500000233	9.51151e-05	0.00022573810000000002	5.095768979161e-08	9.046882248010002e-09	0.00146812	0.0	0.0	2.1553763344000004e-06	-0.000793897	-0.00010643099999999992	6.30272446609e-07	1.1327557760999983e-08	0.0	0.0
5448.483135607632	-31.428774949084072	29685968.47900077	987.7678948001744	5466.835110378868	-4.415284930963935	29886286.12407113	19.4947410215972	4501.395661919271	-8.987533678919135	80.77576162970574	20262562.905145634	4481.376449915321	5343.964740653764	1.192733	27.015429	0.097267345	0.049243	0.0656166154	-0.11536196800000001	-0.0844022976	0.0738719929	0.0188133495	0.13452643890000002	0.060438835499999996	0.052105400999999996	0.0173236423	0.070795122	-0.13164694	0.054129686399999995	-0.014061198899999999	-0.0034191233	-0.15514619359999998	0.0319557163	0.0929500624	0.0272226553	-0.0555001113	0.0363285566	-0.0949024899	-0.0352896991	-0.1127787916	-0.0178722263	0.0251743754	-0.09651183949999999	0.07126804269999999	0.0380753043	-0.0371031557	-0.11327184439999999	0.0663203334	-0.0394898161	0.0411075359	-0.0644543094	-0.015438335400000001	0.1033756472	-0.0192426981	0.048778717199999995	-0.09882815789999999	-0.035682290299999996	0.09909516609999999	-0.036255701	-0.0031610040000000002	0.0313154804	0.0366415567	0.0075306438	0.0099208664	-0.106798428	-0.0351430141	-0.0203782074	-0.043924457400000005	0.005820530500000001	0.0381472837	0.014528730600000001	-0.0221323073	-0.06621279349999999	0.0227936933	-0.036076939599999996	-0.001514075	0.10877556570000001	0.1411512859	-0.026496114100000003	0.0440310113	0.0038106719	0.0513040442	0.0230154418	-0.0523591023	0.011203626299999998	-0.0345758777	0.023160523199999998	0.04582798230000002	-0.0155562287	-0.0007362986	-0.0579741258	-0.0444446494	0.0941809616	0.0595773273	-0.069740358	-0.0747795057	-0.1279235447	0.0087375556	-0.038431877999999996	-0.0435560666	0.0353257451	-0.024128689300000002	0.0547886135	-0.0105007176	0.0080418966	0.0397357362	0.0261431125	-0.0390235475	-0.0386555122	-0.0688024996	-0.0470689133	-0.024079176299999998	0.051907762999999996	0.030262294	-0.0008068113	0.12393931720000001	0.0355577793	0.0596325458	0.033084443	-0.094691969	-0.023368996	0.1181084933	0.0152586301	-0.0233441944	0.0659780962	-0.09558715289999999	0.04226276	-0.0480168816	-0.1108545182	0.0531599241	0.0539725495	0.028667371299999998	-0.0799613318	-0.0622729129	-0.0875837974	-0.0433429204	0.0053792439000000004	-0.08857466289999999	0.018297488400000003	-0.1134530127	0.0055290963	-0.0228469207	-0.0451335975	0.0176531974	0.0067936017000000005	-0.012064501000000002	0.0972790499	0.023506113199999998	0.021729135299999997	0.0411092115	0.0429980573	0.06646596610000001	-0.030680542	0.006258196800000001	-0.022751919199999998	-0.0790451563	-0.0137815745	0.1399951331	-0.0364098527	0.0808816322	-0.0843267909	-0.0337599446	0.025405020299999997	-0.0252979542	-0.0192029274	0.0183777047	0.05343196730000002	-0.0250526114	0.0531082835	-0.047624051900000006	-0.0315160073	-0.0335057456	0.11745554779999999	0.0569267738	-0.0195342851	-0.0299829184	-0.0716491827	0.0570556408	-0.0263057364	-0.0001024253	-0.0243864567	0.0742643536	-0.0386801631	0.0448938428	0.0340190774	-0.006420564300000001	0.0413369498	-0.0206724424	-0.0165755422	-0.0470200276	0.011068195900000001	-0.0515081225	0.0549849534	0.0688644546	-0.013379239	-0.008575484599999999	-0.0114864828	-0.012939060700000001	0.0684881576	-0.0843240193	-0.0916518812	0.09159798289999999	-0.0915081759	0.09138249529999999	-0.0912209905	-0.235338	0.00882399999999997	0.05538397424400001	7.786297599999947e-05	-0.08579830000000001	0.0364167	0.0073613482828900016	0.0013261760388899998	-0.373308	0.017324000000000058	0.13935886286399998	0.0003001209760000021	0.000325128	0.00023001290000000001	5.290593416641e-08	1.05708216384e-07	0.00100408	-0.00046404	2.153331216e-07	1.0081766464000002e-06	-0.000793897	0.0	6.30272446609e-07	0.0	0.0	0.0
5438.321497514175	-10.161638093457439	29575340.71032481	103.25888874240538	5476.676579257161	9.841468878293199	29993986.353783924	96.85450968241359	4494.75330346229	-6.642358456981128	44.12092587102872	20202807.25898517	4474.434386233357	5145.8372222696635	1.236299	28.002186	0.1884256	0.109759	0.0892417744	0.0218225566	-0.0732065669	0.0529271889	-0.024354842999999998	0.1111313814	0.087225621	0.039545443900000005	0.044036740899999996	0.0533593591	-0.065636765	-0.0379656414	-0.0912354426	-0.0219306058	0.0018489301000000002	0.1305152239	0.1148260814	0.09649079140000001	-0.0001107599	-0.0319651268	-0.06930583530000001	-0.0381377107	-0.0113785146	-0.11086622269999999	0.0959668983	-0.14167384560000001	0.052976980199999996	0.06449221349999999	0.0054752687	-0.1044548631	-0.0068793954	0.023617711099999997	-0.0179675371	-0.1400488837	0.15193870369999998	-0.0566810383	0.0303394139	0.0771269426	-0.0028929139000000003	-0.0291162523	-0.0409127626	-0.016877831200000002	0.0169835879	-0.0014491007999999999	-0.0106375371	-0.0172869693	-0.0708031784	-0.0704280947	0.0452410353	-0.1224067292	0.0149756156	0.0599627571	0.0013665857999999999	0.010238836500000001	-0.0013828069	0.0061295462	0.052667345899999995	-0.0227499845	-0.11067772570000001	0.0447737364	0.0762800101	-0.0349488177	-0.014352898700000003	0.0311851048	-0.055654326799999994	-0.0129594454	-0.10479731710000001	0.049332165899999995	-0.0842826321	0.012212586999999999	0.08448512539999999	-0.02685661	0.0407397069	-0.07944826990000001	-0.0108383552	0.0021041459	-0.0524610938	-0.0978429514	0.0600526509	0.11534129470000001	-0.0885418469	0.0311369737	0.010575861200000002	0.1213945057	-0.0008191136	0.0999205119	0.0054013724	0.041955404800000005	-0.0015787312	0.0656357589	-0.016671576100000002	-0.1172782427	0.039186995	-0.054796388200000004	0.0616513852	0.0336763029	-0.0342907415	-0.0204784667	-0.0644600574	0.012076500700000001	-0.0931078292	-0.0319127306	-0.0683722255	-0.0472006064	0.0254085697	0.11812825	-0.0830183216	0.1044928025	-0.0973545338	0.0609191214	-0.0028332815	-0.1352540069	-0.011534448000000001	0.0538556223	-0.0659818183	-0.08915278369999999	0.1572576844	-0.0196401747	0.0297011932	0.0246841852	-0.0627682876	0.0127621505	0.0533332064	0.00047283300000000003	-0.0009919206	0.0053365579	-0.0341778763	0.0131123153	0.0702246282	0.06477822679999999	-0.0301332264	0.1129581384	-0.0787298481	0.0654400292	-0.0043997467	0.0061800436	0.0236858369	0.07695898179999999	-0.056453768499999994	-0.0277893497	0.0799978983	0.055220427300000006	0.0153836027	-0.0812908697	-0.0392396349	0.0242975645	0.015174018899999999	0.08424647939999999	-0.0106831277	0.005348729	-0.0695890018	0.0888193891	-0.0237020654	-0.012569913500000002	-0.0166312175	-0.052540508099999994	0.0199672304	0.0406827943	0.1673229141	-0.0628311525	-0.0927023937	0.0696864484	-0.0030288291	0.0185512227	-0.0175835804	-0.0414287798	0.0653397171	0.0743742727	-0.0638029925	0.0380486653	0.07322956950000001	-0.08270988160000001	-0.042923751600000004	0.0159659828	-0.1298704199	-0.0276099643	0.0527474187	-0.0676400295	0.0095414923	-0.0029364688	-0.0009486178999999999	-0.0334648744	0.0571261426	-0.0916678532	0.09166186359999999	-0.0916518812	0.0916379066	-0.0916199402	-0.236609	-0.0012709999999999946	0.055983818881000014	1.6154409999999857e-06	-0.0146856	0.0711127	0.00021566684736000003	0.00505701610129	-0.307153	0.06615499999999996	0.09434296540899999	0.004376484024999995	-0.000573886	-0.0008990140000000002	8.082261721960002e-07	3.29345140996e-07	0.0009231930000000002	-8.088699999999986e-05	6.542706768999978e-09	8.522853152490004e-07	-0.0008117339999999999	-1.783699999999993e-05	6.589120867559999e-07	3.181585689999976e-10	0.0	0.0
