global_signal	global_signal_derivative1	global_signal_derivative1_power2	global_signal_power2	csf	csf_derivative1	csf_power2	csf_derivative1_power2	white_matter	white_matter_derivative1	white_matter_power2	white_matter_derivative1_power2	csf_wm	tcompcor	std_dvars	dvars	framewise_displacement	rmsd	t_comp_cor_00	t_comp_cor_01	t_comp_cor_02	t_comp_cor_03	t_comp_cor_04	a_comp_cor_00	a_comp_cor_01	a_comp_cor_02	a_comp_cor_03	a_comp_cor_04	a_comp_cor_05	a_comp_cor_06	a_comp_cor_07	a_comp_cor_08	a_comp_cor_09	a_comp_cor_10	a_comp_cor_11	a_comp_cor_12	a_comp_cor_13	a_comp_cor_14	a_comp_cor_15	a_comp_cor_16	a_comp_cor_17	a_comp_cor_18	a_comp_cor_19	a_comp_cor_20	a_comp_cor_21	a_comp_cor_22	a_comp_cor_23	a_comp_cor_24	a_comp_cor_25	a_comp_cor_26	a_comp_cor_27	a_comp_cor_28	a_comp_cor_29	a_comp_cor_30	a_comp_cor_31	a_comp_cor_32	a_comp_cor_33	a_comp_cor_34	a_comp_cor_35	a_comp_cor_36	a_comp_cor_37	a_comp_cor_38	a_comp_cor_39	a_comp_cor_40	a_comp_cor_41	a_comp_cor_42	a_comp_cor_43	a_comp_cor_44	a_comp_cor_45	a_comp_cor_46	a_comp_cor_47	a_comp_cor_48	a_comp_cor_49	a_comp_cor_50	a_comp_cor_51	a_comp_cor_52	a_comp_cor_53	a_comp_cor_54	a_comp_cor_55	a_comp_cor_56	a_comp_cor_57	a_comp_cor_58	a_comp_cor_59	a_comp_cor_60	a_comp_cor_61	a_comp_cor_62	a_comp_cor_63	a_comp_cor_64	a_comp_cor_65	a_comp_cor_66	a_comp_cor_67	a_comp_cor_68	a_comp_cor_69	a_comp_cor_70	a_comp_cor_71	a_comp_cor_72	a_comp_cor_73	a_comp_cor_74	a_comp_cor_75	a_comp_cor_76	a_comp_cor_77	a_comp_cor_78	a_comp_cor_79	a_comp_cor_80	a_comp_cor_81	a_comp_cor_82	a_comp_cor_83	a_comp_cor_84	a_comp_cor_85	a_comp_cor_86	a_comp_cor_87	a_comp_cor_88	a_comp_cor_89	a_comp_cor_90	a_comp_cor_91	a_comp_cor_92	a_comp_cor_93	a_comp_cor_94	a_comp_cor_95	a_comp_cor_96	a_comp_cor_97	a_comp_cor_98	a_comp_cor_99	a_comp_cor_100	a_comp_cor_101	a_comp_cor_102	a_comp_cor_103	a_comp_cor_104	a_comp_cor_105	a_comp_cor_106	a_comp_cor_107	a_comp_cor_108	a_comp_cor_109	a_comp_cor_110	a_comp_cor_111	a_comp_cor_112	a_comp_cor_113	a_comp_cor_114	a_comp_cor_115	a_comp_cor_116	a_comp_cor_117	a_comp_cor_118	a_comp_cor_119	a_comp_cor_120	a_comp_cor_121	a_comp_cor_122	a_comp_cor_123	a_comp_cor_124	a_comp_cor_125	a_comp_cor_126	a_comp_cor_127	a_comp_cor_128	a_comp_cor_129	a_comp_cor_130	a_comp_cor_131	a_comp_cor_132	a_comp_cor_133	a_comp_cor_134	a_comp_cor_135	a_comp_cor_136	a_comp_cor_137	a_comp_cor_138	a_comp_cor_139	a_comp_cor_140	a_comp_cor_141	a_comp_cor_142	a_comp_cor_143	a_comp_cor_144	a_comp_cor_145	a_comp_cor_146	a_comp_cor_147	a_comp_cor_148	a_comp_cor_149	a_comp_cor_150	a_comp_cor_151	a_comp_cor_152	a_comp_cor_153	a_comp_cor_154	a_comp_cor_155	a_comp_cor_156	a_comp_cor_157	a_comp_cor_158	a_comp_cor_159	a_comp_cor_160	a_comp_cor_161	a_comp_cor_162	a_comp_cor_163	a_comp_cor_164	a_comp_cor_165	a_comp_cor_166	a_comp_cor_167	a_comp_cor_168	a_comp_cor_169	a_comp_cor_170	a_comp_cor_171	a_comp_cor_172	a_comp_cor_173	a_comp_cor_174	a_comp_cor_175	a_comp_cor_176	a_comp_cor_177	a_comp_cor_178	a_comp_cor_179	a_comp_cor_180	a_comp_cor_181	cosine00	cosine01	cosine02	cosine03	cosine04	non_steady_state_outlier00	trans_x	trans_x_derivative1	trans_x_power2	trans_x_derivative1_power2	trans_y	trans_y_derivative1	trans_y_power2	trans_y_derivative1_power2	trans_z	trans_z_derivative1	trans_z_derivative1_power2	trans_z_power2	rot_x	rot_x_derivative1	rot_x_power2	rot_x_derivative1_power2	rot_y	rot_y_derivative1	rot_y_derivative1_power2	rot_y_power2	rot_z	rot_z_derivative1	rot_z_derivative1_power2	rot_z_power2	motion_outlier00	motion_outlier01	motion_outlier02	motion_outlier03	motion_outlier04	motion_outlier05	motion_outlier06	motion_outlier07	motion_outlier08	motion_outlier09	motion_outlier10	motion_outlier11
6748.887282037	n/a	n/a	45547479.54564076	5790.30057872214	n/a	33527580.79194995	n/a	4778.652596243765	n/a	22835520.63558728	n/a	4751.267596172987	9216.634151755608	n/a	n/a	n/a	n/a	0.0	0.0	0.0	0.0	0.0	0.0	0.0	0.0	0.0	0.0	0.0	0.0	0.0	0.0	0.0	0.0	0.0	0.0	0.0	0.0	0.0	0.0	0.0	0.0	0.0	0.0	0.0	0.0	0.0	0.0	0.0	0.0	0.0	0.0	0.0	0.0	0.0	0.0	0.0	0.0	0.0	0.0	0.0	0.0	0.0	0.0	0.0	0.0	0.0	0.0	0.0	0.0	0.0	0.0	0.0	0.0	0.0	0.0	0.0	0.0	0.0	0.0	0.0	0.0	0.0	0.0	0.0	0.0	0.0	0.0	0.0	0.0	0.0	0.0	0.0	0.0	0.0	0.0	0.0	0.0	0.0	0.0	0.0	0.0	0.0	0.0	0.0	0.0	0.0	0.0	0.0	0.0	0.0	0.0	0.0	0.0	0.0	0.0	0.0	0.0	0.0	0.0	0.0	0.0	0.0	0.0	0.0	0.0	0.0	0.0	0.0	0.0	0.0	0.0	0.0	0.0	0.0	0.0	0.0	0.0	0.0	0.0	0.0	0.0	0.0	0.0	0.0	0.0	0.0	0.0	0.0	0.0	0.0	0.0	0.0	0.0	0.0	0.0	0.0	0.0	0.0	0.0	0.0	0.0	0.0	0.0	0.0	0.0	0.0	0.0	0.0	0.0	0.0	0.0	0.0	0.0	0.0	0.0	0.0	0.0	0.0	0.0	0.0	0.0	0.0	0.0	0.0	0.0	0.0	0.0	0.0	0.0	0.0	0.0	0.0	0.0	0.0	0.0	0.0	0.0	0.0	0.0	0.0	0.0	0.0	0.0	0.0	0.0	0.0	0.0	0.0	0.0	1.0	0.0	n/a	0.0	n/a	0.0	n/a	0.0	n/a	0.0	n/a	n/a	0.0	0.0	n/a	0.0	n/a	-0.0	n/a	n/a	0.0	0.0	n/a	n/a	0.0	0.0	0.0	0.0	0.0	0.0	0.0	0.0	0.0	0.0	0.0	0.0	0.0
6677.350361414896	-71.53692062210393	5117.531012093199	44587007.84908764	5635.024145217446	-155.2764335046941	31753497.11718361	24110.77080193768	4776.524707032221	-2.127889211544243	22815188.27688925	4.527912496606381	4748.583727082448	8941.366925810778	1.4211790000000002	34.028904	0.05980329734	0.0381766	-0.0389748471	-0.041187874	0.0236643199	-0.035105993700000004	-0.0564591428	0.0361739582	-0.1257078208	0.1307835507	-0.0789716885	0.030353034100000002	-0.16562261220000002	0.0072822864	-0.1613575843	0.0030552363	-0.1488987259	0.2461955421	-0.0321716441	0.1914104614	-0.0466191413	0.1831444727	-0.0244711173	-0.0038380814000000003	0.058402148499999994	-0.0397797485	0.012490735800000001	-0.0405292649	0.056902329400000014	-0.0052581091	0.1141781874	-0.0223609346	0.0132539867	-0.014371989299999999	-0.0952680671	0.0614171022	-0.0010437116	0.013653470800000001	-0.127808179	0.2220823737	-0.0715037848	0.047308196100000005	-0.0909189675	0.0013446770999999999	-0.0074550430000000015	0.026417801499999997	-0.0175005188	0.0008252208	-0.0174537931	0.0820063641	-0.0935706512	0.049906368099999994	-0.0082668027	0.17947066620000002	-0.1251240051	0.048825153499999996	-0.1100801676	0.022633590699999998	-0.020711381100000002	0.010735244199999999	-0.0279372927	0.0303366893	0.0198406654	-0.0858384855	0.0732686197	0.0848202818	-0.07134214309999999	0.009098518100000001	0.0470993884	-0.0331383971	-0.0055637179	0.1381098715	0.0276139775	0.0390228202	-0.056928738	-0.0837939441	0.024924538700000002	-0.0591784068	-0.0018225961	-0.0160934698	-0.006576587900000001	0.0420679816	-0.0602905413	-0.050562707699999994	0.08790502060000001	0.09480977189999999	0.0035872927	-0.0049702438	-0.0715674017	0.0205624607	0.0339005754	0.028340624300000002	0.0034179543	-0.0657145062	-0.0271498907	-0.0256606856	0.0489664095	0.0592812809	-0.031866257200000005	-0.06276457719999999	0.0232539569	0.015587071899999999	0.0498399236	0.023683409500000002	-0.1218405698	-0.056649894699999995	-0.0050417534000000005	0.054268948899999996	-0.0442366756	0.0059090117	-0.0415705142	0.041102329300000004	-0.0257508451	0.10910430789999999	-0.060946428	0.010940636299999999	-0.0159720736	0.0799251161	-0.0678069153	0.013600129499999999	-0.0434175366	0.1515748848	-0.2182739954	0.0358742739	-0.0757944247	0.07454522599999999	-0.0080023276	0.0526945359	-0.003339714	0.0281453963	-0.0072231535	0.0342979498	-0.10649376990000001	0.0810258117	-0.0308831825	0.030140212799999996	-0.0391124868	0.1576339417	-0.0359538539	0.1252130707	-0.0419643571	0.0775200028	-0.0485399484	0.052723148	-0.055433475499999996	0.0321050235	0.0039866886	-0.12941653050000002	0.0616251515	0.0677440726	-0.0366944413	-0.030027934300000007	0.08617757960000001	-0.060933558600000014	-0.0533973522	-0.0254475558	0.0590273087	0.0273192737	0.1007361087	-0.0796940117	0.0406576436	0.005349988000000001	-0.0001051162	-0.0118611513	-0.011236411799999999	0.0707556891	0.044803334699999996	0.07091906889999999	-0.0657787327	0.0261480025	0.003695685	0.035602132	-0.0065676939	-0.009145248	-0.0185941794	-0.030026564199999998	0.0409885433	0.032459243900000004	0.101965338	-0.0170547731	-0.033756709100000004	-0.053205411200000004	0.061604618	0.0051931311	0.0499286543	-0.1337214987	0.0384118372	0.056082924400000005	0.0010904703	0.09186102480000001	0.09185497179999999	0.09184488380000001	0.09183076130000001	0.0918126049	0.0	1.78734e-06	1.78734e-06	3.1945842756000007e-12	3.1945842756000007e-12	0.0249712	0.0249712	0.0006235608294400001	0.0006235608294400001	0.0289891	0.0289891	0.0008403679188099997	0.0008403679188099997	6.50134e-05	6.50134e-05	4.22674217956e-09	4.22674217956e-09	-0.0	0.0	0.0	0.0	5.18108e-05	5.18108e-05	2.6843589966400003e-09	2.6843589966400003e-09	0.0	0.0	0.0	0.0	0.0	0.0	0.0	0.0	0.0	0.0	0.0	0.0
6650.349583267373	-27.000778147522396	729.042020571723	44227149.57966453	5595.262334276988	-39.76181094045751	31306960.58937877	1581.0016092646865	4773.998894205823	-2.525812826398578	22791065.441878416	6.379730433999574	4746.071724835799	8795.569883241482	1.226333	29.363476	0.07829428944000001	0.0410766	0.0064137134999999994	-0.0890814365	0.056519949000000014	0.0043740076	-0.0795128712	0.08123751280000001	0.0274905543	0.17439375629999998	0.0108280435	-0.0429545008	-0.05922371	0.0291521327	-0.0831455405	-0.077957191	-0.14607326269999998	0.0376975691	-0.0061940353	0.0245083952	0.11362134619999999	0.055980464900000006	-0.1332723595	0.0110312906	0.08385865349999999	-0.0247520569	0.0050690137	0.09083207130000001	-0.0062163643999999995	-0.022158202000000002	-0.0246968253	-0.1562205214	-0.030681638100000002	0.0069241054	-0.13803762619999999	0.0720996482	0.0368728382	-0.0912859807	-0.09722480230000001	0.2145207568	-0.0363933989	0.0290967515	-0.05833859280000001	-0.0017111586	0.10171208150000001	-0.032788975	0.046810404400000005	0.0541823078	0.1730524815	0.03888479	-0.015188768799999999	-0.051606435	0.026551511200000003	0.0260594858	-0.0160178935	0.0107258151	-0.017039745800000002	0.005560461500000001	-0.0016676084	-0.0870356292	-0.0063393753	-0.0101732371	-0.0277249376	-0.0399689945	0.029294114	-0.0672104143	0.0396063646	-0.009762346600000001	0.131890952	0.008840785799999999	-0.0536706245	0.0692265618	0.0797099825	-0.11851951349999999	-0.000798581	0.0071940216	0.04545469059999999	-0.011426861100000001	-0.0375572064	0.08268740320000001	0.0027876221999999997	0.0408179858	0.047376863899999996	0.07587944860000001	-0.0198422488	0.042762205	0.0450195963	-0.1533385669	-0.013630388	-0.0040308936	0.0212417876	-0.053405489699999996	-0.11730653619999999	0.0090751092	0.0501989163	-0.0207469073	0.09559763550000001	-0.0752653644	-0.0663550234	0.0971540432	0.031735360899999995	-0.05929213940000001	-0.09811249429999999	-0.0871211649	-0.09516509349999999	-0.1250300344	0.0115485469	0.0820197278	-0.0258548729	0.0175971559	0.0995149682	0.0062528201	0.0222661163	-0.0575239586	-0.1262731618	-0.0183829127	0.0419504298	0.136119842	-0.079966982	-0.045455446600000005	-0.1160056107	0.058378245499999995	-0.2111901616	0.0198305649	-0.047190137400000005	0.067411738	-0.07313178719999999	0.0102869918	-0.09720242539999999	-0.04219398059999999	0.1514308811	0.09671425089999999	-0.004033620900000001	0.006265466700000001	-0.0372742906	-0.0401429657	0.0312379611	-0.0034800764	-0.00967861	0.0196022868	-0.0050558738	0.0038283156	-0.0775385722	0.0406431283	-0.004362882199999999	-0.0383686179	0.022723836	0.0297376184	-0.0510186322	0.0429330129	0.0179155352	-0.0933914566	0.015391066799999999	-0.0457544291	-0.0490281138	-0.0799976033	-0.1405410651	0.0694623766	0.0379352249	0.0023301972	0.026155923199999997	0.0008126322	0.0781086745	0.0172575795	-0.0537514362	-0.0245543316	0.0352420284	0.0014269832999999998	0.12335197029999999	0.1153973771	0.026665735299999997	0.104240607	-0.0625926895	-0.009086594	0.0331663675	0.0154503588	-0.0975041052	-0.133965317	0.0967921666	-0.0579785642	0.0429852115	-0.0153452332	-0.044291786799999996	-0.0136130759	0.017968115	0.0485172233	0.00018784729999999999	0.162098781	-0.1214549928	0.09184488380000001	0.0917904153	0.0916996582	0.0915726486	0.0914094366	0.0	-0.00567852	-0.005680307339999999	3.2245589390400004e-05	3.226589147685788e-05	2.84879e-05	-0.024942712100000004	8.115604464099998e-10	0.0006221388869034866	0.0585436	0.029554500000000008	0.0008734684702500003	0.0034273531009600005	0.000186305	0.0001212916	3.4709553025e-08	1.4711652230559999e-08	-0.000189233	-0.000189233	3.5809128289e-08	3.5809128289e-08	0.0	-5.18108e-05	2.6843589966400003e-09	0.0	0.0	0.0	0.0	0.0	0.0	0.0	0.0	0.0	0.0	0.0	0.0	0.0
6639.765186198655	-10.584397068718317	112.02946130829292	44086481.72785566	5537.4150795626465	-57.847254714341936	30662965.76336779	3346.3048779859564	4774.480140818698	0.4812466128751112	22795660.61507213	0.2315983024037671	4745.383593026564	8555.606337001202	1.530804	36.653767	0.1529585779	0.0727012	0.039679120899999996	-0.0318250532	-0.0818180368	-0.0123961626	-0.0316797354	-0.09877085810000001	-0.0328410101	0.016237024	-0.0390960058	-0.1034676248	-0.076764227	0.0107971034	-0.0010999224	-0.040475051899999996	-0.1337405882	-0.1130657805	-0.1115162143	-0.0829365826	-0.0863999341	-0.0181627878	0.0944281451	0.0134270511	0.0450640172	-0.054060443799999996	0.006753030699999999	0.0783849907	-0.020651037	0.1022368983	0.0184166115	-0.0145970106	-0.0155389542	0.0901570253	-0.0274870025	0.023010372400000003	-0.027813270499999997	-0.07378154469999999	0.11636170300000001	0.0933834942	-0.0597857808	-0.0774147316	0.0846920368	-0.05017759980000002	-0.030302011400000002	0.0823055429	0.013845629299999999	0.0089291562	0.0951821531	0.021957285	0.06490157690000001	-0.1168722084	0.013361256100000002	-0.0015700682	0.0040997416	0.0966643992	-0.09128015880000001	0.0301281269	0.0965454945	0.2015135382	-0.0714212289	-0.1111382562	0.00219457	0.0481981455	0.0528942755	-0.018831388600000002	0.059948598	-0.1689562305	-0.0333194402	0.0270824518	0.0613190905	-0.0466827484	-0.023975880800000002	-0.1135242968	-0.0517446045	0.1455431179	0.12194869050000001	0.0417796073	-0.0128230391	-0.0256850716	0.020524401499999997	0.10353926640000001	-0.0281616652	-0.08623876609999999	-0.11722277619999999	0.0049588348999999995	-0.07663650179999999	-0.0237063918	0.0487471176	0.0103440111	0.017630904399999998	-0.024054806600000003	-0.0065739571	-0.010174490100000001	-0.1439007126	-0.0636539098	0.0043120368	-0.0475532484	-0.17705812329999998	0.025194434300000002	-0.1022422932	-0.0435563754	0.1000896962	0.0322607255	-0.0011707818	0.09695678939999999	0.015211039499999999	0.048393683300000004	-0.0507850075	0.0089217501	0.0643285856	-0.0692877497	-0.06650268690000001	0.0063193861	-0.0016500660000000002	-0.023878362	0.1128997432	0.0337221738	-0.0191773948	0.0312044883	-0.0290954208	-0.1385339555	-0.10923930550000001	0.015457831000000003	0.0804270931	-0.0502660734	0.0749285941	0.0273110523	4.07056e-05	0.0716913698	0.038288231	0.041090349500000005	0.0064785776	-0.055881502300000004	-0.10595593449999999	-0.067661421	0.0224441104	-0.0666149494	-0.034359835400000004	0.19974813100000002	-0.046476633200000006	-0.064554364	0.1902121327	-0.0839078192	0.1239339683	0.0018402882	-0.0136933923	0.030397827599999996	0.0291426543	0.0904346797	0.1043922727	0.031464738	-0.1361435586	-0.0018012911999999999	0.0231777619	-0.06295546099999999	-0.037676961200000005	0.1154184918	-0.1330358641	-0.0545891538	-0.0307374346	-0.0378967952	-0.0043739213	-0.026420156	0.0361519545	0.1561542902	-0.051368044	0.023330952599999996	0.0600762291	-0.0548200158	-0.0930362639	0.0490819746	-0.0492540405	-0.011125056599999999	-0.0156308101	0.0231589598	0.1586945444	-0.072490444	0.0329563186	0.0145980864	0.1028789731	-0.12520741859999998	-0.0146814061	-0.1501712221	-0.0472685213	-0.0401589236	0.12104095849999999	-0.0705238925	0.1007522919	0.0918126049	0.0916613475	0.0914094366	0.09105714849999999	0.09060487029999999	0.0	-0.0333871	-0.02770858	0.0011146984464099998	0.0007677654056163997	-0.0284798	-0.028508287900000002	0.0008110990080399999	0.0008127224789892863	0.00772049	-0.050823110000000005	0.0025829885100721005	5.96059658401e-05	0.000542039	0.000355734	2.93806277521e-07	1.2654667875599999e-07	-0.0	0.000189233	3.5809128289e-08	0.0	-0.000373405	-0.000373405	1.39431294025e-07	1.39431294025e-07	1.0	0.0	0.0	0.0	0.0	0.0	0.0	0.0	0.0	0.0	0.0	0.0
6657.497008517789	17.731822319134153	314.41752275734416	44322266.41842331	5549.110451310631	11.695371747984607	30792626.800844874	136.78172032355658	4773.259796693675	-1.220344125023075	22784009.08673214	1.4892397834783353	4745.327559119986	8721.52156473963	1.419442	33.987305	0.10492861	0.0542142	-0.011067291399999998	-0.010726216799999999	-0.1054343176	-0.033203241800000005	-0.0337652157	-0.09784533960000001	-0.10602336970000001	-0.0802865493	-0.0324368515	0.004875059	-0.026605618199999997	-0.0188592319	0.0032641	-0.0604810266	-0.18843215789999998	0.1536762096	0.047678416200000004	-0.1145848332	0.0129424627	-0.131099697	0.07825741580000001	0.0207753387	0.049037389699999996	-0.0126385692	0.0086434218	0.0014696412	0.0701065771	0.0870066853	-0.0153942419	-0.0020326248	0.0564394508	0.1547247733	-0.0167449138	0.06373307730000001	0.0053317007	-0.0008470403	0.0105536994	-0.0115424204	0.0544696396	-0.1010614544	-0.1321214624	-0.0850040327	-0.0722300236	-0.0288033595	0.0793282242	0.0136247376	-0.13721275	-0.1047702101	-0.0743944652	-0.0108909166	0.0595381945	0.0792533666	0.0288899108	0.13166107	0.1194112909	0.0687732954	-0.0628528805	0.0680036342	-0.0519731566	-0.0232926823	-0.0039944079	0.1276592494	-0.11190225220000001	-0.153407585	-0.0660861045	-0.06835619400000001	-0.0773029121	0.0076850461	0.0029470178000000004	-0.12959252470000002	-0.0512294693	-0.0339060416	-0.0489100705	-0.039296635499999996	0.0695476159	0.0785001223	-0.0099474727	-0.0101831015	-0.0441966137	0.015059110300000001	-0.0390102414	-0.0167194964	-0.0260532041	0.0109372039	-0.0131216045	-0.1036570411	-0.0378810362	-0.0275957785	-0.0343047873	-0.0107521477	-0.0464779825	0.0407407939	0.014599206399999997	-0.0602196296	-0.017692944199999998	0.05782261320000001	-0.0420333613	0.067160384	-0.0353477629	0.0047470828	-0.0788510871	-0.0014935451	-0.16033206460000002	0.050599312699999996	0.018307321100000003	0.0478753963	-0.011058491	0.0028671766999999997	-0.0159470052	0.0016445607	-0.11869983449999999	-0.0055357843999999995	0.0274842427	0.055931628399999996	0.1488813948	0.0125062379	-0.0646556741	0.008846866	0.0297136535	0.0140083343	-0.0004359712	-0.05926211980000001	-0.0126091337	0.1855837074	0.0667443689	-0.08968804429999999	0.0572296215	0.047713994800000006	-0.0571250647	-0.1370916911	0.0455347526	0.13415787	-0.09405572359999999	0.1306390929	-0.0637984338	-0.0237446798	-0.10623629720000001	-0.0126846708	-0.0417578693	-0.033622872799999995	0.1014093006	-0.016343153899999997	0.1363170156	-0.0357962098	0.0049013084	0.0474056822	-0.1562474423	-0.0833854799	0.1277013531	0.027500646200000003	-0.0023525932999999997	0.0781429317	0.1042050762	0.0168252024	0.024699890800000002	0.0207316443	0.0027855577000000004	-0.039501031	0.0313535543	0.0121042697	-0.0011036919	-0.0196217072	0.0848885184	-0.0119772395	-0.046367835999999996	-0.0647906152	0.0543861937	0.0762146839	-0.01505255	0.0689575674	-0.0155112687	0.08608810619999999	0.0020868578	-0.0501335904	-0.07201879929999999	-0.05716143150000001	-0.037370751699999996	0.0750640801	-0.0249409927	-0.0310865029	-0.0883574742	-0.041350572599999996	0.027927246099999997	-0.0833149681	-0.041141616	0.155026503	-0.0456809257	0.0917641935	0.09146785939999999	0.09097467779999999	0.0902857102	0.0894024392	0.0	-0.0408371	-0.007450000000000004	0.0016676687364100002	5.550250000000009e-05	-0.025371200000000003	0.003108599999999996	0.0006436977894400003	9.663393959999975e-06	0.0382087	0.03048821	0.0009295309490041	0.00145990475569	-0.00014975	-0.0006917889999999999	2.24250625e-08	4.785720205210001e-07	-0.000296917	-0.000296917	8.8159704889e-08	8.8159704889e-08	-0.000662335	-0.00028893	8.348054490000001e-08	4.38687652225e-07	0.0	0.0	0.0	0.0	0.0	0.0	0.0	0.0	0.0	0.0	0.0	0.0
6669.9020455649	12.405037047110454	153.88494414018282	44487593.29743084	5576.551374815344	27.440923504713282	31097925.23595491	753.0042827915261	4780.82980366224	7.5700069685653935	22856333.61158513	57.30500550412864	4753.27130665839	9006.925676593817	1.320451	31.61706	0.1310596	0.0779113	-0.065725591	-0.0315183512	-0.009275667900000001	-0.0207018928	-0.08661660060000001	-0.0084490902	-0.0274892581	-0.0065173313	0.0130823323	0.0572561764	0.0853427407	-0.14830865470000001	-0.0978742593	-0.055811281500000004	0.0087785809	0.09800485789999999	0.0416129248	-0.0403937629	0.0119917155	0.13305743650000001	0.054797909299999996	-0.0286921375	0.0316849643	-0.0041786714	-0.0614181934	-0.050067302	0.09607959869999999	-0.009710910500000001	0.10185798859999999	-0.0255674709	0.13547335359999998	0.0338716421	-0.07552654980000001	0.1556304001	-0.018120061399999998	0.041616184	-0.0305796577	0.08304690769999999	0.0077879944	-0.1045278117	-0.0385452298	-0.046268246799999996	0.0341234561	-0.0570575563	-0.035830371	-0.0621523874	-0.0117701785	-0.07218805980000001	0.0395866708	-0.140860924	0.0846661813	-0.015997173899999998	0.0336490015	0.07352544280000001	0.0900422406	0.0213197184	0.11956248800000001	0.004305274600000001	-0.0740551406	-0.0613100473	0.011948291599999999	0.0049615342	-0.0780823271	0.15118161800000002	-0.0498378129	0.0284101696	-0.0533584016	-0.0400332932	-0.11252700970000001	-0.0979422649	0.0764177759	-0.1674533519	0.0024990007999999998	0.0821158124	0.0372146209	-0.0611004907	0.0005144959	0.0538915509	0.0626444725	-0.053275397599999996	-0.0062765035	0.1057454099	-0.0138807853	-0.0738458619	-0.053551252599999995	0.0860325014	0.0393838091	0.057990382699999996	0.0074428681000000005	0.0050719797	0.0397777785	0.1205496201	0.06838937219999999	-0.05370711400000002	-0.0232330918	-0.0270538283	0.0083522452	-0.0441729414	-0.022039073399999998	-0.0085690723	-0.0677663396	-0.0150747171	-0.029424888700000002	0.0007093272	-0.0291447028	0.0281022273	-0.0067829493000000005	-0.0658002411	-0.0391038288	0.0843919164	-0.0500102378	0.0938791048	-0.0616807667	0.1259279183	0.020944253200000002	0.0846622562	-0.1492457822	0.0159794153	0.049525525199999997	0.0496743454	-0.0755692009	-0.031196498599999997	0.040927098700000004	0.0866522416	0.0362500478	0.0012943797999999999	-0.021214040299999997	-0.0984433877	-0.0408767093	-0.0131481529	0.0694754632	-0.030520366	-0.1244835313	-0.0257529839	0.0148123634	-0.056318807400000004	-0.0782382692	-0.0214205908	0.0017396929999999998	-0.1767057448	-0.038849124900000004	-0.021749130800000002	0.0753588387	-0.0433358582	0.019580226399999998	-0.0477583168	0.131439749	-0.0368553241	0.063383281	0.0778481798	0.0862898064	0.1103996786	-0.0338014981	-0.025306437200000004	-0.1654990141	0.1122605632	-0.0729991404	0.026160146800000002	-0.0186244903	0.0498888204	-0.0206579608	-0.0445259366	-0.0774733851	-0.0414567978	0.0807466309	-0.10217985130000001	-0.0433899842	-0.11612115	0.0346469606	-0.0882922535	-0.0369428213	0.0082044574	0.0370946288	0.0971656409	-0.0793110802	-0.017173025800000002	-0.1078840007	0.0353482693	0.010229826	-0.0061463611	0.041283795	-0.006699604499999999	-0.030997814	-0.0079975337	-0.0721093082	0.0566663554	-0.0264784646	0.0916996582	0.0912100867	0.0903960694	0.0892605018	0.0878074234	0.0	-0.0288969	0.011940200000000002	0.0008350308296100001	0.00014256837604000004	0.047935000000000005	0.07330620000000003	0.002297764225000001	0.0053737989584400035	0.024473	-0.0137357	0.00018866945449000003	0.0005989277289999999	0.000311715	0.000461465	9.7166241225e-08	2.12949946225e-07	-0.00040408	-0.00010716300000000003	1.1483908569000005e-08	1.632806464e-07	-0.000735257	-7.2922e-05	5.317618084000001e-09	5.406028560490001e-07	0.0	0.0	0.0	0.0	0.0	0.0	0.0	0.0	0.0	0.0	0.0	0.0
6655.381698182947	-14.520347381952886	210.8404880925861	44294105.54850853	5526.7690478572995	-49.7823269580449	30545176.10835348	2478.280077357685	4780.979785058673	0.14998139643284958	22857767.705139674	0.022494419275947586	4752.583396327047	9046.43898470108	1.2780220000000002	30.601118	0.08256515	0.065466	-0.0648766533	-0.0154892017	0.0778277062	0.0372862603	-0.0470708903	0.071889612	0.021224108399999997	0.0138993876	0.0028052577	0.058788637699999986	0.0378584834	0.0145098676	-0.0129983926	-0.013455671	-0.018311597199999998	-0.0543980646	-0.0788057401	0.027384846	0.0535119499	0.0325560202	0.1144691809	-0.062019675499999996	-0.023073086099999997	-0.0333908302	0.0309062557	0.1054571851	-0.0860182981	0.0340504815	0.0828572337	-0.10598779230000001	0.0264165118	-0.0769408458	-0.14340863539999998	0.0076051673	0.0290067954	0.09340399890000001	-0.0394879668	0.0443298198	-0.1357762207	-0.074218958	-0.0791672674	-0.0010552301	-0.1265028582	-0.0574040159	-0.014550945400000001	-0.0072310387	0.0084938912	0.026244704900000002	0.041847522799999995	-0.013600485700000001	-0.0902302992	-0.054922199000000005	0.0540126178	-0.12932914140000001	0.0543261857	0.0676112011	-0.053947897800000005	0.0341182547	-0.0288164185	0.0758920706	-0.026103436600000002	-0.0097363755	-0.05778671780000001	0.0289497313	0.0433301415	-0.0384700983	-0.1381232268	-0.0033357183	0.0026860317	-0.037455392000000004	0.0105847046	0.0115847711	0.0768429672	0.053553880400000003	0.047598839500000004	0.0708339583	0.0027686809000000002	0.021825632999999997	-0.0127042197	-0.066907229	0.0437961636	-0.0848471905	-0.013489523500000001	0.1139932649	0.0494218024	-0.132241191	0.0161530128	-0.0530691875	-0.0203519917	-0.1107661583	-0.0039550355	-0.038843704900000005	0.0163057203	-0.0143870371	-0.0490002754	-0.07252778110000001	0.09301052859999999	-0.0781086091	0.10231709130000001	0.08014107150000001	0.0128207127	-0.06765814889999999	0.2378719493	0.0760116416	-0.061252653899999995	-0.026348351800000003	-0.0348160396	0.030480276	0.10299382480000001	-0.1033389105	0.024999055899999997	0.0496272359	-0.1099302811	0.021448790899999997	-0.0385049196	0.1487219403	-0.0008552061	-0.0174822505	0.0610754109	0.0889263924	-0.06607986269999999	0.1010990941	0.0730263882	0.0890881467	0.0365127975	0.0379920277	0.12871744289999998	0.0096312499	-0.020651839499999998	0.0294506081	-0.002911762	-0.0156985038	0.0565762118	-0.0698124413	-0.0481714773	-0.0526732641	0.066229448	-0.1313464743	-0.0793850652	0.0385084335	0.08616233039999999	0.0394291814	-0.0056353338000000005	0.0403828087	0.0778179979	0.0444959259	-0.0273127677	-0.025490354	-0.0098535041	0.1627047884	-0.0383705097	0.1013061281	0.011301838600000001	0.0033773397	-0.005983746999999999	-0.0441782242	-0.0851106104	-0.0244391959	-0.0044887044	-0.0262158526	0.09666004789999999	-0.0715525341	0.008540375400000001	-0.0346949123	-0.046043318300000004	0.0636665845	0.044392726900000005	0.0836351226	-0.0492199004	0.1086852405	-0.0144337712	-0.1145092439	-0.1012081291	-0.0085750828	-0.0273899128	0.012911444199999999	0.0307109562	0.0290760529	0.0306857835	0.0752522508	0.09155277699999999	0.17529709010000002	-0.1180492519	0.1479309444	-0.044765781399999996	-0.1568391677	-0.0132556047	0.09161901039999999	0.0908882107	0.0896745262	0.087984405	0.08582682679999999	0.0	-0.0372212	-0.008324299999999995	0.0013854177294399994	6.929397048999994e-05	-0.016198299999999995	-0.0641333	0.00026238492288999983	0.004113080168890001	0.0254684	0.000995400000000004	9.908211600000078e-07	0.0006486393985600001	0.000433107	0.00012139199999999995	1.87581673449e-07	1.4736017663999987e-08	-0.00036469	3.939000000000004e-05	1.5515721000000032e-09	1.3299879609999998e-07	-0.0007567179999999998	-2.1460999999999743e-05	4.605745209999891e-10	5.726221315239996e-07	0.0	0.0	0.0	0.0	0.0	0.0	0.0	0.0	0.0	0.0	0.0	0.0
6625.952169320941	-29.429528862006013	866.0971690396448	43903242.15012888	5560.803097500065	34.03404964276523	30922531.089166313	1158.316535086209	4773.719987359754	-7.259797698919102	22788402.51771801	52.70466262923107	4745.974717519273	8784.250776332225	1.364149	32.663357	0.05925804	0.0302179	-0.0024437069000000002	-0.0311706283	0.029669903900000006	-0.16807268760000002	0.0077127517	0.0881358315	-0.048478556900000004	-0.0271317853	0.0767852229	-0.0636213073	0.022935486600000003	-0.0761994986	-0.0188236012	-0.0087646971	-0.0754640714	-0.066590035	0.1462255818	-0.067142016	-0.0498425053	0.0920590253	0.0566142195	-0.009681216999999999	0.0043604302	-0.0312257063	-0.0148609679	-0.13761776050000002	-0.058096210499999995	0.0488616346	0.0221506236	-0.040791761	0.009351696	-0.0396882084	-0.0286386642	0.055842343600000004	0.0133157973	0.055714008499999995	0.021452617	-0.07610872769999999	-0.059308064800000004	-0.0797372322	-0.034960543999999996	-0.0814417179	0.0545991237	-0.028497286400000002	0.1671354511	-0.0187742375	-0.09749598289999999	-0.0222518145	-0.09108895859999999	0.0544971939	-0.0561212296	-0.0701263999	0.0051255157	0.1111449177	0.0045351668	-0.0742726101	-0.0064533613	-0.055247678	-0.0154320118	0.0559651455	-0.05669891780000001	-0.0629327676	-0.0605132653	-0.0585624204	-0.0033922195000000003	0.0380072069	0.034675011400000004	0.11113641619999999	0.0451910808	-0.008971226700000001	0.07722137820000001	-0.022670998900000003	0.0166802406	0.0380564012	-0.0702912165	-0.1212963741	-0.1064692991	-0.0050933516	-0.11090381099999999	0.107529235	0.0522225264	0.035626643300000004	-0.0027093602	-0.0689469945	-0.0497968616	-0.0057690312	0.049380584000000005	-0.08548008259999999	-0.003897375	0.10867297890000001	0.0119021549	-0.0271975686	0.029001115	-0.0072686039	-0.0200720811	0.051796502800000005	-0.0205520422	0.07296177400000001	-0.0117628218	0.0242523158	0.0388022374	-0.05029230690000002	0.1083183517	-0.007255635600000002	-0.009363626	0.000744619	-0.0356996443	-0.030032785099999997	-0.13334306	-0.0728244681	0.003812393	-0.0070703628000000004	-0.0654645493	0.006955855899999999	-0.0369469184	0.033248764	-0.0585199363	-0.0027345259	0.0514081146	0.008774172299999999	0.060817218	0.0555292809	0.037249318999999996	0.1005149177	0.0535564052	-0.13153894130000002	-0.0789366211	0.060934757699999995	-0.0583931958	-0.0316901011	0.0044243890999999995	0.0828186264	0.11732603890000001	0.0169707369	-0.0035385123	-0.11250137630000001	-0.0594161579	0.056647445199999986	0.09198158	-0.0408653441	-0.059743462000000004	0.0525548331	-0.0413712997	-0.0195505924	0.10189072210000001	-0.0172089643	-0.0826181062	-0.0583025326	-0.0158630499	-0.0673439594	-0.038370242799999996	0.0097794613	-0.0367803413	-0.061151616	-0.0470678999	0.0072709052	-0.0335791495	0.10470489699999999	0.023072363199999998	0.1285293387	-0.0970889832	0.16924723989999998	0.041038050699999995	-0.0094530007	-0.0108691725	0.0126824869	-0.0021713629	-0.0291595261	0.008508192099999999	0.0330277194	0.0118871251	0.0367473987	0.048950290199999996	-0.0370377089	0.025919434300000002	0.056998971399999994	0.0503327588	0.0188759071	-0.0149423927	-0.0749520286	-0.0401242554	0.0241451033	-0.06584093740000001	0.0621182911	0.0744901219	-0.0887575628	0.0341492857	0.0915222642	0.0905024577	0.0888111892	0.0864610066	0.0834693467	0.0	-0.028896	0.008325199999999998	0.0008349788159999999	6.930895503999996e-05	-0.00115191	0.015046389999999996	1.3268966480999997e-06	0.0002263938520320999	0.0052652	-0.0202032	0.0004081692902400001	2.7722331039999998e-05	0.000487764	5.465700000000006e-05	2.37913719696e-07	2.987387649000006e-09	-0.000109437	0.000255253	6.515409400899999e-08	1.1976456969e-08	-0.000760473	-3.755000000000251e-06	1.4100025000001885e-11	5.78319183729e-07	0.0	0.0	0.0	0.0	0.0	0.0	0.0	0.0	0.0	0.0	0.0	0.0
6609.817443131873	-16.134726189067806	260.3293891961905	43689686.63153037	5534.684069893225	-26.119027606840067	30632727.75352983	682.2036031268734	4763.00521280789	-10.71477455186414	22686218.65723513	114.80639369727535	4734.641250849768	8523.318662929714	1.17085	28.034979	0.07232186	0.0494606	0.06274007599999999	-0.0075826984999999986	-0.0065973688	-0.024715558	-0.10216200800000001	-0.0012805504	0.05863081360000001	-0.0204276755	-0.08803591	0.0105073498	-0.0266148606	-0.041106964100000004	0.0210207169	-0.044688491600000005	-0.0838321537	-0.1468738298	0.0468707259	-0.0693982081	0.0202210598	-0.0356660525	0.044200480199999996	0.0764633596	0.0007149678999999999	-0.0139262226	-0.0217689814	-0.046583232800000006	-0.0722950792	-0.0248537375	0.1353404721	0.039815622200000005	0.0306900981	0.0125488326	-0.0753328779	0.0213660193	-0.0310556475	0.0455580008	-0.0051135046	0.0531721849	-0.019650328600000003	-0.09902753560000001	-0.08932961130000001	-0.053733664	0.021501876899999998	-0.0209103826	-0.0211385638	0.070917914	-0.0866820164	-0.016428592	-0.0949652027	-0.0553787527	-0.0286186892	0.0024218657000000003	0.0283468429	-0.1062759178	-0.0553755102	-0.0600898163	0.0297054031	0.0150945514	-0.097084096	0.1107548041	0.0253080897	-0.0504138367	0.0366937653	0.0458395866	-0.06342270030000001	0.1421547669	0.07371987769999999	-0.040300913199999996	-0.1341204844	0.0864662771	-0.08821146140000001	0.0309898498	0.0586761634	0.1067354974	0.0329693642	0.1708866848	-0.0335767881	0.053084378700000004	-0.0714781254	0.0179137282	0.04272726190000002	-0.0131824657	-0.013098089399999999	-0.07519698820000001	0.08445623109999999	0.049712461	0.0424128346	0.1131224552	0.054424291500000006	0.0192101686	-0.036073150400000004	0.0018887406	-0.0825190484	0.030050224500000007	-0.1404463655	0.0655397108	-0.037366910499999996	-0.0086613098	0.037197637799999995	0.0778291633	-0.0484718854	0.028194039599999998	-0.0182474102	-0.0463586737	0.0768821504	-0.0014846363	-0.014093690700000001	-0.0365225612	-0.046130721799999996	-0.0440313034	0.0655680505	0.13887807619999998	0.0053618027	0.0164596881	0.0078787852	0.0818203207	-0.0154275396	0.0339070955	0.053610808499999996	0.0098201354	-0.04547671599999999	-0.019000371000000002	0.0375826558	0.1204716243	0.0478363951	0.0382776806	-0.0158186948	-0.0134975306	0.000747655	-0.0915293513	-0.044740616100000005	0.0899604575	0.0068570341	-0.1139037947	-0.0355845102	-0.0126625377	0.08479526470000001	-0.023117185	0.0399437843	0.0113522451	-0.0343824513	0.12393491390000001	-0.0344276665	0.1109093016	-0.0084755229	-0.0638472433	0.0477042245	-0.0025589145	-0.0918123409	-0.0772437691	0.1053448041	0.0054110477	-0.0777024177	0.12701455080000001	-0.0577990378	0.057346818099999995	-0.1392622001	-0.0151882786	0.0169464849	-0.1259843162	0.1061894737	0.0673690059	0.0563943663	-0.0489382966	-0.0364634456	0.0132639478	0.0456205892	0.0323932336	0.0379918979	-0.1333003821	-0.055241644900000005	0.022001264	-0.0247794082	-0.1038172191	0.1283277092	0.0129028227	-0.08060252450000001	0.0667275688	0.0318743908	-0.049507465599999995	-0.046987305300000004	0.050543755700000005	-0.0026863038	-0.005917261500000001	-0.056824737699999996	0.011756883300000001	0.0050860813	0.0914094366	0.09005309859999999	0.0878074234	0.08469458839999999	0.0807453353	0.0	-0.0289208	-2.4799999999998434e-05	0.0008364126726399997	6.150399999999222e-10	0.0443373	0.04548921	0.00196579617129	0.0020692682264241004	0.0125796	0.007314399999999999	5.350044736e-05	0.00015824633616	0.000217223	-0.000270541	4.7185831729000003e-08	7.3192432681e-08	2.0880699999999998e-23	0.000109437	1.1976456969e-08	4.360036324899998e-46	-0.0007703639999999999	-9.890999999999936e-06	9.783188099999874e-11	5.934606924959999e-07	0.0	0.0	0.0	0.0	0.0	0.0	0.0	0.0	0.0	0.0	0.0	0.0
6628.7095475021815	18.89210437030852	356.91160753863016	43939790.265146576	5540.21150263732	5.527432744095677	30693943.493954875	30.55251274050106	4760.354753280401	-2.6504595274882377	22660977.37707931	7.024935706853173	4732.473425246682	8538.407004885477	1.061411	25.414576	0.11073108	0.06318550000000002	0.055728462199999995	-0.0056344707	-0.0498366451	0.0908696816	-0.11307529529999999	-0.0805637164	0.1255631393	0.0240549837	0.07343593940000001	0.0165438086	-0.0136021652	-0.0110040232	0.023451040099999997	0.002371357	-0.0538960471	-0.0565806542	0.055867621500000006	-0.058103340499999996	-0.022606718799999998	0.025585277599999998	-0.011386261299999999	0.10566306550000001	-0.0245643723	-0.0389833426	0.0337043576	0.0816975252	-0.0371476854	0.032753375	0.014137976000000003	-0.09238352039999999	-0.025628625	-0.0742501242	-0.0409098209	0.0940257774	0.0623115912	-0.0274068425	-0.0366691258	-0.0497234987	0.0027006721000000003	-0.0951635521	0.029317761	-0.1159561512	0.0592082106	-0.0012420665	-0.0602550167	0.0445923876	-0.0620031317	0.027134550499999997	-0.0638675901	-0.0954274802	-0.1063865776	-0.1039821294	-0.0080130351	-0.12502842449999998	0.0100735313	0.0261789107	-0.0450890847	-0.0568364834	-0.0081600451	0.056139859800000004	0.070434841	0.0195382033	0.12441444089999999	0.0196442444	-0.0590205052	-0.0005079866000000001	-0.0720936055	-0.0612242946	0.141154535	-0.009661205400000001	-0.1085232589	0.028289788700000002	0.0850595673	0.051183537599999995	-0.059099169699999995	-0.0490653489	0.022449750600000002	-0.0301614254	0.005247574499999999	-0.0743144057	-1.8561500000000002e-05	0.0209424583	0.0519833296	0.0720336162	0.002022267	0.0333840881	0.08360132519999999	-0.0721549994	-0.05127545	-0.07004499759999999	-0.0157790856	-0.0687855766	-0.0267895384	0.0447691633	-0.0684010759	-0.0257081742	-0.033727855699999996	-0.0440247595	-0.1363081477	-0.0521861505	0.0045463647	0.043719565599999996	0.08629784189999999	0.13874482970000002	0.1058523168	-0.0265352998	-0.0411474099	0.040704555	0.0835658195	-0.0516350649	0.0027520901	-0.0140762574	-0.08912317369999999	-0.023302979900000003	-0.046230991299999996	0.06349017629999999	-0.09803240449999999	-0.06268257519999999	-0.0180855224	-0.0076340405000000005	0.058035413200000004	-0.0294773608	0.0821708294	0.0349873052	0.10911598089999999	0.0678399326	-0.08044002139999999	-0.026319264	-0.008839550500000001	-0.0485654395	-0.048220090800000004	0.0637996825	0.028875054900000002	-0.1354095567	-0.07373428309999999	-0.062402273200000004	0.0185837379	-0.1103657284	0.0206500971	0.094591004	-0.050876338300000004	0.0205427337	0.0055060872999999995	0.0629275351	-0.1106177276	-0.0642134883	0.0145573231	0.055697843899999995	-0.0164307579	0.0671819069	-0.08821732060000001	-0.0711744047	0.1270854141	0.09020981800000001	0.0217711829	-0.10308461810000001	-0.0971630411	0.0565680609	-0.0339077915	0.030947967200000006	-0.052698290300000006	-0.0237721444	-0.012101720600000001	-0.0575425542	0.0295067473	-0.022074737799999997	-0.0466460912	-0.013965665700000001	-0.08304690740000001	0.0230922442	0.0732321447	-0.0758121187	-0.0707602112	-0.08256995	0.026653060899999997	0.0132310802	0.0027165304999999997	0.0177547713	0.0368157329	0.0048941024	0.0127779395	-0.1563142672	-0.053137185499999996	0.0464061816	-0.0102686205	-0.0701079911	0.08978072210000003	0.09128054740000001	0.0895404494	0.08666481599999999	0.0826901155	0.0776667542	0.0	-0.0237132	0.005207599999999996	0.00056231585424	2.711909775999996e-05	-0.00712787	-0.051465170000000005	5.0806530736899986e-05	0.0026486637231289004	-0.00812021	-0.02069981	0.0004284821340361	6.593781044409999e-05	0.0006756980000000001	0.00045847500000000007	4.565677872040001e-07	2.1019932562500007e-07	-0.0	-2.0880699999999998e-23	4.360036324899998e-46	0.0	-0.000561669	0.00020869499999999995	4.355360302499998e-08	3.15472065561e-07	0.0	0.0	0.0	0.0	0.0	0.0	0.0	0.0	0.0	0.0	0.0	0.0
6649.223833306965	20.514285804783867	420.8359220803569	44212177.585417375	5557.323922008033	17.112419370712814	30883849.17412275	292.8348967191472	4764.249990839089	3.895237558687768	22698077.97521026	15.172875638611842	4736.603766447331	8751.438145778964	1.038416	24.863968	0.08327586	0.0473807	-0.0015240592000000002	-0.0118725997	-0.0835281118	0.028932051	-0.061927512699999986	-0.1226790422	0.0441412691	-0.0397060714	0.1399990874	0.001676309	0.0722233427	-0.0756556925	0.0444921929	-0.0733549415	0.031741317799999995	-0.014858081100000003	0.020226092	-0.0101121105	0.10705560900000001	0.0662176965	0.0489635821	0.0823369332	-0.0205545097	-0.055866031	0.013143723799999998	0.0463478032	0.0683680333	0.026047492400000004	-0.0317830712	-0.08977435140000001	-0.0107032864	-0.0547021496	0.0068472454	0.025510942999999998	-0.013967194099999998	0.0586647437	0.014361518	0.0012770499	0.0182847417	0.1496433328	0.0402220455	0.10478611630000001	0.0708649646	0.013693751499999999	0.0843868482	-0.0922838517	0.0056604606	-0.052466107000000005	0.0329130184	-0.028335359100000002	-0.0786917343	0.082941373	0.019487836	0.0596596014	-0.0533831461	0.1078528155	-0.0315456293	-0.024874587099999998	-0.0088655129	-0.08778862650000001	-0.0423381149	-0.0613846546	0.1332475531	-0.011729431200000001	-0.0322925619	-0.0769836902	0.15986914259999999	-0.0578751362	0.13738060470000002	-0.02583483	0.0675876374	0.0216560693	0.063374255	-0.0786738062	0.0075271144999999985	-0.0776117578	0.0394871026	-0.11119745130000001	0.1260504959	0.0568115055	-0.0253034483	-0.0954338589	0.0760559398	0.0152227766	0.0533127486	0.08824523460000001	-0.0865474217	-0.0100152837	-0.076939699	0.0344780494	-0.0100646475	0.0590382969	-0.0614230172	0.0776982812	0.0603256833	0.0564811789	0.0035984477	-0.0022011829	0.0681194097	-0.0313205722	0.0035491293	0.0369280264	0.0923176472	0.004136927800000001	0.0819453126	-0.022679490400000002	-0.0581356485	0.0237302561	0.0588156596	0.0323121142	-0.0598743692	-0.0570850692	-0.0895980017	-0.0087076527	-0.0568166286	-0.0123179307	-0.0192372363	0.0327026815	0.059336343300000004	0.0359851846	-0.0016354768	0.0226780967	-0.0992799642	-0.09979983699999999	-0.1246627385	-0.0598398391	-0.0668283656	0.040524765899999995	-0.0561014251	0.0700016244	0.09201225390000001	-0.0190879193	-0.0133022752	0.0010368451	-0.081698013	0.0088255967	0.0209609453	0.049736395499999995	-0.0851055293	0.0410899947	-0.0582276715	-0.0236445266	0.0081976674	-0.050136709	0.03367245	-0.0358320845	0.0398487864	0.16286424800000002	0.10895059289999999	-0.1592681132	0.0143372043	-0.0772671947	0.0753194983	-0.0890797863	0.0380863839	-0.118004977	-0.0043894427	-0.056010052000000005	-0.000542004	0.0568605136	-0.1020796727	-0.07081468910000001	-0.0699781838	0.1221984568	-0.0061792814	0.0998739551	-0.09096089689999999	0.0071900559999999985	0.0293289386	-0.0157062075	0.1638758403	0.014309493500000001	-0.0131567985	0.0276910317	0.0529836333	-0.0530790637	-0.0243704669	-0.06798631150000001	-0.0202218073	-0.0331137893	0.0130756932	0.0431808635	0.1289137274	0.010867988600000001	-0.0260878119	-0.042502623200000006	0.0285510634	0.0911356193	0.0889648703	0.0853851737	0.0804532217	0.07424712230000001	0.0	-0.015012200000000003	0.008700999999999999	0.00022536614884000004	7.570740099999998e-05	0.034167	0.04129487	0.0011673838890000005	0.0017052662883169005	-0.0264245	-0.01830429	0.0003350470324041	0.00069825420025	0.000902291	0.000226593	8.141290486810002e-07	5.1344387648999987e-08	-5.299020000000001e-23	-5.299020000000001e-23	2.807961296040002e-45	2.807961296040002e-45	-0.000488748	7.292099999999999e-05	5.317472240999998e-09	2.38874607504e-07	0.0	0.0	0.0	0.0	0.0	0.0	0.0	0.0	0.0	0.0	0.0	0.0
6647.014877188072	-2.208956118893184	4.879487135195638	44182806.77755956	5525.027415942371	-32.29650606566247	30525927.94691483	1043.0643040493728	4767.994684008116	3.7446931690265046	22733773.30672965	14.022726930153766	4740.110315166258	8886.594961812263	1.053741	25.230911	0.02822505	0.0135239	-0.036023182599999995	-0.041943607	-0.003992250399999999	-0.014517859199999997	-0.0451345504	-0.0070784489	-0.0202520393	-0.0241526302	0.021939922400000002	0.0710984969	0.1265405275	0.0022481773	0.0363701903	-0.08614717570000001	0.025243678199999998	-0.0174626315	0.057382679900000004	0.0378225876	-0.0052010916999999995	-0.0099068843	0.0461319763	0.0473508132	0.0071065921	-0.0402794722	0.0665738167	0.021592531600000003	0.066442155	-0.0394862041	-0.0681252532	-0.0206370218	-0.0629816721	-0.025021197000000002	0.024272412799999997	-0.06489874309999999	0.061277074699999996	0.0078166434	0.0641090821	0.0858851506	0.0932139204	0.1820662278	-0.06591806110000001	-0.1348712607	0.0446469061	-0.0401355255	0.051946995499999996	0.0466475125	0.1387864236	-0.0146723825	0.0269680568	0.0005744097	-0.0462816343	0.0090689566	-0.0191669698	-0.0364255888	0.010187068	0.125211558	0.0338374185	-0.0470611538	0.0121025593	-0.0389398075	0.05468504	-0.0276426996	-0.1265037759	0.0618645223	-0.037085444	-0.0501584132	-0.1067759057	-0.07398661320000001	0.0447955122	-0.005808881899999999	-0.0966476142	0.0046841357	-0.0009274613000000001	-0.0276950304	-0.0457312692	-0.0464284015	0.0268086063	-0.0450460416	-0.0340594916	0.061672872000000004	0.023275892799999996	0.0020026553	-0.0817742842	0.0324198974	0.0173352429	-0.005219230300000001	0.015604688600000001	0.0119755025	0.0728913372	0.0011339925	0.1349605797	0.0649134659	0.1766043971	-0.0910118791	-0.0669828407	0.1032282442	0.21273816469999998	0.0976438858	-0.1131222697	0.0204241668	-0.07708808190000001	-0.0661688809	0.072506844	0.06443340040000001	0.0461358313	0.0087101555	-0.0384235737	0.0753052231	0.024210422000000002	0.07583517990000001	-0.0141428779	-0.0597026409	-0.009010403	-0.047943033200000006	-0.0326844597	-0.020171778	0.050836899299999995	-0.0484676636	0.031028389500000007	-0.0355263035	-0.0835665462	-0.07004367610000001	-0.207963813	-0.0037963852000000003	0.044622141799999994	-0.0611180741	-0.0770927533	-0.0119993975	0.1852083401	0.0876017959	0.0421759772	-0.0079875801	0.0565666436	-0.0331591287	-0.0050524874	0.047648033099999994	0.0016877360999999998	-0.0351229217	-0.1028409215	-0.0018876247	-0.025236924100000002	-0.0994691735	0.061384729400000004	0.0104539343	0.0582027454	-0.0478558864	0.0184640175	-0.0360034739	0.0080626736	0.1602977965	0.0173338253	-0.0017474998999999999	0.10616242890000001	0.070774934	0.0100993049	-0.046347645199999996	0.0200379313	0.026946877200000004	-0.0343042911	0.0317758711	-0.042698892599999996	0.047717814000000004	0.050977902400000004	0.0469185578	-0.0161987863	0.0061628996	0.1022167657	-0.0031937867	-0.0262994143	-0.0237065379	-0.0698599994	-0.026462865	0.0230406692	0.0114361575	-0.15541165210000002	0.1366779767	-0.1203960359	0.1266408878	-0.20672629969999998	0.0837461959	-0.05487072690000002	-0.0607664979	-0.1133730035	0.09217654509999999	0.00026499849999999997	0.0122005202	0.11055022949999999	0.09097467779999999	0.0883267658	0.08397052	0.07799019459999999	0.07050145570000001	0.0	-0.0196503	-0.0046380999999999966	0.00038613429009	2.1511971609999976e-05	0.025779000000000003	-0.008388	0.0006645568410000003	7.035854399999999e-05	-0.0291111	-0.002686599999999997	7.217819559999986e-06	0.0008474561432099999	0.0010169100000000002	0.00011461900000000017	1.0341059481000005e-06	1.3137515161000036e-08	-0.000121009	-0.000121009	1.4643178081e-08	1.4643178081e-08	-0.000474129	1.4619000000000007e-05	2.1371516100000008e-10	2.24798308641e-07	0.0	0.0	0.0	0.0	0.0	0.0	0.0	0.0	0.0	0.0	0.0	0.0
6631.392382555884	-15.622494632188134	244.06233853274716	43975364.93142021	5536.0727419756295	11.045326033258787	30648101.40444557	121.9992271809843	4772.845095880566	4.850411872450422	22780050.30927117	23.526495332408015	4744.214300497805	8725.816231341649	1.104611	26.448942	0.07507493	0.040654400000000014	-0.0037296049	-0.0399742163	-0.0256995302	-0.08923302429999999	0.0440551291	0.014106148300000001	-0.10837203289999996	-0.0025074541	-0.0476225916	-0.0589837218	0.028825001200000002	0.07815611530000001	0.022429211400000003	-0.0585371349	0.0703090755	-0.1144925752	-0.0832109388	-0.10226082480000001	-0.0052740006	0.1076467429	0.0522855224	-0.006161258100000001	0.037221453	-0.0328126316	0.0648147217	-0.030157429700000002	0.0088940663	-0.0403514819	-0.1387917383	0.0387978983	-0.0703219272	0.0285491121	-0.0196698848	0.050215318499999995	-0.0584819715	-0.0228225294	0.0532488209	0.044125373200000005	0.12852995050000002	0.0306313014	0.0608363256	-0.0274192543	-0.0252883344	0.1115487267	-0.0552558895	-0.0097948238	0.1131774539	0.08583742009999999	0.1017398357	0.0047743619	-0.0180729809	0.1969700727	0.023416035800000002	-0.0343812649	0.085641077	0.0476149605	0.018713961100000003	0.0193290566	0.0932316644	-0.0778069428	-0.0164343139	-0.0387278425	0.017327432099999998	0.021167238799999998	0.0677679961	0.12714843210000001	-0.0804302495	0.037494475	-0.0961137239	0.0601789469	0.005561186	-0.04992689	0.068463049	-0.0821596565	-0.0654541837	0.021069908	-0.04371907480000002	-0.15627797289999998	-8.7689e-05	-0.019625155800000002	-0.018489736	-0.0439841324	-0.00045003830000000004	0.027479103300000002	0.0483486621	-0.0130809909	-0.1552776482	0.090195114	-0.0635602115	0.0092010667	-0.1109758413	0.0847252981	0.10376685470000001	-0.0085478104	0.0586371429	-0.0931174853	-0.0735807136	-0.0688848725	-0.0191691489	0.049198058600000004	0.0547549192	0.027626444	0.042699938300000004	-0.0079294753	-0.005687022700000001	0.040191094100000005	-0.0313118513	0.0679693759	-0.0287980585	0.037871426	0.0260255719	-0.1028451136	0.0858107631	-0.061815445199999985	0.0259109313	0.024273277000000003	-0.0372261625	0.0549242862	0.0226543	-0.0676167706	-0.015576403400000001	-0.1394964376	0.0008300317	-0.0819604816	-0.0133009883	0.073285588	-0.0136225509	0.0516468971	0.1003370884	0.12994331380000002	-0.053248530700000005	-0.0991185302	-0.0860975706	0.08738717929999999	-0.1069515002	0.1107036901	0.041339065	-0.0469887546	-0.0572697393	-0.0483724326	0.0355975164	-0.0846692366	-0.0023373445	-0.10297537949999999	-0.0120555611	0.036492744300000005	0.025201928	-0.00045005580000000004	-0.1537516251	0.0195609962	0.0401671754	0.0377286123	-0.1083163518	0.07355116889999999	-0.0807718741	-0.07848301469999999	0.07959613089999999	0.001877572	0.0991095378	0.0002829728	-0.037718544799999996	-0.10501455609999999	0.1236860213	0.0410897147	0.0302650564	0.0825426746	0.0131196226	0.0085788464	0.1057172675	0.0157436297	0.0432572372	0.0486346851	-0.0195467392	0.0142279121	-0.0886676786	-0.13054019460000002	0.029451749500000002	-0.0808169054	0.0418336292	-0.0413169827	0.0879477557	0.0060120181000000005	-0.0246516233	-0.033692725699999995	0.0127930557	-0.0892265401	-0.0007363858	0.09079775109999999	0.0876265845	0.0824230915	0.07530795700000001	0.0664462025	0.0	-0.0171773	0.0024729999999999995	0.00029505963529	6.115728999999997e-06	0.0114963	-0.014282700000000002	0.00013216491368999998	0.0002039955192900001	-0.00848222	0.020628879999999995	0.0004255506900543998	7.19480561284e-05	0.00041516	-0.0006017500000000003	1.7235782559999998e-07	3.6210306250000036e-07	2.4502799999999997e-24	0.000121009	1.4643178081e-08	6.003872078399997e-48	-0.000443081	3.1047999999999985e-05	9.639783039999994e-10	1.96320772561e-07	0.0	0.0	0.0	0.0	0.0	0.0	0.0	0.0	0.0	0.0	0.0	0.0
6637.971327954616	6.5789453987317765	43.28252255949401	44062663.35074756	5564.088758334881	28.016016359251807	30959083.710628606	784.8971726418649	4768.717342117951	-4.127753762614701	22740665.089016493	17.038351124779833	4740.201896274439	8667.381448814202	1.09418	26.199192	0.07492178	0.0435199	-0.0033838094	-0.0012676703	-0.0959353476	-0.0199399268	0.0323165027	-0.1112582822	-0.10511540109999999	-0.023082554900000003	-0.1237011311	-0.0725680403	-0.0391606232	0.05132617230000002	0.04682977940000002	-0.0179967935	0.0174643212	0.0245740957	-0.052559145099999996	-0.0945368092	-0.013657671699999999	0.10693996060000001	-0.0441089678	0.030790269199999998	0.030034602200000007	0.0088111626	-0.0142160639	-0.056569124299999995	0.030906279	-0.0085359753	-0.08248837690000001	0.1301575019	-0.0249270475	0.1515143522	0.046968383600000004	-0.0250845456	0.013458796200000001	0.0964634949	0.0249646132	0.0718782479	0.1281769984	-0.0513568247	-0.0927557227	0.1265449954	0.11834781470000001	-0.012601461100000001	-0.1422862132	0.044592744100000005	-0.0404493633	0.10512773119999999	0.0851167684	0.0014818703	-0.10055649970000001	0.013845811599999999	0.0889848639	-0.0382316684	0.0327377163	-0.0095889558	-0.0565652163	-0.0117454838	0.1493944082	0.009571686999999999	-0.0352113008	0.0549400855	-0.0359195398	-0.08581099240000001	0.0191790279	0.14447140560000002	0.0567900429	0.0173091459	0.040666201299999996	0.0167135725	0.08636444759999999	0.0059871253	0.0652188789	0.0842105732	0.050354161200000004	0.0019754545	0.0570399806	0.0639632634	-0.0209896713	-0.0197607772	0.0740516806	0.0051772130999999996	0.0353915985	-0.011922344	0.09681947140000001	-0.021362419100000002	-0.0863936912	0.0094198787	-0.08774797109999999	-0.0195819981	0.012471393300000001	-0.048459846699999996	-0.0084921121	-0.1205897224	-0.0273208808	-0.0414997523	-0.1122225099	0.0130587949	0.035558404700000004	0.1179257301	-0.0716014699	0.0415006146	-0.015862920200000002	-0.075019545	0.0312570346	0.0334633232	0.013095756200000001	-0.021585290099999998	-0.0665071495	0.0340264917	-0.0229715452	-0.034448394900000005	0.1670884542	-0.0248862725	0.12005648669999999	-0.060636792	0.0404323116	-0.0173558525	0.11606444460000001	0.026406633500000002	-0.043274272	-0.122010434	0.0080656274	0.052808174299999996	-0.169275953	0.1062570531	-0.044284671500000004	-0.1174592998	-0.040661285299999995	-0.0364734726	-0.11317781560000001	-0.09688131470000001	0.0521391999	0.0198959367	-0.081072906	-0.0362067456	0.0863047875	-0.06736446780000001	0.0005143854	0.049268648	0.04512725099999999	-0.0763357892	-0.061767339500000004	-0.053934171399999994	-0.0545221066	0.0519057724	-0.0924264932	-0.1203092307	-0.0712495269	-0.08415072609999999	0.0210650555	-0.029832119	-0.0285789325	-0.072215177	-0.0596940634	-0.0285365858	-0.08182373059999999	-0.028279832799999998	-0.059182918099999995	0.0017941935	0.058221000700000004	0.01864751	-0.0470510811	-0.0421393312	-0.0377220537	0.0409061152	0.0168219677	0.0065709128	0.1072620617	0.0164191754	0.0727089263	-0.0398790827	-0.10419623480000001	0.05583396349999999	-0.0584712222	-0.0073754824	0.0634003071	0.039879765299999995	0.0756027747	-0.12039859509999999	-0.0343718953	0.08322906	-0.0183533832	-0.1226544643	-0.1131610227	0.0345340635	-0.0317861946	0.09060487029999999	0.0868648184	0.0807453353	0.072414048	0.0620991702	0.0	-0.0241549	-0.0069776000000000005	0.0005834591940099999	4.868690176000001e-05	0.0387659	0.0272696	0.0015027950028099998	0.0007436310841599997	-0.0129247	-0.00444248	1.9735628550400005e-05	0.00016704787009000002	-0.000190894	-0.000606054	3.6440519236000006e-08	3.67301450916e-07	-0.0	-2.4502799999999997e-24	6.003872078399997e-48	0.0	-0.000561669	-0.00011858799999999997	1.4063113743999996e-08	3.15472065561e-07	0.0	0.0	0.0	0.0	0.0	0.0	0.0	0.0	0.0	0.0	0.0	0.0
6694.552921351049	56.581593396433156	3201.476711279289	44817038.81676987	5561.826544736457	-2.2622135984238407	30933914.51373508	5.1176103648937445	4781.950272788288	13.232930670336827	22867048.411419984	175.1104541259411	4753.444945325413	9125.289348558374	1.431869	34.28487	0.039185675	0.0188476	-0.11663664050000001	0.0350086244	-0.0674308223	0.134700615	-0.07393905690000001	-0.17361070399999998	0.0477576445	0.0722176154	-0.0218754541	0.0025866863	-0.0559586694	0.0731497029	0.0692245039	0.1050858019	0.037489331800000004	0.1432181231	-0.043143981	-0.0859549134	-0.224448571	-0.043516784100000004	0.014740672600000001	-0.0513171338	0.0067916227000000004	-0.022470359300000003	-0.0614028042	0.0948931676	0.0712349446	0.0009708380999999999	0.030846993399999998	0.0885358035	0.0336324483	0.0530593886	0.10955889490000001	0.0405886315	0.046207947699999995	0.11769558640000001	0.033637975699999996	-0.1457337052	-0.0123021258	0.0172360785	-0.0353025205	0.033179155	0.0289320657	-0.1094382639	-0.1416866442	-0.0078629053	0.0339969835	-0.0637523954	0.053434519800000004	0.0561085154	-0.0641516074	-0.0082618303	0.0666213123	0.038573422999999996	-0.0650542254	-0.0278114312	0.1658892733	0.1096100148	-0.0205738978	-0.0692934828	0.0397152129	-0.0112896452	-0.030891818300000002	-0.0759772563	0.0790624515	0.013385319	-0.0378332897	-0.0373130473	-0.11948949810000001	0.09665733550000001	-0.048743168200000006	0.06877503160000001	0.058836202000000004	-0.0152707751	-0.0600389333	-0.057612152300000004	0.0752441704	-0.09411702890000001	-0.1241973869	-0.0662917738	0.0091297691	0.1308173707	0.035248945	0.0237552609	-0.0674043572	0.1212395606	0.005643685600000001	-0.0242155335	-0.0757481322	-0.017759445	0.10073624710000001	0.014469361699999999	0.037087445499999996	-0.014320786	-0.0796496412	0.0350951806	0.0386018114	0.0374692597	-0.0041890946	0.08430119	0.08697618730000001	-0.1282597631	-0.1652777202	-0.019856096	-0.0504697627	0.0091251507	-0.0204220608	-0.053208415599999996	0.0988102602	0.062184471799999995	-0.0502923755	0.0592844879	0.0831955854	0.0300490044	0.0371472985	-0.10173078740000001	-0.025529648399999997	-0.0457169969	0.1231990741	0.0078628992	0.1486992812	0.0546285568	-0.0271236416	-0.0314840796	-0.0053336336	0.06531872799999999	0.0373563497	-0.166857072	-0.0181916396	-0.0096974305	0.0746412804	-0.0635677194	0.1051154108	-0.0015635072	-0.0014562642000000002	-0.02818141	0.0792703615	0.155181292	-0.0213873797	-0.118575339	0.0793494339	-0.032946808	0.0820760407	0.020681745300000002	0.0148545602	0.032923653500000004	-0.0228352619	0.0423915267	-0.08920907	0.043536527	0.0930012696	-0.0754318346	-0.1304870814	0.075825483	-0.008065289599999999	-0.052042574400000007	0.0361486394	-0.0093477542	-0.08326592990000001	-0.0207355418	-0.10367716710000001	0.027790430699999997	0.1082058868	-0.16049136220000002	0.0930678165	-0.0539184786	-0.0219436712	-0.1116227441	-0.0076349471	-0.012520374499999999	0.0351059029	-0.0535563842	-0.0317830698	-0.021034161099999997	-0.0509080475	0.0670934774	-0.0498084797	0.0739036351	-0.0191103301	0.026055134700000003	-0.0506884978	0.0374719446	0.028219266099999998	-0.1257527871	0.1459553982	0.0974807937	-0.0455275343	0.0903960694	0.08604200279999999	0.078939904	0.0693166017	0.0574794475	0.0	-0.030036400000000005	-0.005881500000000005	0.0009021853249600004	3.459204225000006e-05	0.0429781	0.004212199999999999	0.0018471170796099997	1.7742628839999994e-05	-0.0271901	-0.0142654	0.00020350163716000006	0.0007393015380100001	-5.85822e-05	0.00013231180000000006	3.4318741568400005e-09	1.7506412419240006e-08	-5.90017e-05	-5.90017e-05	3.4812006028899996e-09	3.4812006028899996e-09	-0.000666887	-0.00010521800000000002	1.1070827524000004e-08	4.4473827076899995e-07	0.0	0.0	0.0	0.0	0.0	0.0	0.0	0.0	0.0	0.0	0.0	0.0
6718.979036801294	24.426115450244644	596.6351159886805	45144679.29697524	5544.541052397673	-17.285492338784024	30741935.4817231	298.7882453941612	4801.420605452136	19.47033266384824	23053639.83046036	379.0938540409157	4772.796022410174	9498.599204812008	1.3854879999999998	33.174316	0.13681777500000006	0.081499	-0.2081065898	0.029329111	0.007844320600000001	0.0357183465	0.0584109772	-0.0167226382	0.0132143725	-0.0131118533	0.1346758823	0.0557634207	0.09538083650000001	-0.0076858302	0.04504406230000002	0.049887750599999996	0.0635470152	0.10265449480000001	0.0308613512	-0.0294691388	0.0195816467	-0.060495803	-0.0854808616	-0.20633965510000002	-0.022676347000000003	-0.0442459949	0.0311013632	0.0370241027	0.0963658547	0.0202096109	-0.1230843164	-0.0153076191	-0.0098792342	-0.0150248698	0.0505008896	-0.0527982382	-0.014446441599999997	0.0643682776	0.0137093402	-0.1906084696	-0.0495915945	0.0355765804	-0.0414241068	0.0194772993	-0.0117647994	-0.1378257706	-0.0176409474	-0.0345500962	0.033619437099999996	0.06957134549999999	0.0056059862	0.0579205328	0.0505928969	-0.0631424089	-0.0689026068	0.0341891855	-0.0825455177	-0.0588101196	-0.036342123399999995	-0.0274476894	0.0892676275	0.0749941767	0.022197363799999998	-0.1555195654	-0.049826376799999995	-0.048281171500000004	0.010212907299999999	-0.0280182949	0.013898687	0.0098800344	0.0571931519	-0.0876095831	0.0571151568	0.0095300545	0.0830512518	0.1066446819	-0.0385648496	-0.1175870289	0.049604506799999996	0.0268962724	-0.0068950067	-0.013258558200000001	0.0414347317	0.068615027	0.0872895573	-0.042389305599999996	0.0003266965	-0.0780934615	-0.0016361465	0.1393423794	0.0628235225	0.0161073504	0.0259017295	0.028339874700000007	-0.0864319273	0.08999765259999999	-0.0326379132	0.0350989912	0.0244411091	0.029698040099999996	0.0084866045	-0.0935479166	0.0585837918	0.0339513222	-0.1384405373	-0.028546065699999998	-0.2057147819	-0.020546875200000002	-0.043168362800000006	0.0402641835	0.035856550099999995	0.063334338	-0.079864773	-0.1128645125	0.0244842128	-0.005550591	-0.023588985099999998	-0.050720160199999996	0.0535946587	0.0063448047	0.0631440015	0.0098904344	0.161027741	0.0966906209	-0.0179112697	0.0187554624	-0.0165148444	-0.04808387	0.055609535099999996	-0.1258858631	-0.004534224	0.0720925379	-0.0348743747	-0.0132816458	0.0645569495	-0.0030049089	0.0736137293	0.0212094385	-0.0373521571	0.0506944132	0.0693382469	0.0597502587	-0.030133697999999997	-0.0262390692	-0.1334957971	0.031411794900000005	0.1107190151	-0.051401280300000005	-0.074809556	-0.0004963691	-0.0232370156	-0.024378065299999998	-0.010608076200000002	0.0060599325	0.0332820628	-0.0618180496	-0.0151015574	-0.0835827834	-0.0468309654	0.1396113154	-0.1312288113	0.089708994	-0.0248662742	-0.0224499469	-0.0738075532	-0.0612862075	0.07817363690000001	0.026473133700000002	-0.0168947393	0.074722114	0.08852870439999999	-0.0251985014	-0.1209601875	0.040203069300000005	-0.0365176488	-0.0058335973	0.1077604817	0.0430155384	-0.0739941687	-0.0060250418	0.0143671294	0.0692967439	-0.0544733251	-0.0548794099	0.0825675069	-0.0372670382	0.0495511092	0.042438570300000006	-0.1014908417	0.0901713849	0.08515871609999999	0.0770096525	0.0660243242	0.0526073205	0.0	-0.024151	0.005885400000000006	0.0005832708009999999	3.4637933160000064e-05	-0.0272655	-0.07024359999999999	0.0007434074902499997	0.004934163340959997	-0.0492207	-0.0220306	0.0004853473363599999	0.00242267730849	0.000487101	0.0005456832	2.37267384201e-07	2.9777015476224e-07	-0.000181264	-0.00012226229999999998	1.4948070001290006e-08	3.285663769600001e-08	-0.000561669	0.00010521800000000002	1.1070827524000004e-08	3.15472065561e-07	0.0	0.0	0.0	0.0	0.0	0.0	0.0	0.0	0.0	0.0	0.0	0.0
6686.78920258481	-32.18983421648409	1036.1854268847296	44713149.83980479	5535.242809396449	-9.298243001224362	30638912.95897509	86.45732290981786	4801.571825433673	0.15121998153699678	23055091.99479846	0.02286748281604965	4772.816066159364	9342.620619401878	1.4892	35.657604	0.03375677	0.0223448	-0.1668620582	0.0157415952	0.0870544383	-0.1244420592	0.21635944899999998	0.1488907035	-0.1208179597	-0.055394070499999996	-0.026478979500000003	0.0248837041	0.0473937923	0.1027820351	0.081008918	0.17634256850000002	0.0830517958	0.062414071200000004	0.119809178	0.050636668200000005	-0.0743499522	-0.017620703300000002	0.10505881019999999	-0.2308663977	0.0306139311	-0.0772594343	-0.0171659979	-0.1025039967	-0.0205159674	0.0136307768	-0.0110200882	0.0048712896	0.0167841858	0.0014095794	-0.0282634912	0.0113526123	0.0910500463	0.056857179800000004	-0.044328600700000005	-0.18795933120000002	-0.0537831241	0.0965391976	0.1179841507	0.0083265551	0.027666516600000003	0.0504282294	0.0097629677	-0.1598067254	-0.13128669710000002	-0.01249995	-0.055477274400000005	0.027594971099999997	-0.0188702363	0.0064822363	-0.07890098940000001	0.061667440199999986	0.023022973	-0.0270272986	-0.1221556657	0.0618875285	-0.0074420976	0.022314651	0.0216584491	0.015646580900000002	-0.025562737400000004	0.1081602069	0.0060643312	0.0337819639	0.0808033236	0.0235274749	0.0126115102	0.0191370463	0.07821748860000001	-0.027288762999999997	0.0924277399	-0.08199955889999999	0.030762657000000002	-0.1109717943	-0.0148370032	-0.06008156360000001	0.1102978539	-0.0789024374	0.0062743862	0.0133954578	0.056846670700000004	-0.0397198765	-0.1107684818	-0.026810112400000002	-0.020980924900000003	0.0078573447	0.057613190999999994	0.048269945099999996	0.034072491499999996	-0.1546270726	-0.0658440499	0.10476880710000001	0.1428447993	-0.12395825419999999	-0.0520637084	0.0289839831	0.0027943098	0.0079570427	-0.018491207	-0.0394769906	0.0497473668	0.0366788817	-0.23015923789999998	0.029689110699999997	-0.0764182538	-0.023250507200000003	-0.1030245418	-0.0018784175	0.0111426031	-0.019356986	0.0033206214000000003	0.0094432591	0.0121358505	0.029896694100000006	0.0003814734	-0.0800044286	0.0300158339	0.0605968597	0.1835153707	0.10530492150000001	-0.020428298600000002	-0.1457814053	0.028904444100000006	-0.0058268699	-0.0446621875	0.05724813650000001	-0.1821170468	0.0328930708	0.0032474771999999996	0.0640911951	0.0096375908	0.0539670722	-0.06967664559999999	0.032264700699999996	-0.1132666642	-0.0289088206	0.0888087191	0.0604941011	0.0116355423	-0.0007034096000000001	-0.0131414458	0.0635683329	0.0176381639	-0.0239183379	0.1055344751	-0.0379243983	0.030330551600000002	-0.0765651636	0.027144414199999998	-0.025140610600000002	-0.0572422959	-0.0267088342	-0.0425603222	-0.1003780693	0.0357145868	-0.041230119700000005	0.021002475899999998	0.099673378	-0.0879919587	-0.0861808394	-0.09810169619999999	-0.0048814572	-0.0088327557	-0.0275567994	-0.09582623650000001	-0.0370547775	0.02663672	0.036515006	-0.0594503325	0.016505436499999998	0.025036157200000003	0.051581967199999995	0.0844671964	0.0660918881	0.1395955757	-0.19457439	0.0555235101	-0.0109929343	-0.0437408783	-0.0056970332	-0.051959928899999994	0.1121433606	0.010719735800000001	0.0341572013	0.048340470999999996	0.08993085640000001	0.08421557910000001	0.074957633	0.0625464692	0.0475041838	0.0	-0.0241449	6.099999999998467e-06	0.00058297619601	3.72099999999813e-11	-0.00621363	0.02105187	3.86091977769e-05	0.0004431812304968998	-0.0521015	-0.0028808000000000032	8.299008640000017e-06	0.0027145663022499996	0.000644356	0.00015725500000000002	4.15194654736e-07	2.4729135025000008e-08	-0.000220369	-3.9105e-05	1.529201025e-09	4.856249616100001e-08	-0.000561669	0.0	0.0	3.15472065561e-07	0.0	0.0	0.0	0.0	0.0	0.0	0.0	0.0	0.0	0.0	0.0	0.0
6641.755630736197	-45.033571848612155	2028.0225934441128	44112917.85841598	5528.105934327211	-7.136875069238157	30559955.22114373	50.934985753913175	4787.675913935865	-13.895911497808811	22921840.656881616	193.09635635493512	4759.564379470618	9044.732282293142	1.554573	37.222908	0.05342838	0.0280901	-0.0677034895	0.0875922042	0.1333775133	0.0167655041	0.1334071	0.2075642236	0.1016686501	-0.0536571879	-0.0205615245	0.0178643244	-0.0851853249	-0.0654682921	0.1871643008	0.2177252671	0.0925377913	0.0689096003	-0.147273786	0.1683608514	-0.028319135899999997	-0.1593849638	0.1173937491	-0.1384362563	-0.0372897807	0.0308516561	0.0099209433	0.04210297599999999	-0.1561395519	-0.0311975672	0.057586852599999995	0.0320691481	0.06446422519999999	-0.011495398600000001	0.0341181334	-0.0585216463	0.0795888058	0.0230856586	0.044220659800000006	-0.16544459109999998	0.0739302495	-0.046003999299999994	0.027727074100000002	0.0504665775	0.1459478228	0.0301889163	-0.0079782784	0.0165657308	0.0707563818	0.0431762357	-0.1119197417	-0.0472689418	0.1985991629	0.0415066777	-0.0422464262	-0.1498126877	-0.0240128413	-0.20221198829999998	0.0645631845	0.018683208	-0.0103457007	0.0058227981	-0.0157529813	0.11928524289999999	-0.0095922904	0.10489604179999999	-0.0786994889	0.0638652089	-0.0454272925	0.023792160899999998	-0.0627721091	0.052076436	-0.11071605470000001	0.0017945629999999999	0.0092430885	-0.042410775	0.0047720087	0.001305035	-0.0248580242	0.0771610762	0.0601601429	0.1002335673	-0.042058042999999996	0.0313117427	0.0503135258	0.0384262255	0.028539982000000002	0.0426241479	-0.014529015900000001	-0.028554482200000002	0.0008477575	-0.12743461849999999	-0.0878274568	-0.0898376182	0.0386054433	0.0832434112	0.0780934709	0.0576357797	0.0955731069	0.1315473482	-0.0033840451	-0.1098378334	0.01726591	0.041888772000000005	0.0007088511	-0.047522311	-0.1389785334	-0.0377499231	0.0316134987	0.0015946738	0.042656407	-0.11231484550000001	0.1152198618	0.060139017300000014	0.0235045358	0.0482281061	-0.0083146748	-0.0357154277	0.0615426049	-0.0881959059	0.0627724432	-0.0446542407	0.1539981476	-0.0248722814	0.0457082979	-0.0025462618	-0.0759746175	-0.0275683729	-0.1190140141	-0.056518287699999996	0.0347982878	0.0096485303	-0.0303447527	0.0938236502	-0.12932716800000002	-0.023564695400000002	0.1593559362	0.1198933426	0.08580749359999999	0.026275026899999998	0.1867066905	-0.038610947799999996	0.0399541906	0.10588264289999999	-0.0006072242	-0.029910137200000006	-0.1258102013	0.0025242770999999997	0.1175304034	-0.10648715369999999	0.010039005	0.0872297777	0.0086507417	0.0161510085	-0.0369723564	0.1415484931	-0.0005400633	0.023409644900000002	0.0412376253	-0.034357321600000004	0.0234979383	-0.025107828199999998	0.0812265401	0.0697073231	-0.0747585267	0.0538728965	0.0742341851	-0.015203934399999999	-0.0150989634	0.0289211239	-0.025631921600000003	-0.013054166399999999	0.0320417534	-0.052377433200000004	-0.0211637194	-0.1116491081	-0.0285347377	-0.0636832992	0.09033041039999999	-0.0929254086	-0.0767623796	0.1472809992	-0.1279940192	-0.0413856612	0.0977995148	0.0359929847	-0.0105650954	-0.04675513269999999	-0.0403202999	0.0896745262	0.0832132545	0.07278709	0.058892812	0.0421924464	0.0	-0.0369903	-0.012845400000000005	0.0013682822940900006	0.00016500430116000008	-0.0055305	0.0006831300000000005	3.058643025e-05	4.6666659690000075e-07	-0.0357818	0.0163197	0.00026633260809	0.0012803372112400002	0.0003909230000000001	-0.000253433	1.5282079192900006e-07	6.422828548899998e-08	-0.000438539	-0.00021817	4.759814889999999e-08	1.92316454521e-07	-0.000561669	0.0	0.0	3.15472065561e-07	0.0	1.0	0.0	0.0	0.0	0.0	0.0	0.0	0.0	0.0	0.0	0.0
6620.570566077395	-21.18506465880273	448.8069645976525	43831954.62041035	5540.045243565629	11.93930923841799	30692101.30075415	142.54710509057318	4776.778616978884	-10.897296956980426	22817613.9556267	118.75108096861486	4748.979729552648	8660.812366685948	1.438973	34.454956	0.11921235	0.07439889999999999	0.0331589034	0.075905597	0.0841574838	0.0182318474	0.050442036399999994	0.11036544220000001	0.1427378356	-0.0589609466	-0.0054748337	-0.0700096992	0.0481580125	-0.0564079172	0.07293097650000001	0.28752259809999997	0.1321765626	0.023816547599999998	-0.0282884606	-0.0120037151	0.0947135816	-0.09138147529999999	-0.0559212405	-0.056468801900000004	-0.1135481662	0.19623774719999998	0.1247074442	-0.0217691598	-0.1007663366	-0.0413061883	0.04804658	0.0107427501	-0.0450789452	-0.2250562335	0.0527491627	-0.026950241099999998	-0.1453701068	0.019416173999999998	-0.0467467453	-0.0728376248	0.0954984838	0.0488262761	0.0745311855	-0.020758766	-0.069773029	0.0888840646	-0.0638822054	0.0125112659	0.026951856200000002	-0.15448258880000001	0.0396355336	0.0943875592	-0.0164704326	0.023758100299999998	-0.023741448199999998	0.0194946842	-0.0618611546	0.0634647579	0.0680021803	0.058752193200000004	-0.1323420941	0.0348144493	-0.0412112454	-0.0365126312	0.0309271087	0.0885845611	-0.0356484946	-0.0299273622	0.0400775813	0.0644551164	-0.0124466153	0.0680999459	-0.0677385133	-0.0347142744	0.0705513112	-0.0804827395	0.1092115772	0.0840477043	-0.0133213893	0.0407558306	-0.0432638061	0.061053101900000004	-0.0569982736	0.0982615656	-0.1171442625	-0.0319564386	-0.0450186782	0.0027240846999999997	-0.024412417599999996	-0.1282645671	-0.022899412999999997	-0.0127063973	-0.1233648989	0.05673559280000001	0.0396273633	0.0059137784999999995	0.0454699974	0.0614431966	-0.049759986500000006	-0.0870881126	0.1100293002	0.0166390913	0.052402854699999994	-0.0298316266	-0.1558419658	0.008497836	-0.057575138399999996	-0.11159014380000001	0.1908085463	0.1224239666	-0.025509874100000003	-0.0780062849	0.0970522406	0.0393023491	-0.0291265371	-0.0461535721	-0.2228640364	-0.0429423962	0.029192888599999998	0.1290476791	-0.0264396614	0.0237913263	0.1078229388	-0.0977506825	0.0061163152	-0.1202987766	0.0413487892	0.071870243	0.0585309408	0.0537259744	0.0568448321	-0.048954242599999996	0.1188338476	-0.0346921966	0.0587269925	0.05332892400000002	-0.0006679169	0.054117548	-0.022569263399999998	0.0653129819	-0.0692864597	-0.027186633199999997	0.0182628994	0.1056006573	0.0332626869	0.0315230934	0.0541945097	-0.099739711	0.1016475187	0.04591240269999999	0.0819399868	-0.023885606099999998	-0.015458473899999997	-0.0102572776	-0.0471052377	0.07564678700000001	-0.0722687982	-0.0093319986	0.0009032625999999999	-0.1294843949	0.0282559511	-0.017177643	0.0648011433	0.0465413913	0.0463108804	0.014567238	-0.02226698	-0.1562377203	0.0728492977	-0.0058049710999999995	0.0145263723	0.0633235365	0.0397913962	0.044181735300000004	0.10568775960000001	-0.0813096381	-0.0175866891	-0.0932119508	0.031072916699999998	-0.0027681299	-0.011606940500000001	-0.0361802507	0.1296454688	0.0660460847	0.1139145969	-0.11403978220000001	0.08054365549999999	0.079478109	0.044587244000000005	0.0894024392	0.08215244690000001	0.07050145570000001	0.05507362230000002	0.0366954331	0.0	-0.04032	-0.003329699999999998	0.0016257023999999998	1.1086902089999986e-05	-0.0655961	-0.0600656	0.004302848335210001	0.0036078763033600006	-0.049653	-0.013871199999999992	0.0001924101894399998	0.0024654204089999995	0.00108723	0.000696307	1.1820690729e-06	4.84843438249e-07	-0.000438539	0.0	0.0	1.92316454521e-07	-0.0007042789999999999	-0.00014260999999999996	2.0337612099999984e-08	4.960089098409999e-07	0.0	0.0	0.0	0.0	0.0	0.0	0.0	0.0	0.0	0.0	0.0	0.0
6602.326654758521	-18.24391131887387	332.8403002109341	43590717.25613484	5524.636298290114	-15.40894527551518	30521606.22838469	237.4355945038216	4762.62271520753	-14.155901771354365	22682575.127410743	200.38955496023362	4734.407702413064	8441.374856419872	1.370323	32.811184000000004	0.16303029999999996	0.103824	0.0802820472	0.0464332011	-0.0132856932	-0.0156948089	0.049571375300000005	0.0484638392	0.1016911294	-0.0575594632	0.026119240699999997	-0.1221060816	0.09517111210000001	-0.0242765561	0.044534285599999994	0.0828378783	0.0449369163	-0.0540400842	0.1074891208	0.14547520619999998	0.0284818639	-0.13470605630000002	0.0100525904	0.0607067112	-0.0738691738	0.06979861700000001	-0.0075893337	-0.0421796593	-0.0627816186	-0.0823565665	0.0082658117	-0.0937877127	0.029314118700000006	-0.0189542843	0.07726248599999999	-0.06359766509999999	-0.0838687603	0.0364335987	0.0926733316	-0.032847040099999995	0.12529540990000002	-0.0131322603	0.15515089210000002	0.0480425837	0.0197918554	0.0457729104	-0.0471506039	0.0299993274	0.010773756	-0.0451965934	-0.1087361159	0.033185629700000004	0.0242363011	0.024763462400000002	0.08319116110000001	-0.0536527269	-0.0199052178	-0.0344826163	0.020747570700000002	-0.0685558449	0.1404058728	-0.11122458380000001	-0.0097833297	0.015053007	0.051827984400000006	0.0397144937	-0.1465961516	-0.1019827439	-0.0374292226	0.10928899660000001	-0.0655186665	-0.1039385656	0.0426682012	0.11255810699999999	0.0025459239999999998	-0.045932610199999994	-0.017990769	-0.05931568490000001	-0.0124257573	0.0266772487	0.0592682832	-0.004269722199999999	0.0616610686	0.069340008	-0.09709919289999999	-0.08451611710000001	-0.0070310137	-0.1107159842	0.0428202652	-0.016870281	0.0008162346000000001	-0.0642141271	-0.1420814037	0.032553885899999996	-0.1024447808	-0.0220691579	0.0921094618	-0.0327109489	0.0795157941	-0.0818083079	0.0002021341	0.0749569083	0.0869145463	-0.07476111070000001	0.0854348322	0.0209094956	0.0612868366	-0.07312511099999999	0.06818451910000001	-0.002737397	-0.0301731721	0.0043439577000000005	0.1143068644	-0.028150637000000006	-0.0925119886	0.0233022367	-0.0166674306	-0.0713880817	0.057584770999999986	0.0751940851	0.0626566325	-0.0869921518	0.0421949592	-0.11709570949999999	0.0796933509	-0.1403343988	-0.024447326000000002	-0.0025687587	-0.01741464	0.0018920755	0.0371345797	-0.0628176479	-0.0028054175	0.08260149139999999	0.0066743106	0.0449395246	0.037497136699999996	0.0323985786	0.1194191137	0.0127233606	0.0613478564	0.0130780779	-0.0533165217	-0.08228969400000001	-0.05131837400000002	-0.1415934331	-0.09376732289999999	-0.05918224900000001	-0.015054321899999999	0.0481004371	0.1648303371	0.0331943892	0.0139476674	0.12095374060000001	-0.0866063888	0.0043195361	0.116947872	-0.0302153381	0.013815690600000001	0.0682066932	-0.013587993500000001	0.030039907	-0.05677953490000001	0.0422880442	-0.077747862	0.0033613534000000002	-0.0519971105	-0.127032839	0.0968708382	0.0398194073	0.0123344241	0.015019018600000001	-0.0403760296	-0.0002432066	0.0322675127	0.0827184721	0.06683872519999999	-0.1477861415	0.0625442608	-0.00014917969999999998	-0.0454311542	0.0956627068	0.0743046336	0.1345975772	-0.12846341320000002	0.0731785873	0.0391032216	-0.090914891	-0.0359431946	0.0891146434	0.0810339018	0.0681043441	0.0510996347	0.0310372824	0.0	-0.0501896	-0.009869599999999992	0.0025189959481599997	9.740900415999985e-05	0.033471100000000004	0.0990672	0.0011203145352100003	0.009814310115840002	-0.06004780000000001	-0.01039480000000001	0.00010805186704000021	0.003605738284840001	0.00114998	6.275000000000009e-05	1.3224540004e-06	3.937562500000011e-09	-0.0008086219999999999	-0.000370083	1.3696142688899995e-07	6.538695388839999e-07	-0.00114542	-0.0004411410000000002	1.946053818810001e-07	1.3119869764000002e-06	0.0	0.0	0.0	0.0	0.0	0.0	0.0	0.0	0.0	0.0	0.0	0.0
6615.780912342378	13.454257583856814	181.01704713276862	43768557.08011375	5535.997789115439	11.361490825325744	30647271.521091036	129.0834737739611	4761.970431251426	-0.6522839561039291	22676362.38811289	0.4254743593905925	4733.968733231892	8548.151004812546	1.480594	35.451534	0.16058779500000006	0.08043269999999997	0.0607113833	0.0979849574	0.0098050411	0.06432878110000001	0.0158136533	0.0004341522	0.0673034437	-0.1174719064	-0.0830041832	0.0095634713	0.0728730388	-0.0063858839	-0.0688116476	-0.0259594935	0.14467416019999998	-0.0428236686	0.0050277758	0.1090344389	0.0033050807	-0.089742797	0.016088559	0.056582415	-0.12394709460000004	0.2585937092	0.076350894	-0.07265221179999999	0.0269887616	-0.1051826244	0.08658184710000001	0.0323938856	-0.0150119344	-0.06163588740000001	0.26374883670000004	0.052676897400000006	-0.0372927732	0.0055615154000000005	0.1331604537	0.0247997794	-0.0641139852	0.0711751512	-0.0521524142	0.11085353369999999	-0.0905553658	0.1271637069	-0.000665381	0.0096574352	0.0639466071	-0.024093598799999998	-0.0041360612	0.050843338200000004	-0.1030743695	-0.1073741585	0.019242311499999998	0.1230650325	0.1557512802	0.0933864118	-0.016438773400000002	-0.0102630364	0.00023674310000000001	0.0082316796	0.0045411633000000005	0.0292264304	0.053788955599999994	-0.0128471533	-0.131956707	-0.0500332141	-0.0761067659	-5.0944799999999994e-05	0.10287332269999999	0.13021736650000001	0.10164681099999999	0.0647982168	-0.0680293732	-0.0282888056	0.028316365299999997	-0.0122811735	-0.0997510485	-0.028401367	-0.0414873823	-0.051752031399999995	-0.0167534847	-0.0077594487	0.0509320887	0.0449289983	0.1186505791	0.0270690036	-0.0591621802	0.1441223051	0.15135776609999999	-0.0363374764	0.0210226352	-0.0609804071	0.019909706	0.08243286429999999	0.11342611279999999	0.0756099535	-0.1002363494	0.0707580329	-0.0127921549	-0.15036754060000002	0.0044537963	-0.0638382247	0.0097433648	0.0761971831	0.056276645099999995	-0.12082956539999999	0.25638669329999997	0.0730076631	-0.0774407956	0.0679196476	0.060650622	0.1037658111	-0.0014026432000000001	-0.0156530366	-0.0898833492	-0.2632022816	-0.0608376346	0.0376782428	0.0620217576	-0.1062701562	-0.021837795299999997	0.0677684295	-0.04886054	-0.014114823600000001	-0.09620687	0.08848201859999999	0.10531788759999999	0.1342908992	0.0378244227	0.0386117871	0.0122137094	-0.0146891123	0.10160916449999999	0.05402033690000002	-0.0375517632	-0.1069981831	-0.12084321460000001	-0.0722432026	-0.07707737370000001	-0.041663988900000004	-0.0232686743	0.018235471899999998	0.0296240236	-0.08344754480000001	-0.0721234458	-0.1289074321	-0.0780370443	0.0262834544	0.032890943900000004	0.0996505188	-0.012352631299999998	-0.0847226942	-0.020819003	-0.1160759817	0.1195613894	-0.0205820307	-0.0018548238	-0.0532519829	0.1261917081	-0.0093981393	0.0165209052	-0.0322137089	0.0280253335	0.006799680799999999	0.0463882434	0.07801185769999999	0.0152384036	0.0507686754	0.0692902591	-0.0964432851	-0.0834965717	-0.0583527829	-0.0083954388	-0.045183015599999994	0.0444640637	0.0464478596	0.040626954300000004	-0.17047156289999998	-0.1394601382	-0.0795246532	-0.039273175099999995	-0.1132695262	0.052265564	0.1299494014	0.1048185886	0.0548976826	0.008102879	0.0888111892	0.0798584053	0.0655995455	0.0469820191	0.0252428406	0.0	-0.0249516	0.025238	0.0006225823425599999	0.0006369566439999999	-0.0136144	-0.0470855	0.00018535188736	0.0022170443102499998	-0.0642064	-0.004158599999999992	1.7293953959999928e-05	0.004122461800960001	0.000590347	-0.0005596330000000001	3.48509580409e-07	3.1318909468900017e-07	-0.0007420939999999999	6.652800000000005e-05	4.425974784000007e-09	5.507035048359998e-07	-8.946709999999998e-05	0.0010559528999999998	1.11503652701841e-06	8.004361982409997e-09	0.0	0.0	0.0	0.0	0.0	0.0	0.0	0.0	0.0	0.0	0.0	0.0
6618.364755719353	2.5838433769749827	6.676246596737482	43802752.03974809	5546.418962240218	10.42117312477876	30762763.30469786	108.60084929661112	4760.862573173727	-1.1078580776993476	22665812.44064636	1.2273495203236937	4732.6159462699325	8573.224446618	1.558214	37.310093	0.201048245	0.100148	0.05808287190000001	0.1264337129	0.0258103409	0.0662631519	0.0366220472	0.0322175216	0.1492677534	0.023421744300000002	0.0430655049	-0.012846615700000001	0.0021094879	0.0842562466	-0.0848553052	-0.05246535	0.1191703368	0.0136941305	0.0469758615	0.1453907355	0.0353446277	-0.026902575	-0.0997428624	0.0991651268	-0.09067994509999999	0.0467842162	-0.0699759985	0.040196188199999996	0.0078187653	-0.0852377218	-0.0724844363	-0.0250378871	0.09597563390000001	0.0616065365	0.1225704613	-0.008985662	-0.0827931496	-0.0309474479	-0.0519473748	-0.0209812943	-0.0966470361	0.026656822200000003	-0.1470205956	-0.0783894733	-0.086369116	0.0428993391	0.0636576318	-0.1387476138	-0.045960192000000004	0.10331893119999999	-0.0029933815999999996	0.1930103666	-0.0019582542	0.0400294927	0.05225859150000002	0.1737069417	-0.046493813700000004	-0.0220672197	-0.1253067166	0.0621082351	0.0065152711	0.0672867067	0.0802405882	0.010753880700000001	0.0849006746	0.11036281560000001	0.3172302263	0.0183644209	-0.0472717142	-0.008577803299999999	0.023454441	-0.0200118866	-0.0558862783	0.0728722092	-0.016495647	0.0302004243	-0.05211084690000002	0.1740762681	0.032226182400000004	-0.0144773155	-0.0154709774	-0.0054041819999999996	0.028217588999999998	0.0231016303	-0.0883979516	-0.0003997771	0.0081445583	0.030625685099999998	0.0287764921	0.058064005599999996	-0.1332606657	-0.00028247630000000003	-0.0321748973	-0.049268272300000006	-0.10190735640000001	0.031440337900000004	-0.0207267096	-0.0813291248	0.013754698999999999	0.0457339863	0.0222507128	-0.1124411684	-0.0952443102	0.0856337568	0.1280440475	-0.1093043875	0.0999247364	-0.0896361333	0.050061624699999994	-0.0589548815	0.043399140499999996	0.0630948063	0.0598827131	-0.0674991225	-0.0008501881	0.11229887279999999	0.0464360875	-0.1390097431	0.005288455	0.08823919429999999	-0.0473773781	0.0382205104	0.0051253025	0.08188905099999999	-0.057860444500000004	0.1159966226	0.0543351875	-0.0030403531	0.0684978552	0.0916063637	-0.1066320297	0.1273650156	-0.0591773875	0.024718781699999998	0.0641261005	0.25245688980000003	-0.0086204637	-0.0553527703	-0.0764166714	0.060896479800000014	-0.0362308846	0.0842658356	0.040657242	-0.0482162527	-0.0656485547	0.2196255706	0.0393020966	0.1703823029	0.1209117485	0.06979437919999999	-0.17101447600000005	0.009051036	-0.14526241310000002	0.0346096168	-0.019084719099999998	-0.0070351236	0.02449047	-0.0462888254	-0.0174188974	-0.0203841071	-0.001784964	-0.11392971380000001	0.0346109893	0.0391199308	0.0726769741	-0.0228127388	-0.020762573	-0.0105175177	0.0758194877	-0.0667185944	-0.0221696165	-0.0262808799	0.07302035280000001	0.095992374	-0.08571869130000001	0.059553474	0.060317789800000014	-0.0680128359	-0.0012740798	-0.0026479922999999997	0.1110903049	0.0697140485	-0.0508343155	-0.048012863899999994	0.071592936	0.1053633751	-0.1375274628	-0.0432972279	-0.0844837991	0.08849212990000001	0.07862678349999999	0.0629910206	0.042732349100000004	0.0193375523	0.0	-0.0507233	-0.025771699999999998	0.0025728531628899996	0.0006641805208900001	0.051672400000000014	0.0652868	0.002670036921760001	0.004262366254240001	-0.0478302	0.0163762	0.00026817992644000003	0.00228772803204	-0.0004991840000000001	-0.0010895310000000001	2.4918466585600005e-07	1.1870777999609998e-06	-0.0009172850000000002	-0.00017519100000000032	3.069188648100011e-08	8.414117712250005e-07	-0.0006970160000000001	-0.0006075488999999999	3.6911566589121007e-07	4.858313042560001e-07	0.0	0.0	1.0	0.0	0.0	0.0	0.0	0.0	0.0	0.0	0.0	0.0
6613.186220367189	-5.178535352163635	26.817228393608545	43734231.98525447	5535.381812882617	-11.037149357601264	30640451.81439165	121.81866594199802	4758.677033455448	-2.18553971827896	22645007.10873634	4.776583860174877	4730.703152459037	8467.073257729193	1.286704	30.809002000000003	0.12139545	0.0663623	0.0690511609	0.08836159980000001	-0.0352634899	0.0091609428	0.0034218224	-0.0375412246	0.0344258631	-0.0491976479	0.0192815964	-0.0844674659	-0.0173464667	0.0550782288	-0.0451306803	-0.0638795919	0.030733164500000007	-0.0983197017	0.0042827657	0.11284264599999999	-0.048197723	-0.08445228810000001	-0.0196236048	0.12317819529999999	-0.0894625078	-0.0417673654	-0.0668045238	-0.0204770784	0.1002727682	-0.0323099549	-0.0333304192	-0.0207429722	0.0665584575	0.0438308183	0.17380289710000002	-0.038460189	-0.1034631007	-0.0557314872	-0.0390102572	0.18478441829999998	0.0727591862	-0.060930410199999986	0.026577079500000003	0.0270955748	-0.0617921756	-0.059296694299999994	-0.0041114521	-0.0386413513	-0.027971832000000002	0.0704756277	0.12394884800000001	-0.026670874100000002	0.1080804257	-0.053951525099999995	-0.1190351763	0.0796259647	-0.10913586980000001	-0.0605382389	0.040103564700000004	-0.20292892899999998	-0.0586906733	-0.0495722942	-0.0120697173	0.060139899299999994	0.0390251285	0.0828641023	0.031440264	0.1039026386	-0.022776100299999998	0.101216217	0.058686252	-0.0948557959	-0.0409132339	0.0494552071	-0.1216386363	-0.024765027599999996	-0.0823901561	-0.018845556200000002	-0.0641587124	0.0226289778	-0.048969911399999996	-0.050121745599999996	0.032399728100000004	3.50857e-05	0.0192685539	0.010772879499999999	0.0002216596	0.018706704299999998	0.0082228702	-0.0546962157	-0.0780947438	-0.0326253556	0.1061532349	-0.0349257041	-0.0741348565	0.1579771177	-0.0719113441	-0.0665905756	0.0622911247	-0.0721229976	0.0425331112	0.10190061710000001	0.0689095395	0.0051769325	-0.0519000101	0.1093613541	0.122564135	-0.0897423669	-0.0371762777	-0.05399654809999999	-0.0147282793	0.1123205553	-0.028549636	-0.0354082851	-0.0262118658	0.0759491653	0.0286267716	-0.17627923260000006	0.0256040388	0.0859613603	-0.0700230817	0.0027447572999999997	-0.16641171300000002	-0.1304108377	0.0223223089	-0.0043643938	0.02343991	-0.0240263535	0.0630874872	-0.0606475784	-0.0730224763	-0.007302580699999998	-0.0070649542	-0.1467103065	-0.06528294280000001	-0.0399255801	0.1039315382	0.010980013899999998	-0.0997812609	0.10213197880000001	0.0137079352	0.0242804085	-0.19712465350000002	0.038964239500000004	0.002517705	-0.029458531899999998	-0.0577147314	0.0378785297	0.10705394830000001	-0.09014097439999999	-0.0849176166	-0.049350605199999995	-0.11812643839999999	0.1060977401	0.04486485690000002	0.0092250441	0.1151382182	0.0503514831	0.048158635	0.0942068304	0.0674669303	0.0160830153	-0.0138957063	0.054601294	0.0319437575	-0.0355443432	-0.0038847101	-0.0053723506999999995	-0.0311950555	-0.042249173099999995	0.0084866849	0.028373700800000002	0.0756429476	-0.0769743549	-0.0901587791	0.009529129	0.0750596287	0.127995104	-0.0611063519	-0.0232418002	0.082399103	0.12172228289999999	0.0471687333	0.10468244859999999	-0.0472550343	-0.0223962427	0.0861090634	-0.0042518778000000005	0.0780549649	0.0881575217	0.0773399021	0.060282893899999995	0.0383625694	0.013347348700000001	0.0	-0.0490737	0.001649600000000001	0.00240822803169	2.721180160000004e-06	0.0142891	-0.037383300000000015	0.00020417837881	0.0013975111188900006	-0.061511	-0.013680800000000009	0.0001871642886400002	0.003783603121	0.000406804	0.000905988	1.6548949441600006e-07	8.208142561440001e-07	-0.000584985	0.0003323000000000002	1.1042329000000016e-07	3.42207450225e-07	-0.000561669	0.00013534700000000007	1.831881040900002e-08	3.15472065561e-07	0.0	0.0	0.0	0.0	0.0	0.0	0.0	0.0	0.0	0.0	0.0	0.0
6617.8963034596	4.710083092410969	22.184882737415677	43796551.48334424	5550.211576965767	14.829764083149712	30804848.549084824	219.92190276187716	4763.98313204814	5.306098592692251	22695535.28243921	28.154682275370693	4735.809546728015	8477.770018040148	0.999185	23.924606	0.05861950000000001	0.0274567	0.06550556889999999	0.0694029038	-0.0140199445	0.043608849500000005	-0.0665655547	-0.0478138549	0.045531969699999994	-0.0226544551	-0.05633828690000001	0.0798265547	-0.021303593500000002	0.020777973	-0.027925734900000002	-0.044017412199999995	0.0587788273	-0.0558240077	0.0802944044	0.0349714603	-0.026327980299999998	0.0559940992	-0.0041122426	0.0660957528	-0.06221102940000001	-0.048024817000000004	-0.0488789496	0.029206632799999997	0.007878448599999999	-0.0076886489	0.033430044900000004	0.0046817509	0.061611169699999996	0.0390613048	0.0557000685	-0.052063007599999996	-0.0818206332	-0.13400343609999998	0.0134819069	0.0730291473	0.0660323541	0.023599085899999997	0.0424977412	0.010761024099999999	0.0196938372	0.059636052099999996	-0.0715067761	-0.04104939	0.076100118	-0.0777492474	0.0404833593	0.030221171	-0.0291014517	-0.0542620704	0.0393803172	-0.0199657152	-0.020886941699999998	-0.0795291353	-0.004568610900000001	0.034738085	0.0161566845	0.0217400281	-0.0164999545	0.0366849951	-0.0846463252	-0.117688175	0.1321123635	0.08939541880000001	0.09849086369999999	-0.0543754486	0.1716141951	0.0146669995	-0.059578165999999995	-0.0112608539	-0.10633088289999999	0.0345146061	0.027120514100000003	0.030845597599999997	0.14033852900000002	0.00037612029999999996	0.0391379926	0.0059139833	0.0473676345	0.08523940880000001	-0.0071543743	-0.1486880848	0.0322589789	-0.0047547177	-0.1289796443	-0.0291991849	0.0417922636	-0.0296443997	-0.0283022023	-0.039092465	0.0386438708	0.0329526045	-0.0406100322	0.1417875827	-0.0298612725	-0.0321754849	-0.008043176400000001	-0.0029011363	-0.004547507100000001	-0.0515542533	0.1595934712	-0.024639371400000002	0.0664374096	-0.061646792199999995	-0.0431776295	-0.0495561129	0.026669454900000004	0.020304328	-0.0025329164	0.0498680009	0.007310624	0.0613399379	0.0476730322	-0.0489360646	0.0466999229	0.055953758	-0.10785304650000001	-0.1030033213	-0.0479041567	-0.0838877616	-0.0026245577000000003	-0.0675137011	-0.0333122343	0.1133328819	-0.0088905936	-0.014240152800000001	0.0360066106	0.047747470599999994	0.09527006589999999	-0.0438582684	0.0338644493	0.0406566292	-0.0059098131	-0.0378330061	0.0374475284	0.006991694499999999	0.0746244546	-0.021314673500000002	0.05617490309999999	-0.0266432345	0.0083041472	0.0499425137	0.037307127999999995	0.08046427540000001	-0.0371733965	-0.10386120730000001	-0.0889737451	-0.0994531698	-0.0917869635	-0.1659345817	0.1628956423	-0.030768247999999998	-0.005785010300000001	0.0392973258	0.0178424375	-0.0429505424	-0.12455054619999999	-0.0774106966	0.0026774761	0.0102587736	-0.0515766779	0.0016656585000000002	-0.0475110399	-0.0823310324	0.0430110081	0.0254279863	0.20524943690000005	-0.021412740299999997	0.018048433200000002	-0.022768528599999997	0.022331446499999998	-0.0656142496	0.0079702808	0.0103744939	-0.0091374239	-0.006381926	-0.10571168119999999	-0.055329148099999996	0.009279727	0.045108328200000006	-0.0249117004	0.09060299699999999	-0.0311914323	-0.07924104679999999	-0.0124766179	0.0878074234	0.0759986654	0.0574794475	0.0338849624	0.0072985341	0.0	-0.0440732	0.005000499999999998	0.00194244695824	2.5005000249999977e-05	0.0285546	0.0142655	0.00081536518116	0.00020350449025	-0.0437052	0.017805800000000004	0.0003170465136400001	0.00191014450704	0.000719792	0.000312988	5.18100523264e-07	9.7961488144e-08	-0.000467019	0.000117966	1.3915977156e-08	2.18106746361e-07	-0.000561669	0.0	0.0	3.15472065561e-07	0.0	0.0	0.0	0.0	0.0	0.0	0.0	0.0	0.0	0.0	0.0	0.0
6618.773181920138	0.8768784605381371	0.7689158345557331	43808158.43370523	5549.596963512219	-0.614613453547463	30798026.457424045	0.37774969728153945	4767.1650571846085	3.1819251364686347	22725862.68244193	10.124647574090943	4739.449646615583	8473.189357047155	1.109366	26.562811	0.07957954999999999	0.0614896	0.0643306293	0.0639667012	0.0200209553	0.13777429189999998	-0.027031035699999997	-0.027838874500000003	0.11484947039999999	0.046792687199999995	0.1147810165	0.0815271999	-0.0074988691000000005	0.0230631179	-0.0087011034	0.0169917261	-0.010872860500000001	-0.0811089157	0.0617312587	-0.070614336	-0.0122124592	-0.0128882535	0.0129770486	0.031956032200000005	-0.053254926900000006	-0.09174142980000001	0.0160652857	0.1559176676	-0.050641737400000005	0.0237384593	-0.0385609399	0.0431102726	0.0321893288	-0.0032890727000000003	0.0733063978	-0.0575417759	-0.012934570900000001	-0.061138206699999996	0.0175619073	0.0890192142	0.1287274348	-0.0742556029	0.0951939434	-0.0287746256	-0.0863678041	0.0386088043	-0.0042977732000000005	0.0835657232	0.0021020148	-0.011201507900000001	0.006086890500000001	0.139713309	0.009055863	-0.0388401503	0.0834163441	-0.1314114535	-0.048232305	-0.1429435742	0.0639139535	-0.0052236981	0.044028518499999995	0.1003758134	-0.014213639299999999	0.047243995999999996	-0.061530235999999995	-0.1229623954	-0.040649523199999996	0.061298804400000004	0.026428540299999997	0.09620746390000001	0.015252265400000001	-0.026000165099999997	0.0258373037	0.0337799501	-0.0418522283	-0.0176389922	-0.020981617200000004	-0.0067669932999999995	-0.0957402109	-0.09845674880000001	0.1212571783	-0.042374210499999995	0.0697861412	-0.0219589257	0.0594925834	-0.1214610979	-0.0208645796	0.0855714145	0.0523885528	-0.138290624	0.09848499869999999	0.0867456984	0.1086317402	0.006274473399999999	-0.12237324990000001	-0.021452787400000003	0.1096249104	-0.0053092786999999995	-0.0441661435	-0.0622012349	-0.0742138839	-0.031336306	0.021988498199999998	0.034963199199999996	0.044462515999999994	-0.022047073900000002	0.0320209443	-0.054411669	-0.0927003821	0.0212958628	0.1467189322	-0.0710896449	0.0071839697999999995	-0.0206872424	0.0544127034	0.04294932940000002	-0.0073439266	-0.0640463128	0.046193701100000005	-0.0029854627	-0.0634193326	-0.0631889929	-0.070267071	-0.1751906414	0.0743114122	-0.057828294100000004	0.0620140472	-0.0050296282000000005	0.062101364900000004	0.0331897996	0.0459925214	-0.06749708230000001	-0.0189863947	-0.0465592039	0.10965744449999999	0.0522044679	0.0795643411	0.0058308415	0.186432933	-0.0085947444	0.1140493635	-0.027274414700000003	0.0249322018	0.07042958469999999	-0.0422467632	0.0325661214	-0.0446938107	0.006093166600000001	-0.1065255088	-0.1553179669	-0.011260484199999999	-0.107904514	-0.0417837383	0.0118410069	-0.0160966125	0.0223282568	0.0591364123	0.023039686400000002	-0.005313915799999999	0.052605304500000005	0.0682234116	-0.0116372896	-0.1426802835	-0.0255745776	-0.09462175810000001	-0.0162241951	-0.080800003	0.0167722471	-0.0893816809	-0.0240467085	-0.0207456762	-0.0222321602	0.0644414351	-0.0495663985	0.2032504689	0.10364546179999999	0.1204521239	0.0470798412	-0.0112044174	-0.05591133	-0.0202647854	-0.053988949	0.014656995400000001	-0.08045174940000001	-0.0118366915	-0.0561518585	0.0056231806	-0.0375016873	-0.0479691647	0.08744189640000001	0.0746040162	0.054585114299999994	0.0293121133	0.0012176701	0.0	-0.0420598	0.0020133999999999985	0.0017690267760400004	4.053779559999994e-06	-0.0315233	-0.0600779	0.0009937184428899998	0.00360935406841	-0.0322363	0.011468899999999995	0.00013153566720999993	0.00103917903769	0.0007747369999999997	5.4944999999999705e-05	6.002174191689996e-07	3.0189530249999685e-09	-0.000401577	6.544200000000003e-05	4.282655364000004e-09	1.6126408692899998e-07	-0.000561669	0.0	0.0	3.15472065561e-07	0.0	0.0	0.0	0.0	0.0	0.0	0.0	0.0	0.0	0.0	0.0	0.0
6623.635516036086	4.862334115948215	23.64229305511391	43872547.44929464	5566.52540768065	16.92844416843036	30986205.114354227	286.5722219636639	4773.836977352917	6.671920168308134	22789519.48634203	44.514518732276834	4746.404384628998	8452.326731328758	1.1193110000000002	26.800941	0.0338237	0.0157576	0.0635804325	0.026148315800000002	-0.021392620600000002	0.014188403899999999	0.072994836	-0.0185902511	-0.0121620464	-0.0434644874	0.0907321475	0.0169709903	-0.0315162566	-0.061509321900000004	-0.044805207699999995	-0.02627544	0.0117463423	-0.056704735	-0.0085863362	0.0018296053	0.1275172603	-0.0156848887	0.039052979	-0.023607954900000002	-0.025982154900000002	-0.0850114591	0.0311909296	0.0339337435	-0.028495672599999997	0.057612798300000004	-0.1183517206	0.027366174700000002	0.0277338643	-0.0236439077	0.0316791488	-0.021637126	-0.031914753500000004	-0.09520261449999999	0.0041110034	0.022424883700000002	0.0627719453	0.027025749900000003	0.0790704428	0.0941776772	0.0484589031	0.0031606201000000003	0.0332700789	0.0102479714	-0.044141800999999994	0.0099464853	0.10804671269999999	0.0636752554	0.010665912	0.0991879955	-0.0640408718	-0.0635728401	0.0354356107	-0.0024086478	-0.09734071119999999	-0.0901884378	-0.0661335203	0.0806789396	-0.0513783062	-0.0182824879	-0.0693823083	-0.039174260499999995	-0.054751861	-0.18395685309999998	-0.0800494822	-0.1248486406	-0.0905725673	-0.0208164821	0.0352867864	-0.045503498200000006	-0.014435595700000001	0.0077830259	-0.1067964047	0.0743096334	0.15882319	0.0293142191	0.0841555065	-0.0100962077	-0.036623919	-0.06883615530000001	0.10501840650000001	0.0682044032	-0.0673719357	0.07077621190000001	-0.039621143	0.0115587281	0.0511777984	0.0442912945	-0.0115696039	-0.0729339931	-0.0018756838	0.0830163658	0.0332916642	-0.0124571795	0.0467520753	0.0074123904000000015	-0.0047053407	0.11659478029999999	-0.0235526239	0.0865857583	-0.0335828273	-0.0094483831	-0.0224450044	-0.0277830142	-0.0858812	0.03010196	0.0296621481	-0.0588382722	-0.038431727799999996	-0.10153944720000001	0.0513735346	0.036346183399999996	-0.0187491299	-0.0362006637	0.013910481499999999	0.0152677244	-0.0933401831	-0.0563604734	-0.0189365425	-0.0371985439	0.0087689454	-0.06777510190000001	-0.1082666047	-0.0638601468	-0.052939840700000004	0.010977927299999999	-0.022859165600000002	-0.021023894100000003	-0.0172799297	-0.101556384	-0.0244304815	0.0400067199	-0.0536139041	0.1289358972	-0.0028474210999999998	-0.06289083690000001	-0.0082184742	0.0747393391	-0.067403743	0.1092775174	-0.005458769499999999	0.0125401478	0.09848466970000001	0.06898526370000001	-0.0874029258	0.0348675264	0.09337474220000001	0.1580393377	0.1050170367	0.024972531200000002	0.0910985582	-0.0050470796000000005	-0.010679663600000002	0.0086599047	0.0841901628	0.0529563071	-0.0857778674	-0.1210419449	0.0181088688	-0.10826712880000001	-0.0577834651	0.0226163462	0.0335849612	0.1039681836	-0.12338907439999999	-0.051506634	-0.0385056396	0.0014632064000000002	0.0282212498	0.06853639389999999	0.0172100682	-0.0758389797	0.026679772	0.0606259412	0.032352971200000004	-0.08519821699999999	0.0035761456	0.0565288364	-0.0473099459	0.0635425531	-0.0186797956	-0.09237645230000001	-0.0799861042	-0.00040131629999999997	0.0332650786	0.0870610049	0.0731569346	0.0516044709	0.024656875499999998	-0.004868541	0.0	-0.0369258	0.0051340000000000005	0.00136351470564	2.6357956e-05	-0.0251688	0.006354499999999999	0.0006334684934399999	4.0379670249999986e-05	-0.022928200000000003	0.0093081	8.664072560999999e-05	0.0005257023552400001	0.0009848189999999998	0.0002100820000000001	9.698684627609998e-07	4.4134446724000035e-08	-0.000351117	5.046e-05	2.5462116e-09	1.2328314768899998e-07	-0.000561669	0.0	0.0	3.15472065561e-07	0.0	0.0	0.0	0.0	0.0	0.0	0.0	0.0	0.0	0.0	0.0	0.0
6622.742709191311	-0.8928068447748956	0.7971040620769045	43860720.99214667	5573.650017736404	7.1246100557546015	31065574.52021302	50.76006844655959	4772.017270635395	-1.8197067175215125	22772148.83124249	3.311332537792917	4744.0230543384005	8440.599536077561	0.966348	23.138355	0.04624354	0.0308047	0.0590700233	-0.0383639796	-0.033274145	-0.007088280799999998	0.0453053618	-0.0177170671	-0.1354452202	-0.0110663651	0.0250956294	-0.0024016386	-0.023492898199999997	0.0172210902	-0.08738671640000001	0.029078427900000002	0.0512821563	-0.0087608063	-0.07364228169999999	0.021120811	0.0316593748	0.05804803980000001	0.0520493412	-0.0109222233	0.0088512967	-0.0796369847	0.0541113042	-0.0223399315	0.005768999	0.0411853204	-0.07527414889999999	0.0930472767	-0.0272729168	-0.019171650800000002	-0.0080696649	0.0264901304	0.0218640379	0.0812762249	-0.0263240228	0.0145856773	-0.0245895486	0.0610173399	0.1301753644	0.026317125299999997	-0.1319506176	0.045145268200000005	0.0847093416	0.1337138176	-0.0129166492	-0.0137920102	-0.1477438888	-0.06909441549999999	-0.0715657657	-0.0797775645	-0.063309602	-0.0500297098	-0.0405202796	-0.0025120023000000003	-0.0772645075	-0.0194774537	0.059574035	0.084452791	0.0214743241	0.0035111848	-0.0491936546	-0.0975381504	0.0102965278	-0.0697452382	0.008601840999999999	-0.0205979899	-0.1098987526	0.029704885	-0.0205205881	0.0790169382	-0.0684001702	0.0332125543	0.052835790199999996	0.1094373638	0.0388008568	-0.0334012443	-0.0636314448	-0.02830295	-0.0412833027	-0.0124845797	0.0642843593	-0.023798028500000002	-0.1466879299	0.0742454197	0.095518751	-0.05914989690000001	-0.0226960993	-0.0622240985	0.0057380514	0.0163913096	0.040481925099999996	0.0760202938	-0.11934095199999999	0.1094449556	0.0171510911	-0.0443032266	0.0961472486	0.0391383634	-0.0636978864	0.1204181803	0.0369777865	0.0180674231	-0.0103640161	0.010032518	-0.08038042570000001	0.0460736556	-0.0301660875	-0.0221836633	-0.042661953899999994	-0.0482655085	0.10634630369999999	-0.023439580699999997	-0.024650723399999998	0.0052596355	-0.0337575616	-0.0049463327	0.0196948731	0.0585049175	-0.011132882	0.025775234900000003	0.0372359861	-0.1515676829	0.0163963078	-0.0773273571	0.0775632155	0.1362530249	0.101645742	-0.082817523	-0.046125515	0.1324997306	0.0462951887	-0.14758855369999999	-0.0050600811	-0.024529981	-0.0156542163	-0.027014127000000002	0.0024168345000000003	0.08600877109999999	-0.0359086215	-0.035142104900000005	-0.07548617889999999	0.0735054979	0.014597168	0.0662880726	-0.1329402467	-0.0019637025	0.027166319300000002	0.0250140644	0.0410672729	-0.0192992742	-0.046423955700000005	0.025657713	0.0639996686	0.09954786300000001	0.003644548	-0.0766332508	-0.049009676399999993	-0.0927757255	-0.0318542439	0.006433625500000001	0.0641885771	-0.0635259763	-0.0447371601	-0.046727661100000005	-0.11815071529999999	-0.0400983234	-0.0597421913	0.011921223600000001	-0.0269753163	-0.0053958877	-0.0087199076	-0.1273789799	-0.0100078228	0.0074014443000000015	-0.1140040329	0.0402365985	-0.020735556000000002	0.032353368	0.027012292599999998	0.0627690163	0.0792071703	-0.0125551333	-0.0976346176	-0.006078993299999999	0.0905436701	0.08666481599999999	0.0716584376	0.048542230199999994	0.0199323335	-0.0109333732	0.0	-0.0373731	-0.00044729999999999765	0.00139674860361	2.0007728999999798e-07	-0.00052171	0.02464709	2.721813241e-07	0.0006074790454680997	-0.00526795	0.017660250000000002	0.00031188443006250016	2.7751297202500012e-05	0.000926083	-5.873599999999977e-05	8.576297228890001e-07	3.4499176959999735e-09	-0.000362159	-1.104200000000006e-05	1.2192576400000137e-10	1.3115914128100006e-07	-0.000561669	0.0	0.0	3.15472065561e-07	0.0	0.0	0.0	0.0	0.0	0.0	0.0	0.0	0.0	0.0	0.0	0.0
6627.076066038553	4.333356847241704	18.777981565536553	43918137.18506102	5583.008223025778	9.358205289373473	31169980.81837345	87.57600623805763	4772.201482020202	0.18421138480698573	22773906.98499581	0.033933834292507375	4744.282183471584	8503.644909243569	0.989012	23.681028	0.03565522	0.016909999999999998	0.0329049188	-0.038564543300000004	-0.060713421399999995	-0.09114630929999999	0.0036372959000000003	-0.0769356962	-0.06932941769999999	0.0002906119	-0.0677829161	0.0156119765	-0.0233440785	0.0096712347	-0.0839638219	0.058912498099999995	-0.0019314368	0.0152067577	-0.0442637961	0.0164283193	0.0075199195	0.0475531212	-0.1102727608	-0.0159324427	0.0206434758	-0.0713413048	-0.00015469129999999998	-0.1030385402	0.0051675189	-0.054025349400000006	-0.0562601796	0.044982926799999996	0.0201411981	-0.0072003469	-0.0164773719	0.13465115800000002	0.1170501336	0.015692753700000003	-0.009654952900000001	-0.09590488330000001	0.0204844893	0.1080195382	0.0363189925	0.0489247245	-0.0772955077	0.0201280176	0.0166050602	-0.012288383	-0.0720654312	-0.06614608799999999	-0.055344728600000004	0.09133158150000001	0.0300920369	-0.0350046516	-0.0033030811	-0.0143212047	-0.006279553100000001	0.0074030325	-0.0994034336	-0.0388885867	-0.0079441259	-0.1324019454	-0.0998782526	0.012939129399999999	-0.0084665514	-0.0185430399	0.1082787618	0.0679378935	0.0102949692	0.0252895631	-0.0963652789	0.0020290832	0.0636111636	0.0112906526	-0.0597979402	0.0672225634	-0.0032447668	0.0289397443	0.0267822788	0.0104010322	0.0747918669	0.0029489117	-0.183257069	-0.0938189197	-0.0251199776	-0.0483190662	-0.044176290599999994	-0.003901281	0.0663479372	-0.0919110098	-0.0240154608	0.059487774800000004	-0.035187926	-0.036156406099999996	-0.0281109504	-0.0157265994	0.0051798475	-0.040238685499999996	0.041528978	0.035775962599999996	0.0209379177	-0.0610717749	-0.024123836200000002	0.0266493808	-0.1490953082	0.0031600459	-0.0158690579	0.0224457152	-0.0692177609	-0.0034056221	-0.0992265122	0.0569028341	0.0445216425	-0.036813671	0.0674771649	0.021282583100000002	-0.0025914788	0.0363674087	-0.1225446731	-0.1023223794	0.0110286862	0.0217472175	0.1124548074	0.0238790661	-0.0745210862	-0.10370098900000001	-0.017787925	-0.0033107758	0.06867199269999999	0.070544545	-0.0442792584	-0.0726359942	0.0478128518	0.0671917528	0.0419585508	0.052912105599999995	0.0265527366	0.0044791158	-0.0078728985	-0.033938730099999995	-0.0076549472	0.0938558365	-0.0025778533	-0.0121077793	0.0419336774	-0.1098900476	0.0541998041	0.1538328879	0.0292842132	0.0055759937	-0.1023560561	-0.0662225883	0.0177226485	0.0541752536	-0.0636200785	-0.044970948899999995	-0.007837242099999999	0.0679327352	0.0208607842	0.0474215604	-0.034203039500000004	-0.0473234316	0.031639447200000004	-0.057330005199999985	0.0047235419	0.11726623109999999	-0.0627584461	-0.08835298800000001	-0.0993172351	0.011710995	-0.1070628841	-0.0202978187	0.0310516212	0.0866937817	0.0683239604	-0.0107799592	-0.0030127180999999998	0.0077189224	0.068274359	0.0496473407	-0.0012099044999999999	0.0610295391	-0.0333906201	-0.0178830369	0.0367008394	-0.0342142649	0.0161868935	0.0836992383	-0.0048289094	0.0862533992	0.0701095784	0.045403234199999996	0.0151517667	-0.0169501947	0.0	-0.0308303	0.006542799999999998	0.00095050739809	4.280823183999997e-05	0.00422156	0.00474327	1.7821568833600002e-05	2.24986102929e-05	-0.0139778	-0.008709849999999998	7.586148702249996e-05	0.00019537889284	0.00108268	0.00015659699999999986	1.1721959824e-06	2.4522620408999955e-08	-0.00020557	0.00015658900000000006	2.452011492100001e-08	4.22590249e-08	-0.000561669	0.0	0.0	3.15472065561e-07	0.0	0.0	0.0	0.0	0.0	0.0	0.0	0.0	0.0	0.0	0.0	0.0
6632.963485767763	5.887419729209796	34.661711067888746	43996204.60352843	5549.8599799125195	-33.148243113258104	30800945.79663459	1098.8060214956633	4770.542566169125	-1.6589158510769266	22758076.375631504	2.752001800954284	4742.357319115595	8609.898951596902	1.1368200000000002	27.220158	0.08850489	0.054628099999999985	0.0122809091	0.0028700762	-0.0506647449	0.0345398935	-0.0453269721	-0.039712782	-0.0256235949	0.011147697	-0.0223488049	0.0707143618	0.012432668999999999	0.0313050679	0.0318195639	0.027882989599999998	0.0157718459	0.017752671799999998	-0.0862876451	0.051420531299999996	-0.0634686467	-0.0374080507	0.0243544601	0.0023683673000000002	0.0014515953	-0.029486810099999997	-0.039848989700000004	0.0205894022	0.0138554209	-0.09705527039999999	0.0411384993	0.0317206671	0.006969765699999999	0.01490925	-0.012273417	0.015487131000000001	0.04457578400000002	-0.029411097799999997	-0.0199162513	-0.0874737292	-0.0803797446	0.051416439	-0.026098398300000002	0.08344910679999999	-0.11406853269999999	-0.08686029390000001	-0.0701646103	0.1586552832	0.0615295996	-0.0368144794	-0.04390182769999999	-0.0148784529	0.0822489715	-0.0430790238	0.029738120099999998	-0.0020945857	0.046911423099999995	0.12201909849999999	0.0091933976	-0.1060470036	-0.078069996	-0.005746875500000001	-0.1161589985	0.08291112	-0.1123953125	-0.11468015640000001	-0.059663477	-0.006238329	-0.0083662918	-0.081278621	0.09955085050000001	0.0748528405	-0.0174065316	0.040833833	-0.0356917536	-0.09785206490000001	0.0006253831	-0.0013483422	0.0762649117	0.12155021070000001	0.0896251393	0.0055771301	-0.0744856453	-0.0934649448	0.0154244827	-0.17336789600000002	0.0799931344	-0.0780219798	-0.0003821575	0.0597681079	0.0188509808	0.1290404187	0.0174920387	0.049613195199999995	0.0348711304	-0.0920277051	-0.0437042783	-0.0751214752	0.021175547000000003	-0.0609926473	-0.0402416101	-0.0969987001	0.0150528408	0.0993934781	0.0779395771	-0.0391124752	0.0021418476	0.0014868676	-0.02897863	-0.035407889	0.03318268	0.0717390706	0.0702043127	0.0472038921	0.027256347599999998	0.000890285	0.0116688474	0.0053333192000000005	-0.0167674457	-0.0493527889	-0.0205958758	0.0085848629	0.072382947	0.1136753227	-0.0178388636	-0.010322587	-0.0384688085	0.0080188352	0.1570692736	-0.0835897872	0.1245890325	-0.09434470619999999	-0.006064821	0.0407132133	-0.021422683799999998	-0.0073128195	0.0802739707	-0.014759632	-0.0082233147	-0.0671003408	-0.123660936	-0.0274999093	-0.07549369360000001	0.0780145507	0.1085728564	-0.0920961188	0.0434814249	0.0390231348	-0.07973571900000001	-0.0921129625	0.0382811156	0.008141414599999999	0.053465461500000006	-0.1096540923	0.12907647460000002	-0.008934294	0.07746671179999999	-0.0379361547	0.0853663227	-0.0447432128	0.0145427937	-0.0318115659	0.09885410730000001	0.022558598	-0.095913266	0.0833958088	-0.11065299039999996	-0.039657815299999996	-0.10143851289999999	0.1138304857	0.0615422736	-0.10238793800000001	-0.0243379508	0.0800784746	0.008449052700000001	0.1262113143	-0.029499656800000006	0.040029544199999996	0.0036063547	0.08100254259999999	0.0730305545	-0.0409939033	0.0741151632	-0.1186260685	-0.037085091800000004	0.0266577086	-0.0352294792	-0.0997164732	0.09055438769999999	0.08582682679999999	0.0685114455	0.0421924464	0.0103286123	-0.0228925844	0.0	-0.0360567	-0.0052263999999999965	0.0013000856148900001	2.7315256959999955e-05	0.055281	0.05105944	0.003055988961	0.0026070664131136	-0.0213389	-0.0073611000000000015	5.418579321000003e-05	0.00045534865321	0.000844218	-0.00023846199999999994	7.12704031524e-07	5.686412544399997e-08	-0.000326747	-0.000121177	1.4683865329000002e-08	1.06763602009e-07	-0.0006991889999999999	-0.00013751999999999992	1.8911750399999978e-08	4.888652577209999e-07	0.0	0.0	0.0	0.0	0.0	0.0	0.0	0.0	0.0	0.0	0.0	0.0
6641.991695853156	9.028210085392855	81.5085773459893	44116053.68778228	5558.880215941406	9.020236028886755	30901149.255184773	81.36465801682671	4770.086203857009	-0.4563623121157434	22753722.39222697	0.2082665599196272	4742.045699722098	8680.175184609814	1.175115	28.137114	0.07539951999999997	0.0563719	-0.0036531046	0.027365344700000002	-0.0278432351	0.10291217960000001	0.034352172	-0.015312873500000001	0.0478465576	0.0272210108	0.0965950578	0.0661566842	0.0121865775	0.0329880375	0.0309096678	0.0156038542	0.0329697205	-0.0452843114	-0.1283136564	0.049068928	-0.0283680536	0.0119361407	-0.0766941401	0.000496139	-0.0101853477	-0.0553700195	-0.0171575066	0.0824846459	-0.0247330352	-0.0065346736	-0.0028936657	-0.0705400238	0.0110172758	-0.1178767017	0.0149333555	-0.021294139	0.024828290099999997	-0.025979701600000002	-0.0099392377	-0.14263612779999998	-0.0765635182	0.08467644	-0.049390550899999996	0.023623766400000003	0.060257142699999995	0.011786413	-0.0806115411	-0.09939859960000001	0.0302183863	-0.0015588534	0.0399772136	0.1024283718	0.11874216789999999	-0.022945631	0.0439706162	0.013898203	0.016386156399999997	0.1211777609	-0.0427061006	-0.052417313	-0.01220935	0.0472967905	0.040911244900000004	0.1481742743	0.1532735138	-0.0280661339	-0.0131155808	0.0101736688	0.0216655624	-0.054051417000000004	-0.0368581671	-0.048781335	0.0170817171	0.025772225699999998	-0.0255162675	-0.0903861601	-0.0018829691	0.0753707595	0.0186450806	0.0069809503	-0.1051622524	-0.0087833241	-0.0081811929	-0.1192563676	-0.071421941	0.009223289300000001	-0.10243670390000001	0.0161037996	0.1318440893	0.13869017390000002	0.0638733053	-0.0317151922	-0.044558024	0.0492027738	0.09070313070000001	-0.0859119556	-0.0039904977	-0.11337328140000001	-0.0992747876	0.0051356064	-0.016969656	0.04434250940000002	0.0453733346	0.058526454900000004	0.0604167753	0.0249954129	0.0014678956	-0.011514715600000001	-0.0542912282	-0.009715767299999999	0.0881209141	-0.0183496007	0.025467098900000002	-0.0311995998	-0.07665817400000001	0.0102770185	-0.09372917550000001	-0.0140558297	0.023292535099999997	-0.030975118	-0.0263174223	0.0030275135999999997	0.134872928	0.10970233050000001	-0.0625697937	-0.019686390800000002	-0.0155875615	0.0770995852	-0.022707645	-0.0530252228	-0.0696956552	0.0627835806	0.0270477665	-0.030300761000000002	-0.0507142109	0.1280275398	0.1222700223	0.0042612866	-0.019185450700000002	-0.060064180599999996	-0.1413972052	0.063990832	-0.0087626439	0.0756476523	-0.0039792318	0.0122354559	-0.17883076399999998	0.0353748125	-0.0346033026	0.0785213009	0.0285114596	-0.019406828600000002	0.027847275299999998	0.0593541371	0.038199912	-0.029687086600000002	0.019788936200000003	-0.0030110194	0.055314490300000005	-0.0752337871	0.0083105087	-0.016828561699999998	0.022235509700000003	0.055331129400000005	0.1079578058	0.0030227601000000002	-0.0720439868	0.030887734	-0.0256321766	-0.0898133608	-0.1020861154	-0.07423001580000001	-0.1950357311	-0.0039914246000000006	-0.0190466415	0.0341167851	-0.1256721149	-0.1005955066	-0.036599799700000005	-0.0099653894	0.09619986609999999	-0.0808150243	-0.013453868300000001	0.0189489838	-0.055037263499999996	0.0194250585	-0.0015671848000000002	-0.1095228152	-0.0128421547	0.0853851737	0.066865162	0.0389149436	0.005476426800000001	-0.028734448	0.0	-0.0360419	1.4799999999995374e-05	0.0012990185556100002	2.1903999999986305e-10	0.00134248	-0.05393852	1.8022525504e-06	0.0029093639397903995	-0.016844799999999997	0.0044941000000000035	2.019693481000004e-05	0.00028374728703999983	0.00109125	0.000247032	1.1908265625e-06	6.1024809024e-08	-0.000308294	1.8452999999999977e-05	3.405132089999993e-10	9.504519043600002e-08	-0.000625632	7.355699999999992e-05	5.410632248999988e-09	3.91415399424e-07	0.0	0.0	0.0	0.0	0.0	0.0	0.0	0.0	0.0	0.0	0.0	0.0
6650.485511498594	8.493815645438191	72.14490421869057	44228957.53865272	5556.784261414677	-2.0959545267296558	30877851.32790585	4.393025378118537	4775.154156313474	5.067952456464808	22802097.21655785	25.684142100987692	4747.655734716599	8758.090840885308	1.132068	27.106384	0.04474498	0.0306117	-0.0390279921	0.041419663599999997	-0.0587408054	-0.021303754900000003	0.0970677318	0.0061073728	-0.034066925899999996	-0.073192513	0.0972586228	0.047398458	-0.0017100977999999999	0.0582800758	0.021719988500000002	0.0333218089	-0.0698822584	-0.166369627	0.0403211352	0.073724935	-0.0009149303999999999	-0.0610730325	-0.0466199727	-0.0382442882	-0.023496077200000003	-0.10445776039999999	-0.0086879868	-0.057850312599999995	-0.05142091360000002	0.045384039699999996	-0.039951521499999997	0.076036538	-0.004140716	0.0020775015	0.05275200519999999	-0.0547339621	0.060239066699999996	-0.06275833410000001	-0.0488448929	-0.06985055650000001	0.0117736688	-0.0461817296	-0.0174063981	-0.0227025342	0.08396665910000001	-0.0204097906	0.1055160094	0.0010761349	0.129549608	0.0417966705	0.07745244820000001	-0.010831836499999999	-0.0116925554	-0.1077104499	0.054188100700000005	0.0255273141	0.1463414203	0.0340554877	0.0204231948	0.00264154	-0.0199931741	-0.1029395615	0.0064587633999999994	-0.11161119859999999	-0.1000493446	-0.0408054462	-0.0518758745	-0.0569428712	0.0973662955	0.08303845530000001	-0.0855713792	-0.09676477789999999	-0.0881592966	-0.06297620400000001	-0.0678816569	-0.0683225247	-0.1437960859	0.0501563405	0.016982529399999998	0.061430668	0.024903908399999997	0.09645499960000001	0.0189824228	-0.0421434441	-0.0273267328	0.006736694200000001	-0.0162826337	0.0491923041	0.070352035	0.12574040390000002	0.0269610011	-0.00017267849999999998	0.07303052089999999	-0.1128332675	0.0711114917	-0.0349495904	-0.0683522901	-0.0252379473	0.0656726472	-0.0466496529	0.0054862808	0.0173629673	0.0266032103	0.0275973367	-0.0067053741000000005	-0.0306541119	-0.038539266600000004	-0.0279412519	-0.10503892349999999	-0.0178625449	-0.0596410344	-0.07075950389999999	-0.004759049699999999	-0.0351974959	0.059911975	-0.0050293892	-0.0044279213	-0.058198885	0.0373407286	-0.07980621269999999	-0.0883618047	0.00014280549999999998	0.0603889226	-0.0060827851	0.0505902716	0.055005792000000005	-0.029422321	-0.08682629800000001	-0.0902482741	-0.012657797	0.06194110980000001	0.094919443	0.0154849754	-0.0860313395	0.055562292400000005	-0.0173955503	0.0704412552	-0.1035716979	-0.0135538259	-0.0962129224	0.0067612154	-0.09873100720000001	0.014352473300000003	-0.12160007119999999	0.091811385	-0.0330498927	0.09246238609999999	-0.0239032428	-0.0528480108	0.0296208427	0.11460306519999999	-0.0955512409	0.0379415516	0.09670908439999999	0.0114439053	0.09957667380000004	-0.0130157439	0.0645095721	0.13601064699999998	0.108223296	0.006904137800000001	-0.076960257	0.0407215153	0.0638980166	0.0103739375	0.10013601779999999	0.035700448100000004	0.0670389112	0.011984178100000001	-0.08436467539999999	-0.0189361425	-0.1089191325	-0.0755842147	0.0038235115999999997	-0.0935579033	-0.0054336372999999995	-0.0414395542	0.1092306037	0.0189963488	0.0561978001	0.059534693300000004	0.0690832706	0.0510197726	-0.011551744	0.0050000348	-0.0346698981	-0.0141139641	-0.0404828588	0.0347210596	0.0849285176	0.0651718852	0.0355759084	0.0006088484	-0.034450132599999995	0.0	-0.0327991	0.003242800000000004	0.0010757809608099998	1.0515751840000024e-05	0.0013422000000000006	-2.7999999999942134e-07	1.8015008400000016e-06	7.839999999967595e-14	-0.0445836	-0.027738800000000004	0.0007694410254400003	0.00198769738896	0.00128344	0.00019219000000000007	1.6472182336e-06	3.693699610000003e-08	-0.000289185	1.910900000000001e-05	3.651538810000004e-10	8.362796422500001e-08	-0.000561669	6.3963e-05	4.091265369e-09	3.15472065561e-07	0.0	0.0	0.0	0.0	0.0	0.0	0.0	0.0	0.0	0.0	0.0	0.0
6645.856880803018	-4.628630695576248	21.424222116030663	44167413.68011682	5556.43130158215	-0.3529598325267216	30873928.809201904	0.12458064337729136	4774.297956209518	-0.8562001039563256	22793920.97466638	0.7330786180148228	4746.232407046163	8808.90496556287	0.849692	20.345146	0.06641469999999998	0.0447847	-0.0524275671	0.0290198136	-0.0315736705	-0.0437688496	0.1077643597	0.0763800599	-0.0265877632	-0.0878326447	0.012328001299999999	0.08574501279999999	0.018252318400000002	0.0149411489	-0.0509007007	-0.0303331565	0.0119170068	-0.0344230798	0.0116878224	0.0501759675	-0.0504891887	0.0319247941	-0.0954665025	-0.040046173399999996	-0.010782027	-0.054595211	-0.05934702820000001	-0.0632999791	-0.0360833743	-0.0307551187	-0.0300060042	0.0369986017	-0.0269178617	-0.039937344	0.1383292031	-0.142709253	0.095823174	-0.1141926665	-0.1057852801	-0.0331335811	-0.0032116453999999997	-0.0800740172	-0.0446819276	-0.00023991049999999998	-0.10223947720000001	-0.0221015791	0.0312220404	-0.07278636570000001	-0.0389153496	0.0062699978000000005	-0.024895603500000002	-0.0679306291	0.0181611928	0.0047477259	-0.0269109404	0.0068756077	-0.0539740899	-0.0310568886	-0.0172391554	0.1042713104	-0.0059430284	0.0183466989	0.0126528625	-0.0332140561	0.0810765911	0.010271685899999999	-0.16584662949999998	0.0198219331	0.0230976788	0.0576687459	-0.027043872599999998	-0.0377527379	0.0104554263	0.09101458400000001	-0.0638472854	-0.0513560433	-0.0988617432	0.115603786	0.0356653105	0.0337477339	0.0455917725	-0.0628313629	-0.006276123000000001	0.0599460355	0.0107517037	0.0752307146	0.104802281	0.038007868199999996	0.0700486851	-0.015134485500000001	0.09678686019999999	0.1264646546	0.0039157649	0.18338151190000002	-0.0013068885000000001	-0.0726883044	-0.007626122	-0.047850178099999995	0.0445564106	-0.09753433689999999	-0.1064146517	0.0677211843	-0.0967888351	-0.1477039866	-0.048951829100000004	0.0158538372	-0.0408733359	-0.0116944823	-0.05337023849999999	-0.06766000030000001	-0.0687193662	-0.0126807742	0.0446840485	-0.0217865237	0.0406379385	-0.022822832	-0.045208879900000006	-0.1464119549	0.1213965255	-0.122956534	-0.1419381865	0.0341723548	0.023691940499999998	-0.0162900018	0.0405645592	0.0819157427	0.031806230899999996	-0.0274541213	0.1011396367	0.0157173861	-0.0750210094	0.0168959864	0.0046762871999999995	0.038914168799999996	-0.0962183502	-0.020231853	-0.031986947599999996	-0.0337600183	-0.0209119595	0.031970608399999996	0.024828697599999998	0.06269226259999999	0.0661704111	0.046296264000000004	-0.061389597699999986	-0.0167085902	-0.0370159442	-0.1744159108	0.017958288200000002	0.016411254	0.0376067902	-0.053346459699999994	0.030980946000000002	0.033603422200000004	-0.0047416773	0.0424494059	0.1254555927	-0.0104459179	0.0724975016	0.0713414393	-0.0148826647	-0.14789404220000002	0.056389590999999996	-0.0303102185	-0.0225420161	-0.0659066505	0.0726287998	0.0102379441	0.0367428735	0.0609139682	-0.0536504346	-0.0781035833	0.0348891802	0.0229992775	0.16791156219999998	0.06318102099999999	-0.0461954177	0.009311414399999999	-0.1446623619	0.0751694866	0.0086289095	-0.0128258029	0.095582148	-0.0348544867	-0.1313720936	-0.017755494099999998	0.0133876085	0.12303516369999999	-0.050260550099999995	0.0844569388	0.0634328049	0.0321806203	-0.0042604413	-0.0400145395	0.0	-0.021625400000000003	0.011173699999999995	0.0004676579251600001	0.00012485157168999988	0.0436261	0.042283899999999985	0.0019032366012099995	0.0017879281992099997	-0.0447237	-0.00014009999999999717	1.9628009999999208e-08	0.0020002093416900003	0.00131993	3.648999999999992e-05	1.7422152049e-06	1.331520099999994e-09	-0.00019956	8.962500000000002e-05	8.032640625000005e-09	3.98241936e-08	-0.000431444	0.00013022499999999998	1.6958550624999994e-08	1.86143925136e-07	0.0	0.0	0.0	0.0	0.0	0.0	0.0	0.0	0.0	0.0	0.0	0.0
6633.43100190231	-12.425878900708087	154.40246645506238	44002406.85699868	5562.773676333389	6.342374751238822	30944450.97410769	40.2257174851517	4768.495410186743	-5.80254602277455	22738548.47697204	33.669540346416746	4741.328332831171	8710.762332231974	1.019744	24.416882	0.04073418499999999	0.022252900000000003	-0.0283574387	0.0088358109	-0.0630460208	-0.022295365299999998	0.0034159844	0.0636043388	-0.012096223400000002	-0.0367618233	-0.038756756600000004	0.0731277288	0.0264924756	-0.021016260800000002	-0.015001936899999999	-0.00775523	-0.0336026476	-0.1420898168	-0.0733598328	-0.009155320500000001	-0.044398771600000005	0.0912467876	-0.14822437119999998	0.0065559798	0.0080308037	-0.0645870271	-0.0395043359	-0.039056672	-0.0573607467	-0.0259028496	0.079353413	0.0357242561	-0.0968831909	-0.053971726	0.0809522005	-0.0273527114	-0.0332845888	-0.0402943821	-0.0361669452	-0.0265908757	-0.0635934713	-0.0416240931	0.0796827634	0.0022261654	-0.0281378098	-0.007240917199999999	0.0065998402	-0.102523165	-0.0027650491	-0.0816377027	0.0964630867	-0.112172786	-0.0313113934	-0.0576497089	0.007408274100000002	-0.0462237324	0.0605609451	-0.0400524857	-0.0208717871	0.0336002956	-0.002107457	-0.0439753358	-0.0357267488	-0.0734507001	0.0151327952	0.09538792130000001	0.0582429121	0.18460129399999997	0.09485778289999999	-0.0214093329	0.0090224396	0.0096517923	-0.1277958947	-0.038198498399999996	0.039018652200000004	0.09732935289999999	0.013916089199999999	-0.0386145566	-0.0634971141	-0.11004043279999999	-0.0318617717	-0.15037833820000002	-0.015534221200000004	-0.0905561913	-0.0128799755	0.0037733445000000003	-0.004625219	-0.011483153000000001	0.08603787339999999	0.0185639497	-0.11513405369999999	0.029185335299999997	0.0495350689	-0.1246921889	0.0949538519	-0.1163457571	0.0550866606	0.1316875234	0.055382664500000005	0.019653237900000002	-0.054406086500000006	-0.0850316944	0.1698398942	-0.034666411800000005	-0.1595331274	-0.050477174400000005	0.0065789365	0.0049715904	-0.0658454283	-0.0495623253	-0.036750657799999996	-0.0304685412	0.0584976017	0.0778361832	0.0031066028000000002	-0.09862546109999999	-0.052054961	-0.0789093268	0.0248546992	0.016947650800000002	-0.0709369116	0.0028616915	0.018700308	0.0453871812	0.0775470606	-0.0383425757	0.0312936017	0.0149796105	0.0219422849	0.0044954658	-0.0609053083	0.0263851687	0.1201130661	-0.0729394748	-0.0438994766	-0.0837178062	-0.064600308	-0.0489254106	-0.0108109111	-0.1089845326	0.0702085266	-0.0117470397	0.0090800187	-0.043743907900000004	-0.0223698694	-0.020406602700000002	0.0271593831	0.0010577542999999998	0.14205028460000002	-0.0046858316999999995	-0.13070635460000002	-0.13709902029999999	-0.0161237557	-0.0247686997	0.0187381648	0.10899231039999999	-0.0655419588	0.0587356346	-0.1151705315	0.032069608199999995	0.032681009500000004	0.0867506809	-0.0303513903	-0.0679913437	0.094595506	-0.0522780281	-0.055944437699999995	-0.0085925865	-0.038237461699999996	-0.0100557053	-0.0972587632	-0.049323239500000005	-0.0365474235	0.0014570825	-0.1077195831	0.051361196500000005	-0.08919568289999999	0.0415797338	0.1428790225	0.0802741327	-0.1911330436	0.0361189215	0.0201108047	-0.0965668489	0.0980480443	-0.1190585697	0.15669979109999999	0.008125620200000001	-0.09949413929999999	0.08397052	0.0616491434	0.028734448	-0.0091177559	-0.045403234199999996	0.0	-0.012935399999999998	0.008690000000000005	0.00016732457315999996	7.551610000000009e-05	0.0432366	-0.000389499999999994	0.00186940357956	1.5171024999999535e-07	-0.0428663	0.0018573999999999954	3.449934759999982e-06	0.00183751967569	0.000971678	-0.000348252	9.44158135684e-07	1.2127945550399998e-07	-2.23103e-05	0.0001772497	3.141745615009e-08	4.977494860900001e-10	-0.000501888	-7.044400000000002e-05	4.962357136000003e-09	2.5189156454400005e-07	0.0	0.0	0.0	0.0	0.0	0.0	0.0	0.0	0.0	0.0	0.0	0.0
6630.695596527963	-2.735405374346556	7.482442562004019	43966124.09381532	5550.424170532847	-12.349505800541921	30807208.47283524	152.51029351761852	4762.855569207396	-5.639840979347356	22684793.17312991	31.80780627232573	4734.942571521304	8664.588965375411	1.025658	24.558487	0.04180104	0.0210826	-0.0145782472	0.0136978543	-0.04487248940000002	0.0843172375	-0.0030605661	0.011172861200000002	0.1210174465	0.0376370621	-0.0105700938	0.031813697599999996	0.0131178049	0.00041440199999999997	0.0198961526	-0.0364444214	-0.047435973099999994	-0.0755864402	0.0369491615	-0.0192611514	-0.0723011601	0.0083820543	-0.1487747173	0.0459238841	-0.014412858	-0.0178174849	-0.0652800229	0.1049710006	-0.0028770306	0.006037209	0.06218033730000001	-0.0133150624	-0.0641164617	-0.10049390359999999	0.0813461041	-0.1157180011	0.0596673608	-0.034367544900000005	-0.073311821	-0.10670581300000001	0.11073795460000001	-0.0656943651	0.0109958069	-0.0273610121	0.0344267887	0.041572262400000004	0.044210148600000006	0.1068680018	0.0736000906	0.05071572480000002	0.043700416799999996	0.0046130037	-0.0340068867	-0.0221988513	-0.011516364099999999	-0.1125486099	-0.025798846299999997	0.0608414343	0.009810099899999999	0.08152136089999999	-0.0227003657	-0.020454494	-0.0291694021	-0.013994247	0.0663010776	-0.0455903951	0.0566786454	-0.012545003700000001	-0.036035442	-0.0749297433	0.0441740007	0.12866326849999998	0.15543734539999998	-0.1260410857	-0.025297977000000003	-0.1834195547	0.0417283769	-0.0153426403	-0.031844514500000004	0.0245648619	-0.048524801500000006	0.0201848218	0.059444223	-0.0704576146	-0.0449864965	0.0073682253000000005	-0.0976143242	-0.0585952049	0.0363122847	-0.0677275518	-0.049445272199999994	0.005340996800000001	0.0267288943	0.0298489734	-0.037756400600000004	0.0009489091	-0.14053238210000002	-0.1029175107	0.13635258849999998	0.0560561058	0.17022897010000002	-0.0187560596	-0.0843251923	0.1116423912	-0.044970969400000005	-0.0062721723	0.0459269946	-0.016946523999999998	-0.016787103799999998	-0.0591135675	0.1090540125	-0.0171914991	0.00042566379999999995	0.0461390891	-0.0451581387	-0.0629636571	-0.0922533202	-0.0696263136	0.1022446639	-0.08575248220000001	-0.07215698150000001	0.0292242443	0.12590418890000002	-0.1149107548	0.062374234800000004	0.0209088214	0.0123337868	-0.0181054075	-0.041975491399999995	0.030942622200000002	0.102616499	0.0182318965	-0.0355586357	-0.0534454145	0.040494912	-0.0867477691	0.0455580411	0.014601994299999999	0.061729895300000004	-0.0168945797	-0.0539646377	0.033710127	0.1141867244	0.0612349612	0.04460323730000002	-0.038407641	-0.005686737900000001	-0.012738971200000001	-0.0094635749	0.0823034181	-0.030425382400000006	0.039266589500000004	0.00711171	-0.075878527	0.0118050845	-0.1381767995	-0.11374923880000001	-0.0211292373	0.1222997961	-0.11287865949999999	0.12061565910000001	0.034494086	-0.0477840241	0.0251853177	-0.037811471	-0.061932522699999985	-0.11567338619999999	0.0286250796	-0.0055463275	-0.0439641392	-0.07544291139999999	0.11673179130000001	0.0082780349	0.0365455675	-0.0047843768	0.0199920377	-0.0047906653	0.0325577162	-0.0514845892	0.113880966	0.15247903699999998	0.105764759	-0.025055885099999998	0.1078782323	0.0983330591	0.050430400099999995	-0.1192713852	0.0438759182	0.0331481647	0.0834693467	0.0598221543	0.0252428406	-0.013949442900000001	-0.0505925538	0.0	-0.0276069	-0.014671500000000004	0.0007621409276100001	0.00021525291225000007	0.0495352	0.006298599999999994	0.0024537360390399997	3.967236195999993e-05	-0.0405174	0.002348900000000001	5.517331210000003e-06	0.00164165970276	0.00118551	0.00021383200000000006	1.4054339601000002e-06	4.5724124224000026e-08	-2.21295e-05	1.8080000000000345e-07	3.268864000000124e-14	4.897147702499998e-10	-0.000657516	-0.000155628	2.4220074384e-08	4.3232729025600006e-07	0.0	0.0	0.0	0.0	0.0	0.0	0.0	0.0	0.0	0.0	0.0	0.0
6651.885584159935	21.189987631972144	449.01557584313247	44247581.82475476	5549.601051850048	-0.8231186827988495	30798071.83469516	0.677524365972513	4766.719842138442	3.8642729310458885	22721618.05343633	14.932605285613985	4738.839917979979	8712.516066940088	1.1409760000000002	27.319677	0.07826802	0.0432902	-0.0416210431	0.0167816667	-0.0887077268	0.0334910204	0.0506637358	-0.0353054634	0.006927675699999999	-0.027967809700000002	0.0071560391	-0.0302059698	-0.045272201799999995	0.0058000556	0.08330874049999999	-0.047758533799999996	-0.0536618057	-0.08388662919999999	0.0102057801	0.0226423903	0.0867715102	-0.0454333763	-0.0173592131	0.0212655029	-0.0259166327	-0.10093517460000001	0.0022424111999999998	0.0197828484	0.042778092999999996	0.041420915499999995	-0.0059813743999999995	0.12110278699999999	-0.06647639799999999	-0.026443515499999997	0.10242691289999999	-0.0234790038	0.0495311482	-0.1311664844	0.0382970568	-0.10316167970000001	-0.0166174485	-0.0545664475	0.0771227352	0.07428403	0.1069122675	0.0246835718	0.0550215689	0.077931545	-0.0827653734	0.064822062	0.0649787135	-0.0755432021	0.0318772751	0.0202570425	-0.1052766018	-0.1110798636	0.1697968958	0.08273749009999999	-0.10307234679999999	0.0090836402	0.0210228745	0.1558809056	0.0714487383	0.030708314	0.09877748509999999	0.0969568594	0.0774062946	-0.0046862476	0.033342784300000004	-0.050187116399999995	-0.0212855942	-0.0269233155	0.0513935575	0.0031632703000000002	-0.0710456937	0.0455516895	0.0596738692	-0.055246714	-0.0210327594	0.1127386008	-0.0168095199	-0.017986068600000002	-0.0975802652	0.0153956493	0.001783005	0.0498434529	0.0653811663	-0.05359196	-0.0795483214	-0.10986970189999999	-0.041165276	-0.0262948477	0.0472979415	0.1085122952	0.0038803347	0.0375711604	-0.0719357856	-0.011657513799999998	-0.0060623626	0.0391565323	-0.0205493981	0.0065116752	-0.0706777708	-0.1158993803	0.0271596562	-0.0716951757	0.021891377000000004	-0.0270179932	-0.1001385277	-0.0010430621	0.0081611794	0.006259166899999999	-0.070290142	0.0154144122	0.1037396114	-0.0652933009	-0.0251110854	-0.1061328075	0.0121164457	-0.0514202364	-0.0949528875	-0.0953608703	0.10492048699999999	0.0328294331	0.0865148843	0.0049422675	-0.0629318382	-0.06401439469999999	-0.1244533132	0.025285776099999997	-0.030767825099999997	-0.061607191	-0.08140057980000001	-0.045401118399999996	-0.0818064443	-0.0937517625	-0.0305543042	0.11763124300000001	-0.0925034152	-0.2370266032	-0.0698676617	0.0408282191	0.031831071600000004	0.048487255800000004	-0.0706695594	0.1142464394	-0.071966479	0.0156252902	0.0412234398	0.046377927	-0.029289109900000002	0.0482719763	-0.0289996394	-0.0046607376	-0.0139177778	-0.1047171299	0.0315821149	0.098904264	-0.013609348	-0.0405706931	-0.016420235	0.1108858166	0.11120703189999999	-0.003428272	-0.0088571728	0.0126037378	0.033047872400000004	-0.065423396	0.006366556999999999	0.0710553607	-0.0084756407	0.0983154317	0.1009164611	-0.0474731275	0.0060679885	0.0074740375	-0.0152451576	0.0249428219	-0.107005633	0.0158098043	0.004181357100000001	-0.0146545954	-0.016884168300000002	0.014530186799999999	-0.0870418555	0.0702656062	-0.0111760427	0.0615684104	-0.018119852199999998	0.082953507	0.0579531217	0.0217113192	-0.0187419216	-0.055559711	0.0	-0.0369777	-0.009370799999999995	0.0013673502972899995	8.781189263999991e-05	0.013119399999999998	-0.0364158	0.00017211865635999996	0.0013261104896400001	-0.0405024	1.5000000000001127e-05	2.2500000000003365e-10	0.0016404444057599998	0.000719792	-0.0004657180000000001	5.18100523264e-07	2.1689325552400003e-07	6.563390000000001e-05	8.776340000000001e-05	7.702414379560001e-09	4.307808829210001e-09	-0.000561669	9.584700000000003e-05	9.186647409000006e-09	3.15472065561e-07	0.0	0.0	0.0	0.0	0.0	0.0	0.0	0.0	0.0	0.0	0.0	0.0
6667.035948558207	15.15036439827145	229.53354140041102	44449368.33936743	5574.752506170816	25.151454320767694	31077865.50505779	632.5956544496643	4779.010547339301	12.29070520085952	22838941.81158029	151.06143433443526	4751.152316930404	8917.985934201084	1.369841	32.799664	0.194743615	0.148098	-0.0843249167	-0.0498508323	-0.0032636138	0.07594464969999999	0.09484911720000001	0.0215320785	-0.037002271	0.0017858882	0.0376841252	0.0521168871	-0.0403774184	0.0213213427	-0.11584645210000001	-0.0556641129	0.1546422994	0.061114873099999995	0.0411790114	0.0084034402	0.0501162975	-0.1011787955	-0.0887294401	-0.0787503084	0.0226668424	0.094747285	-0.17935331870000001	0.0074392668	0.10376618619999999	0.0164584565	-0.013150573899999999	0.0773255613	-0.0094971206	-0.0809003996	0.0243676767	0.0048938441	0.0252407877	0.1420035418	-0.0311693193	-0.035342553	-0.08486224769999999	-0.0533938005	0.13310553390000002	0.033695852799999995	0.0451197417	-0.0381797728	-0.0066623642000000005	0.029596227200000002	0.018767876	0.0323921558	-0.0281939314	0.0105475584	0.0752366778	-0.043725523499999995	-0.151100045	-0.0239752804	-0.0094836686	-0.0536125666	0.11313128050000001	0.0063227467	0.1148782186	-0.0062485424	-0.0529926994	0.0100750191	0.0252224237	-0.001399153	0.0362248912	-0.08788268310000001	-0.0565529485	-0.094828009	0.0498872262	-0.09253012449999999	-0.09245545179999999	0.1539939156	0.0114703583	0.0881163341	0.10445619960000001	-0.0481915071	-0.0556146937	-0.0354160081	-0.025211340899999997	0.092788056	0.060150992	-0.0100794205	-0.0110305389	0.1188366155	0.058866405499999996	-0.0447689007	-0.0498965824	0.0291661903	0.0398498007	0.050632270800000004	0.0801447703	0.1049753581	-0.0160481798	-0.065530873	0.1046805612	0.0148650447	0.0788853185	-0.14148492529999998	-0.025114374900000003	-0.0115942728	0.0279400985	0.0841614234	-0.021026017	-0.0737156534	-0.08007514889999999	0.025601232999999998	0.09916334519999999	-0.177155859	0.023792188199999998	0.07783600480000001	-0.0773513655	-0.0039427335	0.0548484678	-0.0082243862	-0.0962648758	-0.030424552799999997	-0.0082512477	-0.0104098632	0.0712867471	0.09473391449999999	0.011379709699999999	0.0905647158	0.1156538859	-0.090012965	0.0147073317	-0.0397907204	-0.046207697199999995	-0.0504994212	-0.0025135911	-0.0368664426	-0.006117683499999999	0.013179885700000001	0.032142612200000004	-0.0962622854	0.133981989	0.09643657380000001	-0.0445268548	0.0668797097	0.045248992300000006	-0.0683632525	0.0371597323	-0.0512104554	-0.0997335479	-0.0537974876	-0.043495829900000005	0.059909550599999986	0.0055696923	0.0107787205	0.0036699696999999997	0.0749429897	-0.0098611403	0.013805215800000001	0.0793755276	0.0318667246	0.1851375149	-0.010925933200000001	-0.1395081603	-0.0632922351	-0.0425498692	0.0673320603	-0.0028758946999999997	0.032032817000000005	-0.0087142746	0.031574335099999996	0.0808312501	0.1559429003	0.1116800775	0.060924585	-0.0115690773	0.0646717926	-0.0188423995	0.0201628026	0.0520304096	0.1046112642	0.0309640142	0.021428475899999997	-0.0254035079	-0.0196669895	-0.0642146073	0.0187999429	0.10298298269999999	-0.029977660099999998	0.0186028908	-0.1539477655	-0.0724268824	-0.0587635269	-0.0533534021	0.0824230915	0.056043359	0.0181454677	-0.0234817216	-0.060282893899999995	0.0	-0.031154200000000007	0.005823499999999992	0.0009705841776400002	3.3913152249999905e-05	0.160327	0.1472076	0.025704746929000002	0.021670077497759996	-0.0241512	0.0163512	0.00026736174144000003	0.0005832804614400001	0.00111105	0.00039125799999999985	1.2344321025e-06	1.5308282256399992e-07	-5.03344e-05	-0.0001159683	1.344864660489e-08	2.5335518233600002e-09	-0.000561669	0.0	0.0	3.15472065561e-07	0.0	0.0	0.0	0.0	0.0	0.0	0.0	0.0	0.0	0.0	0.0	0.0
6678.546415803933	11.510467245726433	132.49085621494103	44602982.22804757	5584.009865793755	9.257359622939477	31181166.18128199	85.69870718843009	4781.552123976137	2.541576636835998	22863240.71430071	6.459611800910584	4752.798340620855	9011.354076453408	1.623094	38.863575	0.20197892	0.117006	-0.0816784072	-0.1515963894	0.1887081872	0.0825854197	0.0288450716	0.0968559559	-0.09318299140000001	0.11607299369999999	-0.0252488867	-0.0314579846	-0.025936242999999998	-0.0771849919	-0.18618660350000002	-0.067408827	0.1234512814	0.0939101023	0.0365313733	-0.0610260046	-0.0993852372	-0.0613895518	-0.15015272359999998	-0.1085010973	0.1755246185	0.287082954	-0.23391724960000002	-0.023193544	0.0606533338	0.0482890655	-0.0244670118	-0.117141206	0.0635153307	0.0184514213	-0.0325360107	-0.0282374994	0.1459677458	0.0736842176	-0.036025893999999996	0.1001740052	0.1018080518	-0.054807734500000004	0.08981830140000001	0.006028295899999999	0.0009394491999999999	-0.0543382084	-0.0634864392	0.154568176	-0.042652726200000005	0.0432311703	-0.0801879616	-0.012300858999999999	0.0765201435	-0.0398991823	-0.0735022161	0.10953079269999999	0.0797668116	-0.033145054300000004	-0.0133529574	0.0095831655	-0.0234642059	-0.012565756499999999	0.0526263834	0.0441509908	0.0666192585	-0.044940136900000004	-0.0223393588	-0.0406259273	-0.0352359367	0.0732013267	0.011894326299999999	-0.0157222731	-0.049866039800000005	0.0791281147	-0.0529729325	0.0450775897	-0.0542066484	0.012325731299999998	0.0357138928	-0.0625106805	0.0052340464	-0.0339325088	-0.0037525619	-0.0834294037	-0.059966596799999994	0.0844833035	-0.0350989873	0.0176911212	-0.0036696121999999997	-0.1225291645	0.0094943845	-0.0463019183	0.0507445575	-0.032031414300000005	-0.09234905789999999	-0.0198613589	0.024544255	-0.0185650925	-0.0407707675	0.042268068799999996	0.054816519400000006	0.0627616347	-0.0842060468	-0.1113491918	0.0858044171	-0.0834972752	-0.1085907106	0.17961435039999998	0.2885944167	-0.22264676739999997	-0.0032560703000000003	0.0328096817	-0.0587386371	-0.0633560687	-0.119141939	0.060189243899999995	0.027209769100000003	0.0371257104	0.0314202165	-0.1439751477	0.0557230834	0.0614627125	-0.0880221726	-0.09385535710000001	0.061688793799999996	-0.0708360851	-0.0004322299	-0.0066219025	-0.0021083202	-0.0816936717	0.0355944968	-0.1485367491	-0.1310082027	0.061198458399999996	-0.0075424602	0.0153097031	0.0305182886	-0.0191676731	-0.1482240782	0.006121306500000001	0.0399867171	-0.015307528400000001	0.0017405832	-0.0032580602	0.0620429968	0.009744847099999999	-0.07659897360000001	-0.0054959648	-0.0605803413	0.0316714682	0.0059097986	-0.0133899304	-0.0778805851	0.0021523192000000003	-0.025253418599999997	0.019380506000000002	0.13613778199999998	0.009472088	0.0135711027	0.0626302654	-0.044812041399999995	-0.029419441600000002	-0.0042860987	-0.0661064217	0.049312166100000006	0.0208491784	-0.054853565800000004	0.0334452535	0.0341835302	-0.038383246	-0.1349121175	0.07759647360000001	0.0732461663	-0.0897974113	0.0351212283	0.0126717679	0.0754759209	-0.0033386124	0.0108478374	-0.021441956800000002	-0.0030668331	-0.0412363355	-0.0488168125	0.0739791783	-0.0360651139	0.054831104500000005	-0.0786432564	0.06866424	-0.056166416	0.0818781935	0.054094208600000006	0.0145509244	-0.0281555204	-0.064741362	0.0	-0.016113299999999997	0.015040900000000006	0.0002596384368899999	0.00022622867281000015	0.218463	0.05813600000000003	0.047726082369000014	0.0033797944960000026	0.0733877	0.09753889999999998	0.009513837013209998	0.00538575451129	0.00114722	3.617000000000008e-05	1.3161137284e-06	1.308268900000006e-09	0.000126262	0.0001765964	3.118628849296e-08	1.5942092644e-08	-0.000149173	0.000412496	1.7015295001599998e-07	2.2252583928999998e-08	0.0	0.0	0.0	1.0	0.0	0.0	0.0	0.0	0.0	0.0	0.0	0.0
6676.81549178448	-1.7309240194526865	2.9960979611182443	44579865.11133324	5607.907563180458	23.89769738670293	31448627.237176586	571.0999403864281	4786.769044441222	5.216920465084513	22913157.88482073	27.21625913901761	4758.893079981145	8947.073986639321	1.867569	44.717312	0.40594615	0.310363	-0.069970408	-0.17651084949999998	0.2046058334	-0.0008388654	-0.1109651911	0.0646260211	-0.0904565276	0.1943206573	-0.122114704	-0.08265163240000001	-0.0318182335	-0.11824264039999999	-0.1386458085	0.0864308102	-0.1208225175	0.119611155	-0.18614811050000002	-0.0345010895	0.1253853668	0.0350660943	0.0377680801	-0.1453868064	0.1569716526	0.13586684029999999	0.1161097118	0.0735313696	0.0819891858	0.1243141543	0.10620008189999999	-0.1176128836	-0.024689821	0.0768859223	-0.17210954280000001	0.0296860378	-0.1066004041	-0.0016705263	-0.0118789239	0.0019111412	-0.0540111338	-0.0588845468	0.043663762099999996	0.1502027885	0.0148607246	-0.1399620824	-0.008850551600000001	0.015462067900000001	0.028045565800000002	-0.0998070676	0.016216631699999998	0.0404547957	-0.0707727536	-0.0368855798	0.041107359700000005	0.0628341951	0.0533795721	-0.075904912	-0.0091195728	-0.0055717048	0.0654586663	-0.0255538919	0.1517338637	0.0936420492	-0.0021398387	-0.06602107980000001	0.11783779300000001	-0.0670033698	0.0048164628	0.055691526799999995	-0.0189787426	0.1005966477	0.0260820851	-0.030431964	0.0485136124	-0.1563422457	-0.1095516969	0.0995568486	-0.0239632829	0.042318875199999995	0.0053176486	0.0231964744	-0.1514673453	0.0137136804	-0.12624555880000002	-0.0019934336	0.0815304837	0.018837473700000003	-0.14500873390000002	-0.08447743960000001	-0.0059297562	0.0437413516	0.094519442	-0.0087436809	0.0754936219	0.021379384900000003	-0.016408771399999997	-0.0303183596	0.12449305869999999	0.0883350714	-0.09922541970000001	-0.030176069500000006	0.0935151115	0.0635318991	-0.0312355765	-0.069331331	-0.1450568232	0.15717707779999998	0.129735718	0.1205599967	0.060007227	-0.024841433399999998	-0.1451621123	0.0691409402	-0.1291509992	-0.0333678408	0.1015184161	0.1656733912	-0.0169467013	0.09939853	-0.0263060281	0.0161814428	-0.0334377297	0.061503257900000004	0.1094253491	-0.024546092999999998	-0.12248495949999999	-0.0525138988	0.0615274299	-0.1218931582	-0.0149533915	-0.0378969034	0.1044204101	-0.016587823600000003	0.0863659271	0.0348875726	-0.039895070299999995	-0.0480524888	0.0056805876	0.0052150214	0.0531647348	-0.0339243562	0.0147924371	-0.0611818872	0.036258593799999995	0.0933420359	-0.1074495022	0.10142327470000001	-0.0663916172	0.0452087529	-0.0014420589	0.045955902	-0.0140909942	-0.0391858227	-0.0788279396	-0.07198880719999999	-0.0469954908	-0.1150188989	0.192982294	0.0212509871	0.11291471	-0.0274256017	0.1327289019	0.015241788999999999	0.120486872	0.11841372650000001	0.0067511067000000004	-0.07723267389999999	0.0316452591	-0.0011933584	0.053150097699999996	0.0121732848	0.10516201619999999	0.0036785490999999997	0.0870045284	0.0551135959	-0.0989521931	0.11390067300000001	-0.004027416	0.019114861299999997	-0.062381810999999995	0.11159543720000001	-0.0641711517	-0.0691241564	-0.0219362415	-0.0418799957	0.0872606586	-0.05753779780000001	0.043605285	0.0813189087	0.052107040199999996	0.0109333732	-0.0327501813	-0.0689155372	0.0	-0.0371102	-0.020996900000000002	0.0013771669440399998	0.00044086980961	-0.08566029999999998	-0.3041233	0.0073376869960899965	0.09249098160289	0.123685	0.05029729999999999	0.0025298183872899988	0.015297979224999998	0.0012304900000000005	8.327000000000052e-05	1.5141056401000013e-06	6.933892900000086e-09	-0.00019956	-0.000325822	1.06159975684e-07	3.98241936e-08	-0.000350654	-0.000201481	4.0594593361e-08	1.22958227716e-07	0.0	0.0	0.0	0.0	1.0	0.0	0.0	0.0	0.0	0.0	0.0	0.0
6621.3244747505705	-55.49101703390989	3079.252971457677	43841937.79993092	5555.361519850368	-52.54604333009046	30862041.61623419	2761.0866696477447	4767.455449092565	-19.313595348657145	22728631.45908239	373.0149652916708	4739.362938021018	8689.798515807135	1.579568	37.821388	0.16407915000000006	0.0932235	-0.02698021	-0.1819957469	0.1141715541	-0.1973119869	-0.0497749098	0.046621528899999994	-0.100844978	0.126883891	-0.09254711189999999	-0.1212348019	0.0780079739	-0.010754186200000002	0.0798017945	0.0470838696	-0.2143284834	0.08984906949999999	0.012290231200000001	-0.0015891407	0.17532667940000002	-0.0167711879	0.0258664956	-0.0340738117	0.13024362	0.1352485286	0.2917458587	-0.1134908505	-0.0376878628	0.1239975343	0.0905686942	0.018338458999999998	-0.016712493000000002	0.1060693758	-0.2088642023	-0.049513462	-0.036082239700000004	-0.0108401629	0.1093300091	0.014460261200000001	0.0324329771	-0.1626633955	-0.0555457684	0.0470607923	-0.0866739102	0.1314922402	0.09116051119999999	-0.12327342869999999	0.0476829662	0.0828352109	0.047489034299999996	0.0628363623	0.0579055852	-0.09915591480000001	-0.06552845339999999	0.0716481447	0.0498703899	0.037777445	0.0286348818	-0.0359434695	0.1257175164	0.0696617796	0.005458928199999999	-0.0476149955	-0.0456498834	-0.0176505107	0.0138588195	0.0897543657	0.0655119193	-0.2196994918	-0.0284994856	-0.13317179	-0.053556538499999994	0.1268356515	-0.08863485869999999	-0.0721834285	0.0199544129	-0.0846322462	0.1010903512	0.0378653682	-0.0549330403	0.0361017506	0.0737796711	0.1001490909	-0.029058797200000007	0.1064143752	-0.0227072089	0.12053688650000001	-0.026686334	-0.085622995	0.0469943457	0.041806800299999995	0.0299731537	0.1830242415	0.0136658142	0.0774016253	-0.0194841083	-0.022762970499999997	0.049854076100000005	-0.0055299262	0.09807665550000001	-0.049655613499999994	0.0668611937	0.0526325412	-0.045673349	-0.0013073419	-0.0346510302	0.1339211566	0.1281409346	0.2726046715	-0.1482637774	-0.1112989332	-0.0753831052	0.09603902369999999	-1.5643699999999994e-05	-0.0277972363	0.11281269460000001	0.20129106089999999	0.058987634800000015	0.043736770599999995	0.0428084177	-0.09450873189999999	-0.0134660804	-0.049086532	0.10827510550000001	0.1075906562	-0.0477250648	-0.0161580683	0.05740585	0.1352306589	-0.083240794	0.12951789689999998	-0.0031255728000000003	-0.0638333165	0.0021464972	0.031603516	0.1431956027	-0.0201235713	-0.1076820107	-0.0286063085	-0.0366924327	-0.06788191639999999	-0.0344598254	-0.0843424915	-0.1243521576	0.0322631869	-0.0036576076	0.0143489099	-0.0272705286	-0.030520677599999997	-0.1002340959	-0.022989523900000003	0.17962242309999998	0.0028273467	0.1630960623	0.0314153116	0.1423898506	0.0381839639	0.0585508322	-0.1043730533	-0.1558832768	0.0822332403	-0.0172050521	0.0740425852	-0.0563410162	-0.0818691859	0.10347886949999999	0.044962591600000004	0.0638312304	-0.1048354997	-0.0161745715	0.0297037012	0.070450422	-0.023249948700000002	0.1383966151	0.034780498300000004	-0.0336736056	0.005547428399999999	-0.1561291589	-0.0138841702	0.0219731713	0.05985887400000001	0.0334470748	0.0776553658	0.1280488068	0.0044210290999999995	0.0551918536	-0.0126935377	0.015224167	0.0807453353	0.050083250499999996	0.0072985341	-0.0372527898	-0.07278709	0.0	-0.0607665	-0.0236563	0.0036925675222499992	0.0005596205296899999	-0.167829	-0.08216870000000003	0.028166573240999998	0.006751695259690004	0.104239	-0.019445999999999974	0.0003781469159999991	0.010865769121000004	0.00155641	0.0003259199999999995	2.4224120881e-06	1.0622384639999967e-07	-0.000584649	-0.000385089	1.4829353792100005e-07	3.4181445320100004e-07	-0.000415808	-6.515400000000005e-05	4.245043716000007e-09	1.7289629286400007e-07	0.0	0.0	0.0	0.0	0.0	1.0	0.0	0.0	0.0	0.0	0.0	0.0
6585.076290662042	-36.248184088528426	1313.9308497158459	43363229.75383936	5553.444089408812	-1.9174304415555523	30840741.25418967	3.676539498203921	4753.8459885501015	-13.60946054246324	22599051.68285389	185.21741625686383	4725.8619779652645	8391.980014538056	1.4131049999999998	33.835564	0.26410537	0.176254	0.0500063249	-0.1444055813	0.08576000240000001	-0.1097840304	0.0177409276	0.0600402578	-0.129724912	0.0410201834	-0.11910735539999999	0.0194223736	-0.0363960953	0.0171080128	0.14743968529999998	-0.004324482199999999	0.0013395687	-0.0505182853	0.0383337984	0.0296278796	0.2146988857	-0.0152886555	0.0299656454	0.0698672528	0.1296023367	0.1343827165	0.1082744531	-0.0346735116	-0.0497678092	0.0480374625	0.0418450225	0.10903517539999999	-0.0559754321	0.0969267194	-0.1480068601	-0.0057220414	-0.09707502539999999	0.0965611422	0.052084815599999994	-0.068190047	-0.1982954388	-0.08987677449999999	0.0384321293	0.025530755099999997	0.08060828099999999	0.005038041500000001	0.1357574069	0.0119304723	0.045395640300000005	-0.0524566912	0.0443521643	-0.0036516947	0.0718400704	-0.0197825207	0.11389727449999999	-0.17989511809999995	-0.0901465432	-0.0573142225	-0.0644553409	0.0349456748	-0.0204176748	0.031513875	-0.0049059438	-0.11379620480000001	-0.0070008545	0.06975881440000001	0.10039734609999999	-0.03592764	-0.0407570333	0.07043849349999999	0.0337408796	-0.0310965292	0.0336959879	-0.0097668331	-0.1490645253	-0.0933181734	-0.012564485700000001	-0.1031179933	-0.0440536826	-0.014445648899999997	0.0413763331	-0.1485157488	-0.0356548545	0.0108489439	0.0533342596	-0.0419195738	0.0041147365000000005	0.0306224133	-0.0414799754	0.1068207427	-0.0330214373	0.1113785732	0.024955928	-0.10700689810000001	0.0283930183	-0.0739022936	0.0413654475	-0.0753214046	-0.1408299979	-0.0334595923	0.0316929126	0.09601267890000001	-0.0755686397	-0.0030308851	0.034426209	0.13941707820000002	0.0702886719	0.1314086143	0.1303105438	0.0933704699	-0.0620590561	-0.0785948067	-0.018812283	0.07821298089999999	0.1064608565	-0.0599550393	0.0773699101	0.1244772798	0.025967591	0.1246635615	0.08909440240000001	0.010730853799999999	0.0202789227	0.19446474530000002	0.1296587752	0.055671959699999995	-0.014033031100000001	-0.0881947642	-0.09200613460000001	0.0592283871	0.0407850523	0.0007600573	0.1068456565	-0.0373505612	-0.049792656100000006	-0.0193795276	0.0869516128	-0.0177706752	0.19323777670000009	-0.0629678768	0.0657660002	0.0756933259	0.0444094391	0.023733076800000003	-0.0490113872	0.0464736113	0.1071935111	-0.0052955832	0.07953879009999999	0.0344617907	-0.0528755828	0.023319674500000002	-0.12054455189999999	0.0244588826	-0.0246831944	-0.041843928100000004	0.0720297658	0.0725032985	0.1221998761	0.036019839	0.0780676357	0.0790114938	-0.0371586756	-0.0988090143	-0.0397442733	-0.0552423732	0.026283424500000003	-0.0134003899	-0.0822514872	-0.0439903122	0.061841264000000014	-0.0762336888	0.0010056196000000001	0.0429886647	-0.0607924972	0.08704547039999999	-0.026182431800000003	0.0475966538	0.096421526	-0.024018517000000003	0.0587445443	-0.17025244949999999	0.0320106586	0.0211547168	-0.0690789094	0.0376022469	-0.022930507200000002	0.054910532699999993	0.09383783429999999	0.0801575741	0.048024261799999995	0.0036521544	-0.0416506902	-0.07633901950000001	0.0	-0.0554732	0.005293299999999994	0.00307727591824	2.8019024889999933e-05	-0.00141818	0.16641082	2.0112345124e-06	0.027692561013072402	0.061417	-0.04282200000000001	0.0018337236840000007	0.0037720478889999996	0.000978005	-0.0005784049999999999	9.56493780025e-07	3.3455234402499993e-07	-0.00063831	-5.3660999999999986e-05	2.8795029209999985e-09	4.074396561e-07	-0.0007753269999999999	-0.0003595189999999999	1.292539113609999e-07	6.011319569289998e-07	0.0	0.0	0.0	0.0	0.0	0.0	0.0	0.0	0.0	0.0	0.0	0.0
6584.489297390016	-0.5869932720261204	0.344561101403931	43355499.30744366	5530.369510704909	-23.07457870390317	30584986.92493445	532.4361823626217	4740.1786523036135	-13.667336246488047	22469293.655754898	186.796080074566	4712.186936286703	8326.63433432703	1.108789	26.548986	0.13272847	0.0721248	0.0684537537	-0.0771324804	0.0253059707	-0.0526009955	0.0269618732	-0.020402825	0.0103268892	0.0043870318	0.0054560797	0.026082107900000002	-0.0774722286	-0.0706380224	0.11951947710000001	-0.04541487190000002	-0.043635296399999995	0.0373759507	-0.0081531995	-0.10391755039999999	-0.003730142	0.014699356100000003	0.012303468799999998	0.1676993185	0.028809291400000006	0.0751578162	0.108559332	-0.0852553658	-0.0085175918	0.1243430699	0.0022974868	0.0711287998	-0.0660554272	-0.0029286431	-0.1510594849	0.0287929013	0.0594901921	-0.0798604631	-0.0386890119	0.012535990600000001	-0.019627108100000002	-0.0314326248	-0.0064613815	0.1298303539	0.158562583	0.017753653	0.0722073627	-0.025740856800000003	0.055056687	-0.014482393100000001	-0.11247717210000001	-0.0237688819	-0.0154410472	0.1291362501	0.0237095601	-0.053386851799999996	-0.0392290474	-0.0821582533	0.0386907826	-0.0316111486	0.0230605974	-0.09255207859999999	-0.008393694699999999	-0.0888041768	0.0006344882	0.0302079902	-0.043773265199999994	-0.0094337333	-0.059158351	0.0786094343	0.059748092999999995	0.064534818	-0.09566471730000001	0.06551514230000001	-0.0141933618	0.0828071077	-0.0662309535	-0.0375737258	0.0363772687	-0.08759109400000001	-0.0267550772	0.00043727239999999997	0.042729082800000005	-0.0572480853	-0.0330365102	-0.137314924	0.0006192241000000001	0.110605274	0.0877661412	0.0592414883	-0.0559497242	0.061594525199999986	-0.048988093899999995	0.0925830008	0.017230653000000002	0.09800408890000001	0.027775131499999998	-0.010656476000000002	0.031851459900000004	-0.051982107	-0.0057614986	-0.0700155996	-0.044277339000000006	0.0264993719	0.0683593426	0.08628132279999999	0.1663946395	0.0310409544	0.0739933216	0.0910321439	-0.0956807749	-0.0845172475	-0.0941084147	0.026280716699999998	0.0610679168	-0.0748281766	-0.0050884078	0.1485269986	-0.0318180689	-0.0642389833	-0.0691889959	-0.0170793755	-0.0272649715	0.0313465712	0.0315931759	0.031523909700000005	-0.1530208152	-0.0140331929	-0.13498873720000001	-0.0062229506999999995	-0.0052664949	0.050372120599999994	0.028415136299999998	0.10381050900000001	-0.019424138799999997	-0.0157832955	-0.0314254374	0.07556529769999999	0.1138838823	0.08541332019999999	0.0922133549	-0.015577510900000001	-0.0762603841	-0.0302909939	0.0301896172	-0.0890695875	0.0384938166	-0.0704171684	0.028692009100000002	0.0153387024	-0.0412176121	0.037337308799999996	-0.0741348361	-0.1057010601	-0.061066913099999995	0.0913337985	0.07819113700000001	-0.0087714265	-0.0538974671	0.0866973182	-0.0405013105	0.0046564155	-0.076678315	0.0103914783	0.036364325600000004	-0.0035752439	-0.0925055166	0.0429403231	-0.0172542134	-0.048329995300000005	-0.0074272338	-0.1674990994	0.0256705316	0.1008039396	0.0361823363	0.022544725699999997	0.0180974586	-0.0690118388	-0.09101900119999999	-0.0488121461	0.037726687599999996	0.053447241500000006	0.0775876336	-0.021250419	0.0341684663	0.0723559466	-0.0364796789	-0.0512086893	0.0226047073	0.0795557284	0.0459315212	0.0	-0.0459315212	-0.0795557284	0.0	-0.0438327	0.011640499999999998	0.00192130558929	0.00013550124024999996	-0.0324125	-0.030994319999999995	0.0010505701562499995	0.0009606478722623996	0.0122144	-0.0492026	0.0024208958467600004	0.00014919156735999995	0.00165587	0.0006778649999999999	2.7419054569000003e-06	4.595009582249999e-07	-0.00063831	0.0	0.0	4.074396561e-07	-0.000915283	-0.0001399560000000001	1.958768193600003e-08	8.37742970089e-07	0.0	0.0	0.0	0.0	0.0	0.0	0.0	0.0	0.0	0.0	0.0	0.0
6577.897835474554	-6.591461915461878	43.44737018298437	43268739.93394082	5524.746683411482	-5.622827293426781	30522825.91586617	31.616186771705127	4743.694657622674	3.516005319060241	22502639.004757896	12.362293403659908	4715.899570183774	8349.077055301877	1.173085	28.088511	0.18794978	0.168224	0.061383817199999996	-0.0580526735	-0.0252869007	-0.09256102210000001	0.0356660959	-0.0050108743	0.0218647281	-0.0379791667	0.020320482	0.0549877099	0.0500453335	-0.11573982769999999	0.05292842389999999	-0.1293888146	-0.0082200952	0.0202869441	-0.0584084838	-0.17728310809999998	0.0030857916	-0.11813786050000001	0.0150170471	0.16175849550000002	0.0541257546	0.0616488545	-0.038894296200000004	-0.1366184982	-0.0372343059	0.0184174753	0.0501594945	0.047850738600000005	0.008205872	-0.045385320199999996	-0.08641690519999999	-0.0054455062	0.0753822413	0.0255954288	-0.0669688639	-0.041157365099999996	-0.02882019	0.1294138055	-0.12262620369999999	-0.0644536832	0.0409297411	0.0843116847	0.0923281594	-0.0690373741	-0.0666326434	0.0551105987	-0.046649720199999994	0.049377435	0.1298095114	0.068057341	0.0472708439	0.0428570728	0.0219255179	-0.1294262917	0.0580053658	-0.0025701719	0.0973330674	-0.0762097254	-0.0210748632	-0.0087208963	-0.0512696021	-0.0054517054	0.0023969075	-0.0577460662	-0.0218852755	-0.0565460622	0.037547142	-0.1019397531	0.12216655929999999	-0.0930760458	0.074426418	-0.0127811639	-0.0129956018	0.061952840999999995	-0.1018751241	0.058092557300000014	-0.15458864519999999	0.0011750184	-0.0206201346	-0.0095343279	0.0475133559	0.10174170449999999	0.10021935679999999	0.026954590499999997	0.025533070499999998	0.08593070230000001	-0.0194074403	-0.0188289103	-0.0235343973	-0.0891755406	-0.1461092824	-0.0703646872	0.0221435935	0.2189816436	0.0742259842	-0.0143627696	0.0279691675	0.0378453244	0.0473150204	-0.0146850107	-0.0469771392	0.0875663593	0.1607545177	0.053710008200000006	0.060037872699999995	-0.052339740700000005	-0.1355297111	-0.0458744603	0.006899164	0.0369011322	0.009278342	0.001114783	-0.0667890139	0.0781577192	0.0092791116	-0.049354200300000005	0.0011949617	0.10314659640000001	0.0467127265	0.0556392199	-0.1787531408	0.09303612230000001	0.0155056452	-0.048503805700000006	-0.07847183690000001	0.10906099300000001	-0.0548262983	0.0283645958	-0.0695536797	0.046583739900000004	-0.06018606610000001	0.1260027895	0.0688110733	0.0307189902	0.0452192048	0.054003835300000004	0.1136708553	-0.0989263675	0.0106206358	-0.0654865726	-0.06804136200000001	-0.08983600050000001	-0.011347493799999999	0.0370502846	-0.012459026599999999	-0.0054322630000000005	0.060371660099999995	0.030586347200000006	0.0286072707	0.0953524292	0.0580183758	-0.1440734599	-0.087222243	-0.0676190963	-0.0262169464	0.0062338311	0.0654955614	-0.0108384437	0.0975509224	0.054913250700000006	0.08567990460000001	-0.0748848129	0.09812508269999999	0.0727617715	0.0085110917	0.0481308788	-0.0320545812	-0.077189841	0.0062777018	-0.0073572336	-0.10460612470000001	-0.0419080541	0.15738217570000002	0.010403539100000001	0.048890321699999996	0.1063090885	-0.17503795760000002	0.008572789300000001	0.0005673103	0.045813288099999995	0.06999289639999999	-0.050651931799999994	0.019430723400000002	0.0051853192999999995	0.0131988149	0.078939904	0.0438064995	-0.0036521544	-0.050083250499999996	-0.0824230915	0.0	-0.0438582	-2.549999999999775e-05	0.00192354170724	6.502499999998851e-10	0.134798	0.16721049999999998	0.018170500804	0.02795935131025	-0.00308213	-0.01529653	0.0002339838300409	9.499525336900004e-06	0.00156833	-8.75400000000001e-05	2.4596589889e-06	7.663251600000018e-09	-0.00063831	0.0	0.0	4.074396561e-07	-0.000936088	-2.080500000000004e-05	4.3284802500000176e-10	8.762607437440003e-07	0.0	0.0	0.0	0.0	0.0	0.0	0.0	0.0	0.0	0.0	0.0	0.0
6567.788177435385	-10.109658039169515	102.20518566894484	43135841.54366001	5532.337363979681	7.590680568198877	30606756.708885644	57.61843148843204	4756.032429057549	12.337771434875322	22619844.46624705	152.22060397922544	4728.374866123479	8301.875628873771	1.336904	32.010998	0.04073322	0.017585799999999995	0.09069935800000001	-0.0099163787	0.0383705601	0.041998957	0.0235538615	0.040571963100000004	0.0612409087	0.0175983685	0.0052393838	0.0276929325	0.0370750882	0.0119093545	-0.0016555243	-0.1568851029	0.082189905	-0.1080924449	-0.0693696662	-0.0591870506	0.0056656001	0.0374021281	-0.0561757811	0.0649495886	0.0245456689	0.060604065599999986	-0.10777509560000001	0.0375468663	-0.08132253860000001	-0.030951563900000006	-0.0197281699	-0.0578846402	-0.1111417025	-0.0844128081	-0.0894661357	-0.0256688766	0.0148228978	-0.0318215039	-0.0755418617	0.0067614275	-0.0403670108	0.12922343449999998	-0.0650995078	-0.08610060130000001	-0.035129549700000005	-0.1384203531	-0.026995580499999998	-0.0713570444	-0.1220088276	-0.05919745150000001	0.1299687151	-0.018951682	-0.0784601498	-0.077829828	-0.0165722958	-0.0185160048	-0.0087830275	-0.0444677033	-0.0486381516	-0.0552347904	0.0324696047	-0.1056256793	-0.034945273	-0.0530141418	-0.0020972611	0.0498088983	0.0568911401	-0.039915766299999995	0.058128298700000004	-0.0276172175	-0.050404047300000004	-0.036435079599999996	-0.0595715532	0.0538022908	-0.057274679400000014	0.09889456210000001	-0.0109685275	-0.034432734300000004	0.0019906985	0.1692907466	-0.0376098062	-0.0625841286	0.0229414451	-0.0388195031	-0.0485949982	0.053901220300000004	-0.0104644246	0.0262420072	-0.11214493769999999	0.0191150954	-0.0353436471	-0.0371435273	-0.12351575029999999	-0.0034885114000000003	0.0619774555	0.11884988560000001	0.125457023	-0.020995339	0.017267542900000002	0.0313853408	-0.0957525502	0.07327358910000001	-0.0745191791	-0.029313849	0.0656783003	0.0003630368	0.0634326677	0.023790938799999998	0.0633652236	-0.1005555491	0.048870907400000003	-0.0387080629	0.0866045825	-0.0413455201	-0.059268782	-0.0949739565	-0.0808019005	0.0898419251	0.0315405147	-0.0067760476000000005	-0.0709593141	0.0846882033	-0.0150481518	0.0434428183	-0.1672639539	0.013022746699999999	0.09220504869999999	-0.0148546236	0.04424373	-0.09108847960000001	-0.1018504488	-0.0367911539	0.0884600638	-0.1016490476	0.0510835953	-0.0519316594	-0.0857869096	-0.0396131383	-0.015413719099999999	-0.0412865304	0.020721698400000002	0.0575269315	-0.0383991708	-0.0818107117	-0.0210492689	-0.0119174133	0.0492125374	0.11301645119999999	0.0775915023	0.0810250661	-0.0244047263	0.0077886876	0.0359853629	-0.0179741178	0.0284218137	0.0314677012	0.06801336599999999	0.0820434828	-0.024525639900000003	0.1228876384	-0.038149635099999996	0.08573825689999999	0.166167819	-0.0073706051	-0.0486196807	-0.0375389944	-0.0165872847	0.0477909428	0.0589775846	-0.0618216913	0.0303808392	0.014312494399999999	0.0334983668	0.092911517	-0.024038050800000002	-0.0888590775	-0.0472202987	-0.0760957701	0.0108699975	-0.1733333116	-0.0660129874	0.051332208600000005	-0.026432291099999998	0.0240586967	-0.14181325990000002	0.0512088304	-0.037019751000000004	0.0166358672	0.0164505587	0.0783102091	0.0416506902	-0.0072985341	-0.054094208600000006	-0.0849285176	0.0	-0.0382684	0.005589799999999999	0.00146447043856	3.1245864039999986e-05	0.129414	-0.005384000000000001	0.016747983396	2.8987456000000003e-05	-0.0144968	-0.011414669999999998	0.00013029469120889994	0.00021015721024	0.00136061	-0.00020772	1.8512595721e-06	4.31475984e-08	-0.000565517	7.279300000000002e-05	5.298820849000005e-09	3.19809477289e-07	-0.00102247	-8.638199999999987e-05	7.461849923999975e-09	1.0454449008999998e-06	0.0	0.0	0.0	0.0	0.0	0.0	0.0	0.0	0.0	0.0	0.0	0.0
6558.373504452287	-9.414672983097262	88.6360673786615	43012263.023901775	5528.54883759196	-3.7885263877205935	30564852.249639414	14.352932190455256	4761.894652362686	5.862223305137378	22675640.68020035	34.36566207929579	4733.999297180934	8077.999504662709	1.230147	29.454811	0.026509999999999995	0.0126315	0.1392362597	-0.040731510299999996	-0.0142822604	-0.11923871789999999	0.0452326175	-0.0162724207	0.0132528549	-0.0047624807	-0.0096464998	-0.1230384709	0.0167159898	-0.0572778952	-0.0218322777	-0.129031578	-0.0344961375	-0.0699445943	0.042290937199999996	-0.021239610699999998	-0.0674724242	-0.055791191600000005	0.0477663569	0.0221513382	0.0432562941	0.030880379500000006	-0.1268294242	-0.1430864868	-0.0426518961	-0.0883900736	-0.036364601600000004	-0.0563130394	-0.1137680817	-0.0665134896	-0.0092670839	-0.0433617408	-0.0194681148	-0.049945431900000004	0.0361763003	0.0564041937	-0.0166280161	0.0686891045	0.018764558400000002	-0.0801725547	-0.0665865943	-0.0247279506	0.13967514720000002	0.057414173799999996	-0.1429277662	0.0022973114	0.0045572875	-0.0995116959	0.0298852903	-0.0879634449	0.039848341600000003	0.020621358	-0.0248520517	0.0004994590000000001	0.0815075416	-0.0392033991	0.057076089800000014	0.0470672226	-0.044702429800000006	-0.0234746838	-0.013445673100000001	0.026099685499999997	0.0063723138	-0.0614703798	-0.0126541965	0.0157656048	-0.1845358259	0.034582694500000004	0.0026195054	-0.0400301365	-0.022008431499999998	0.0132742196	-0.0078275227	-0.038259489	0.0179173808	0.0310359946	0.08872613630000001	-0.049242066699999996	0.052521993200000006	-0.030369256400000006	-0.0701944248	-0.033189758199999995	-0.09359257060000001	0.0212199152	0.0419238501	-0.043633063300000004	0.1613989985	-0.1676284939	0.0142957522	0.0083035361	0.0126988432	0.017471582	-0.0321616679	0.0796944013	-0.04242768190000002	0.0745697929	0.0730779543	0.0088126873	0.0956169019	0.0544888833	-0.0090435295	-0.13769733480000002	0.023564023700000002	0.042302710800000004	0.031540805899999996	-0.12258580279999999	-0.11315968929999999	0.034210623100000004	0.10552712460000001	-0.080180637	-0.0621609024	-0.10906581480000001	-0.056278465300000004	0.0067170858	0.0312118896	0.0271566214	-0.0706785605	-0.0387962662	-0.056887570599999986	0.0185401187	-0.0805176872	-0.015182988400000003	0.0732764309	-0.1437283816	0.017442346299999998	0.0832455167	-0.0102003955	-0.1053017975	-0.0429926654	-0.0073530203000000014	-0.024866706699999998	-0.0899857324	0.021419800299999996	-0.1296383601	0.0038265226	0.0033934703999999997	-0.0352571652	-0.0766482941	-0.0364892075	-0.0039640197	-0.1065641916	0.0011153153999999999	0.0414992078	0.067216543	-0.0057590309999999995	0.0183456301	0.048629065199999995	0.047418388	0.048473103600000005	0.0337180984	-0.09756132140000001	0.0759265261	-0.07876605610000001	0.0730281125	0.0505878002	0.0802658686	-0.030596709500000006	-0.018664021399999998	-0.0303454728	-0.0547918573	-0.11089153	-0.0086658824	-0.0981119878	-0.0746785488	0.041336447799999995	-0.053420543200000004	-0.0587500392	0.025148533799999997	-0.152104018	-0.1466810885	0.0686958148	-0.09012098660000001	0.018106969	-0.0258450742	-0.029343127000000007	-0.037661613999999996	-0.023373197400000004	-0.0170209052	-0.1072864678	0.0847268396	0.1248109315	-0.0919729508	-0.021962223599999997	-0.0611004157	-0.12246854210000001	0.0776667542	0.0394656084	-0.0109333732	-0.0579531217	-0.0870610049	0.0	-0.0392986	-0.001030199999999995	0.0015443799619599993	1.0613120399999898e-06	0.13431700000000002	0.004903000000000018	0.01804105648900001	2.403940900000018e-05	-0.0105334	0.003963399999999999	1.570853955999999e-05	0.00011095251556000001	0.00156844	0.00020783	2.4600040336e-06	4.31933089e-08	-0.000479729	8.578799999999995e-05	7.359580943999991e-09	2.3013991344099997e-07	-0.00106112	-3.8650000000000106e-05	1.4938225000000075e-09	1.1259756544e-06	0.0	0.0	0.0	0.0	0.0	0.0	0.0	0.0	0.0	0.0	0.0	0.0
6561.42594739806	3.052442945772782	9.317407937198018	43052310.46318853	5527.603068774309	-0.9457688176516968	30554395.685923155	0.8944786564422884	4764.636204194766	2.7415518320794945	22701758.15832351	7.516106447978432	4736.6281290154075	8036.867145252387	1.1674810000000002	27.954317	0.06449864	0.0453403	0.1594693083	-0.0285325185	0.042102171699999996	0.0072329606	-0.0280682293	0.0238749387	-0.0054759031	0.048609833399999997	-0.09912732490000001	-0.0330690341	0.025177297799999998	0.0466704071	-2.51096e-05	-0.1100969675	0.0780043351	0.0019234811	0.043972574400000006	-0.064292843	-0.07549606519999999	-0.034333752200000005	0.0177826514	-0.0043501313	0.0575746223	0.0881999493	-0.1405155002	-0.0313884582	-0.10467298609999999	-0.1603493569	-0.025031080600000002	0.0590148853	-0.1287786847	0.0549675411	-0.0100002418	-0.08507787039999999	-0.0207260242	-0.0623293767	-0.0018982203	0.037388676600000004	-0.0538896922	0.0019636112	-0.0308331945	0.0399292255	-0.0204775121	-0.0354276533	-0.1254866606	0.0170185852	-0.049771587199999995	0.08664107300000001	-0.032603917999999996	-0.0020463822	0.060664954000000014	0.018298423799999998	-0.0386810346	-0.035957739700000005	0.0214369335	0.0205426831	0.0062929556000000005	-0.053182959	-0.0163684767	0.0698090388	0.0872432684	0.0956781778	0.0046642495	0.045416127599999995	-0.010625173799999998	-0.12034540839999999	-0.06374347179999999	0.0338131826	0.13336505369999999	-0.0064166022	0.09425297810000001	0.0391625208	0.0434288193	0.0085587748	0.1088712297	-0.07969576860000001	0.174088195	-0.0412509	0.0369580068	0.030455957599999996	-0.1605708658	0.1053551989	0.0109680404	-0.017707582700000002	-0.0049330675	-0.0302624559	0.0746085028	0.0435014965	-0.1447058669	0.022050040299999997	0.0387706125	0.0141889542	0.0479782417	0.0635420303	-0.0547639986	0.0044925151	-0.0168746996	-0.0520223719	-0.047876179299999995	-0.089200526	0.035451198999999996	-0.0415214014	-0.104970227	0.0363886839	-0.004160105999999999	0.0612625559	0.09086163470000001	-0.13035991800000002	-0.0107259007	0.0342335683	0.19237648149999997	-0.028728563999999998	0.0790441912	-0.12067748140000001	0.043874168600000006	-0.0043656877	0.0829863636	0.0188003556	-0.07001195860000001	-0.0237047199	-0.036603800299999996	0.049398214800000007	-0.0238313777	0.022210820699999998	-0.0017837306	0.0649579964	0.0515231582	-0.0698512856	-0.0410809	-0.0384869984	-0.1173387252	0.0063381275	-0.0210401698	-0.022268344500000002	0.0473525768	0.0825516268	-0.0034777601	-0.014620047800000001	-0.021149924700000003	-0.0039499163	-0.061185502300000014	0.0115286703	0.0187508337	0.052940935700000004	-0.0431628962	-0.0232014942	-0.0152302673	-0.021098626800000003	0.0689152526	0.114278025	-0.10492450589999999	-0.0337173504	-0.008397049	-0.1229132564	0.0465679351	-0.0986027254	-0.022078930400000002	-0.0935740283	-0.1465698677	0.0529124775	-0.0531551959	-0.051521217	-0.0027951683000000003	0.0791135471	0.0802972499	-0.1744776173	-0.0492104512	0.0347840088	0.0044023592	-0.0389542342	0.051684767699999995	0.0517116063	-0.10542346539999999	-0.013471523000000001	-0.0829311395	0.0501460379	-0.025005332400000004	-0.0029864263	0.0768052638	0.0084785311	0.09564974710000004	-0.0962931492	0.0847250203	-0.021935417000000002	0.0978135892	0.050039702199999994	-0.0219957631	0.0770096525	0.0372527898	-0.0145509244	-0.0616491434	-0.0888111892	0.0	-0.0425423	-0.003243700000000002	0.00180984728929	1.0521589690000014e-05	0.17708800000000002	0.042770999999999997	0.031360159744000006	0.0018293584410000003	-0.007398209999999999	0.0031351900000000012	9.829416336100007e-06	5.4733511204099985e-05	0.00136061	-0.00020783	1.8512595721e-06	4.31933089e-08	-0.000571054	-9.132499999999997e-05	8.340255624999991e-09	3.26102670916e-07	-0.0010689400000000002	-7.82000000000018e-06	6.11524000000028e-11	1.1426327236000003e-06	0.0	0.0	0.0	0.0	0.0	0.0	0.0	0.0	0.0	0.0	0.0	0.0
6569.282774983124	7.856827585063912	61.72973970142122	43155476.17768998	5543.731561507636	16.12849273332722	30732959.62605589	260.1282778489889	4762.336827245412	-2.299376949354155	22679852.05613789	5.28713435522122	4733.812812796197	7932.670647263358	1.144965	27.415186	0.13745524	0.109726	0.1806867262	-0.0223793533	0.0089405844	0.007881884	0.030027029900000002	-0.0440351849	0.0144316219	0.09608805769999999	0.0077158040000000015	-0.1267198112	-0.037397690899999995	0.0452440573	0.0125976886	-0.0491102375	0.0846937588	0.0149895827	0.0987466694	-0.1146386707	-0.0681695657	0.0540459596	-0.0427175341	0.0117019	0.0363063987	0.0584827328	-0.0358130418	-0.0094144759	-0.0920406308	-0.0577313517	-0.1590913941	-0.0525360239	-0.054502319800000004	0.051572406200000004	-0.020113736200000003	-0.0062212045	-0.0611105306	-0.1285793126	0.1338518602	0.0769606683	0.047592329	0.0288637768	-0.030755946800000006	0.0731359185	0.0318891368	0.013421538	-0.165530489	-0.0641010665	-0.0641664386	-0.035438662	-0.1617454107	-0.0159354046	-0.039669226200000005	-0.0356730953	-0.0909392703	0.030109713	0.0008719111	-0.0653914128	-0.0070044107	-0.0372871431	-0.0318770198	0.036929843500000004	0.1259210547	-0.0438043847	-0.0468084999	-0.022683328	-0.1032711238	-0.0076039463	0.0553236472	0.0049938909999999994	-0.0072642363	0.014851378500000003	-0.0382143685	-0.1662508271	0.0199826702	-0.0045205728	0.0011095626	-0.0574362941	-0.0721390971	-0.0832987078	-0.009840745	0.0198574758	-0.0422747045	0.1372797472	0.009182232	0.0564604266	-0.0482122755	-0.0135605472	0.06246568900000001	0.0647804139	-0.0592201834	-0.0409141804	-0.0161419522	0.0886619232	0.043775480199999994	-0.0505485993	0.0378695473	-0.07478265889999999	0.0058308709	0.0092720238	0.04674904	-0.017300447099999998	0.053539619299999994	0.0403159899	0.0566039317	-0.0352642104	0.0112306318	0.0403130873	0.0620562341	-0.0249202096	0.0047994799	-0.0140787517	0.10745338980000001	-0.1605276341	0.0191802031	-0.046219033099999994	0.0675343809	0.0231547259	0.0021139654	0.0519557151	-0.0333522522	-0.18920869140000002	-0.06335858	-0.0475482146	-0.0666814093	-0.020041968700000003	-0.0685219349	0.1505928703	0.025823684399999998	-0.0605063588	-0.0871291254	-0.036114938199999995	-0.0121252023	0.1366319334	0.0365544999	-0.0190699847	-0.0264122269	0.0236741656	-0.0682874777	0.0200019921	0.1360331356	0.0008098353	-0.08484749890000001	-0.0203181548	0.0129143014	0.0810436633	-0.004977484	-0.1325530724	-0.0494556498	-0.0295247499	0.06191082990000001	0.0009320363	0.0236370639	-0.050667314000000005	0.024472633900000002	0.0372970076	-0.12111576210000001	0.0489826705	0.0145503049	0.013604071899999999	0.0493395731	0.0545954296	-0.07104567690000001	-0.040612857599999996	0.0540723001	0.0028886026000000003	0.1741628151	-0.0274081936	0.011179003100000001	-0.011108104399999999	-0.032448194	0.022732753999999997	-0.0522995554	-0.0008441261999999999	-0.0096425478	0.0279509848	-0.0701539868	-0.09743369789999999	-0.033531669300000004	-0.0310908219	0.0651969925	0.0151740551	0.030205796	0.0084900715	0.0446497416	-0.0252236495	-0.021452804300000003	-0.0634423906	-0.032953553	0.07633901950000001	0.0350137895	-0.0181454677	-0.0651718852	-0.0901713849	0.0	-0.0464641	-0.003921799999999996	0.0021589125888099997	1.538051523999997e-05	0.0702004	-0.10688760000000004	0.00492809616016	0.011424959033760005	-0.0102198	-0.002821590000000001	7.961370128100004e-06	0.00010444431204	0.00168445	0.0003238400000000001	2.8373718025000007e-06	1.048723456000001e-07	-0.000638309	-6.7255e-05	4.523235025000001e-09	4.07438379481e-07	-0.00115433	-8.538999999999987e-05	7.291452099999976e-09	1.3324777489000002e-06	0.0	0.0	0.0	0.0	0.0	0.0	0.0	0.0	0.0	0.0	0.0	0.0
6588.0364801318165	18.75370514869246	351.70145680409416	43402224.66354761	5567.160462823341	23.428901315704927	30993275.618823394	548.9134168610403	4761.47184444707	-0.8649827983417708	22671614.125462186	0.7481952414271605	4733.671620640296	8030.195447196475	1.049506	25.129511	0.07061904999999997	0.0441904	0.156621438	-0.0336788126	-0.0180417152	0.0207815485	-0.0056367751	-0.1044639207	-0.0777187997	0.031486868	-0.062356812699999986	-0.08012682110000001	-0.049310319500000005	0.033302405099999995	0.0116620586	0.031312509100000004	0.0282752148	0.0640250656	-0.027979094500000003	-0.046865091399999996	0.08517699390000001	-0.015972083999999998	-0.0633856334	0.032670365800000004	0.0463456093	-0.0021573153	0.0189381352	-0.0013483699	-0.017936698799999998	0.0019659020000000003	-0.0615201698	0.0055631564	-0.036673120499999996	0.032908827200000004	0.0083008562	-0.012688978799999999	0.0061784556000000004	-0.0906193849	0.0728126264	-0.004474255	-0.0942228576	0.043383566799999995	0.04262001519999999	0.0176680348	-0.1073035883	-0.057678141399999994	-0.20698598769999998	0.0663881994	-0.10547949470000001	-0.0243318269	-0.0529275545	-0.1276579851	-0.0035185966	0.0931321507	0.049413798099999996	-0.0636494618	-0.0722324471	0.012420315500000001	-0.09543716710000001	0.0013352541	0.013270985700000001	0.1064388942	-0.0292092008	0.011955239099999999	-0.0584378086	-0.047419412	0.025968412799999997	-0.025639049100000002	0.08527486390000001	-0.014343648200000001	0.0200498685	-0.0653683043	0.0747014062	0.0398454267	0.005669094499999999	0.0981724445	-0.1056508698	0.0026044889999999998	-0.2260236803	-0.0019199049	0.12016374949999999	0.0611109778	0.016916553100000002	-0.066446148	0.018811561799999998	-0.0265930591	-0.060434565	0.0203517535	-0.055892816399999996	0.0417759603	0.0086515194	0.1376069957	-0.042358157300000004	0.0769601117	0.0422238553	-0.029179720699999998	-0.0874441306	0.0158103696	0.0025305362	0.0555465026	0.09454924039999996	-0.1369395541	-0.028871465099999997	-0.044716408799999996	0.0404694304	0.0178014761	0.032653888	0.047229449699999995	-0.0041979227000000004	0.021977819500000002	-0.0030834693	-0.0025736223	0.013108390400000001	-0.0485909412	0.0407801276	-0.0338115618	0.040100714100000004	-0.005851195500000001	0.0132056474	0.0076763082999999985	-0.0277697238	-0.10066177890000001	-0.0096113585	0.0932979988	-0.018752851100000002	-0.0620295058	0.0568837016	0.1248201352	0.1254789259	-0.0794388312	0.0089324222	-0.1435585539	-0.0291557512	0.0687350765	-0.12266223009999999	-0.0625206067	-0.11601830169999999	0.0471439015	0.0955297267	-0.0506399376	-0.0270888697	0.0794463511	0.015384334	0.030743749	-0.0914292441	0.09838751849999999	0.0797084304	0.0879418154	-0.029275481699999998	-0.07815020339999999	0.0737646741	-0.0698685883	0.0354865232	0.0334365652	0.012497991799999998	-0.08817745369999999	0.0343742176	-0.0013979482999999999	-0.09532097630000001	0.14277433550000002	0.14624292349999998	0.0142838975	-0.0351223187	0.0091636922	-0.039049022200000005	0.1044652411	0.0405158613	0.085805075	-0.0475567011	-0.0304266487	0.0533836649	0.013438114099999999	-0.04247784860000002	0.1045126046	0.082420745	0.0230078598	-0.0437428336	-0.0213864474	-0.0599558708	0.1000099969	0.009200282800000001	-0.0621673978	-0.0353792704	-0.0130784573	0.12379026609999999	0.16208942269999999	0.0130910566	0.0082239254	-0.0355963484	0.0756549729	0.0327501813	-0.0217113192	-0.0685114455	-0.0911356193	0.0	-0.0431163	0.003347799999999991	0.00185901532569	1.120776483999994e-05	0.0301058	-0.0400946	0.00090635919364	0.0016075769491599994	-0.02296	-0.012740199999999998	0.00016231269603999996	0.0005271615999999999	0.00185677	0.0001723199999999999	3.4475948329e-06	2.9694182399999963e-08	-0.0005488	8.950899999999999e-05	8.011861080999997e-09	3.0118144e-07	-0.00112743	2.6900000000000054e-05	7.236100000000029e-10	1.2710984049e-06	0.0	0.0	0.0	0.0	0.0	0.0	0.0	0.0	0.0	0.0	0.0	0.0
6599.66872443685	11.632244305033964	135.3091075719951	43555627.27230992	5569.6611627950915	2.5006999717506915	31021125.46834797	6.253500348713909	4758.720383934146	-2.7514605129235856	22645419.69247035	7.570534954177723	4730.761844100313	8170.9897257555285	0.951827	22.790678	0.08500986999999999	0.04538	0.1185983867	-0.0363720916	0.0057035263	0.0537057717	0.0351817169	-0.046059669299999995	-0.037930057	0.057827891	-0.0176789465	0.07322450259999999	-0.0815520278	0.0522664999	0.1207597807	0.0002462108	0.0339777867	0.0636928013	0.06695104889999999	-0.055691499900000004	0.0797945453	0.0452780682	0.007102744300000002	0.050588164000000005	0.0357609553	-0.0069371922	0.0308770531	0.031324985	0.026079876600000003	0.0037405240000000003	0.0036538816999999997	0.1262024618	0.0040302262	0.0481237396	-0.023499746000000002	0.028279129700000002	-0.014972443	0.0177317877	-0.0136003705	0.0386135455	-0.0444221273	0.1646132014	0.0753286849	-0.1243025067	-0.1179208498	0.009296768	-0.0281666156	0.011681633200000001	-0.10332658410000001	-0.0593859395	0.0010051219	0.0032618837	0.0464602467	0.12273485560000001	0.0178696476	-0.0765611764	0.03646075	0.0002519609	0.059865778700000004	0.0702474391	-0.0364749209	-0.0459292216	-0.0111082853	0.0052089623	0.013894828400000002	0.0250233077	-0.018665691499999998	0.0085684466	0.0772341412	0.045485811200000004	0.0506864688	-0.0598679212	-0.1713519964	-0.1172223914	0.0363710835	-0.1089504483	0.021229687200000003	-0.0500628426	-0.0935678299	-0.005783346700000001	0.06693679599999999	0.042232574800000006	0.0416318415	0.0070319885	-0.007867478399999999	0.0961120303	0.15100044710000002	-0.0972621781	-0.0066627683	-0.058393695499999995	-0.030208728100000002	-0.0802567459	0.0930976925	0.08780027970000001	-0.0254543936	0.0007792189999999999	-0.0703698457	0.055554001500000005	-0.0356277798	-0.0097623338	0.055555870199999996	0.0819400445	-0.0235328277	0.013389496899999999	0.0136438129	0.0034747871	0.050256446600000004	0.0367115496	-0.005436867299999999	0.026506602	0.0190393502	0.0089230866	-0.0315789742	0.047898312900000004	0.1265008652	0.0071944672	0.0249871402	0.019718584299999998	-0.0243192636	0.0314773093	0.0004760397	0.045291334100000004	-0.0405168386	0.038746149199999996	-0.1350122974	-0.10846247490000001	0.1681749259	-0.0087013524	0.0677050428	0.053442706500000006	-0.0001163968	-0.0622981683	0.0102145091	0.0026876340999999995	-0.058121855300000004	0.0537409705	-0.054192703700000004	0.10784372619999999	0.0745958367	-0.0296315675	0.0157420377	-0.0837671546	0.057897677	-0.003542133	0.0534417966	0.0022071604000000002	-0.0100754596	-0.0298799795	0.0784018797	0.0215170787	0.0703940864	-0.083416912	-0.047954227800000006	-0.018733147	0.0830415246	0.162052108	-0.06588311	-0.0084337758	0.044525503499999994	-0.0028060307	0.1173154659	0.10845788279999999	0.0034719481	-0.0170884249	-0.022446385899999997	0.051888528499999996	0.054282877599999994	0.044106535700000005	0.1133936615	0.1311146645	0.0063163735999999995	0.0774799469	0.0725608643	-0.12593924039999999	-0.06727916240000001	0.0342340998	-0.0018056342999999999	0.018019213899999997	-0.1134862151	0.048865110499999996	0.0225239796	-0.0388461583	-0.0171405405	0.1164588568	0.028325942599999997	-0.0566386394	-0.0329495653	-0.0145047528	0.0053389092	0.074957633	0.030463555899999998	-0.0252428406	-0.0716584376	-0.0916996582	0.0	-0.033931199999999995	0.009185100000000009	0.0011513263334399994	8.436606201000016e-05	-0.00611847	-0.03622427	3.74356751409e-05	0.0013121977370328993	-0.017480599999999995	0.005479400000000002	3.0023824360000025e-05	0.00030557137635999984	0.00214169	0.00028491999999999987	4.586836056099998e-06	8.117940639999996e-08	-0.000566846	-1.804599999999997e-05	3.256581159999989e-10	3.21314387716e-07	-0.000747974	0.00037945599999999997	1.4398685593600005e-07	5.59465104676e-07	0.0	0.0	0.0	0.0	0.0	0.0	0.0	0.0	0.0	0.0	0.0	0.0
6597.61014233918	-2.0585820976702958	4.237760252848637	43528459.59029682	5548.6566458116695	-21.00451698342204	30787590.57311001	441.1897337068648	4755.920393404809	-2.799990529337265	22618778.788403753	7.839946964378378	4728.008098734971	8250.340579797032	0.967157	23.157745	0.04861567999999999	0.0314798	0.0977751061	-0.024553009599999998	0.0006411351000000001	0.0669785383	0.0098811582	-0.0550783526	0.0375160069	0.0488470668	0.0682414665	0.044821275300000005	-0.0594121571	-0.0774347676	0.0940515735	0.038048606400000004	-0.0275067559	0.039039651200000004	-0.0489047766	-0.120075233	-0.0525177154	0.034766459799999996	0.0656642265	0.0625962404	0.018679488799999998	-0.0375045331	0.069409921	0.074418673	-0.0171470042	0.0442836798	0.07517413860000001	0.05481076309999999	-0.056463053	-0.0451041453	-0.0553844627	-0.0709181908	-0.06372098	0.0443269131	0.0479232805	0.0052800556999999994	-0.08733557019999999	0.059443635999999994	-0.03302878	-0.0297273146	-0.1209405364	0.1374650874	-0.0882200203	0.017409232900000002	-0.1215723348	-0.0073932009999999986	0.1742746484	0.0473605204	0.0521517054	0.0866025099	-0.04342497730000002	0.09911986369999999	-0.0804636291	-0.0840699479	0.11737812730000001	-0.0604935615	0.0072562512	-0.0160761192	0.0039660287	-0.0092718127	0.0319873116	0.035869470699999996	-0.0691448755	-0.0451131971	-0.1002306466	-0.050463954400000004	0.0460393988	0.0662443397	0.0695691197	-0.061448654400000004	0.0369858323	0.060528578799999996	0.0205806625	-0.0225459247	0.1372128604	-0.041789951400000004	0.0186667355	0.029583876800000002	0.1405914312	0.0407792535	0.033442964500000005	-0.0718230319	0.026322588199999997	-0.0997970365	0.1100906717	-0.0497453814	0.12798252300000001	0.029025794	0.08138784219999999	-0.1178388875	-0.0565943551	-0.0903543331	-0.10860063460000001	-0.128723355	0.0576186807	0.2039903371	0.058319498899999996	0.0072332238	-0.1348175566	-0.0525748662	-0.08841873789999999	-0.0015732878	0.0628753984	0.0183744701	-0.040902356	0.0659849951	0.0648140282	-0.0661863499	-0.033134939	0.0697579467	0.0263719659	-0.0721230957	-0.0574993097	0.048867203	0.0783569795	0.0754064659	0.0447959495	-0.0019158565	0.0002590953	0.06540843589999999	-0.076556412	0.010009276899999999	0.09359572470000001	0.080588326	0.10453887349999999	0.10008696800000001	-0.0381617258	-0.0932530058	-0.0439831683	-0.19505427460000002	-0.0418950259	0.0934088303	-0.0092009306	0.08864547269999999	-0.0242700437	0.1597132485	0.0433969805	-0.0755568038	-0.0801883449	0.022632121499999998	-0.0524896953	-0.049339338899999995	-0.0514519207	-0.07506797309999999	0.0218227015	0.0288451635	0.020448786	0.1269248637	-0.001207437	-0.023371953199999997	0.0134129176	-0.0672547984	-0.0967075049	-0.0256800441	-0.04815933309999999	-0.0121505213	-0.11141356949999999	-0.1038300695	-0.10572127560000001	0.0144973099	-0.072917076	-0.05342458730000001	-0.0869575111	0.0116655914	0.024934434	0.06715734599999999	0.0016138826	-0.0042720097	-0.0885706203	-0.08666317359999999	0.0244272895	0.0852320152	0.0076832045	0.1042596655	0.0936798795	0.1513935774	0.1336709744	0.0482241495	-0.2070908399	0.0019410272	-0.0318004743	0.0769943543	-0.0201465651	0.1737615569	0.0552727927	0.07424712230000001	0.0281555204	-0.028734448	-0.0746040162	-0.09186102480000001	0.0	-0.034081	-0.00014980000000000546	0.001161514561	2.244004000000164e-08	-0.036341000000000005	-0.030222530000000008	0.0013206682810000005	0.0009134013196009004	-0.020876	-0.0033954000000000037	1.1528741160000023e-05	0.0004358073759999999	0.00203723	-0.0001044599999999998	4.1503060729e-06	1.0911891599999958e-08	-0.0005004969999999999	6.634900000000005e-05	4.402189801000007e-09	2.50497247009e-07	-0.000874124	-0.00012615	1.59138225e-08	7.64092767376e-07	0.0	0.0	0.0	0.0	0.0	0.0	0.0	0.0	0.0	0.0	0.0	0.0
6594.863821839957	-2.7463204992227475	7.542276284451081	43492228.82861353	5537.52682746329	-11.129818348379557	30664203.36487565	123.87285646792627	4751.689837078423	-4.2305563263862505	22578556.30779437	17.89760683072672	4723.138685810018	8243.729928716602	1.011045	24.208601	0.05606730000000002	0.0403492	0.08815929759999999	-0.0197223181	-0.06195296	0.0356967771	-0.0523585378	-0.0826578966	0.0197649583	-0.012320428400000001	0.02093951	-0.042709994400000006	0.0335882543	-0.049087174299999994	0.0573091178	-0.0767519141	-0.038629692	0.0632204645	-0.0236086564	0.031033196699999998	-0.0259723675	0.0415921893	0.0060878229	0.0935121335	0.015242071599999999	0.013860846299999998	0.0170178897	0.037194207	-0.011873202900000001	0.008497412900000001	0.0428217208	-0.07766620440000001	-0.11286141949999999	0.012349532199999999	-0.0362453463	-0.0949108512	-0.1855004221	-0.027193074700000004	-0.0025432221	-0.0458752117	0.005663709300000001	0.05982143860000001	0.0179192891	-0.0568734612	0.0076407273	-0.0140034772	-0.0800018058	-0.0338086326	-0.0249219006	0.046034355199999995	0.0030213299	0.023514654700000002	-0.1093221474	-0.1277872158	-0.1763855336	0.0203791034	-0.0044679361	0.028366408399999998	0.0626955359	0.0493942333	0.0238887434	-0.1643427244	0.0511007525	0.09573595300000001	-0.0361246816	-0.0359230772	-0.0677225356	0.1321011913	-0.04468501	0.1016795107	-0.0364260803	-0.045006505700000005	0.09300079	-0.0780183125	0.0089584153	0.032834060299999995	-0.0905405422	0.036036894	0.1079616075	0.0646881047	0.0274507476	0.045196579699999996	0.06925444019999999	0.005396703	0.0928233533	-0.0016687502	0.0538518387	-0.0312430252	0.0188444265	0.0359135547	0.029503007	-0.058306563	0.07658408900000001	0.0090142437	0.05426987900000002	-0.014855989299999999	-0.00015414200000000002	0.0622153206	-0.1511161466	-0.0082608178	-0.0392734391	-0.0406869864	-0.1000100883	0.0566591653	0.06498832	0.009918331899999999	0.09446374560000001	0.0157028223	0.013810865700000001	0.022855654399999998	0.0376096448	-0.0143440928	0.0102482095	0.0057717263	-0.0917357433	-0.1193612769	0.0217033124	0.0250335213	0.1033942618	0.1814897598	-0.0514341142	-0.0068404462	0.0583570688	-0.009814239399999999	-0.0597079818	-0.044754124299999996	0.0650066604	0.051367995	0.0057028267	-0.0377738952	-0.051701147999999995	0.0181570335	-0.0341628467	-0.0214448956	0.1494204242	-0.0795853706	-0.0046319399	-0.0030483043	-0.1315530613	0.055504487400000004	0.013531263	0.0316300972	0.0603922326	-0.09639450150000001	0.0997952515	-0.1120000833	-0.1213080409	-0.09764314460000001	0.0021045468	-0.1290660164	-0.0269135805	-0.0324872435	0.00040708650000000003	0.0962129162	-0.0004725055	-0.036812766000000004	-0.10883667779999999	-0.000771613	0.0514396958	0.1073219296	-0.06991709269999999	-0.1101184732	0.0015427626	0.0371593233	-0.071955534	-0.0466386704	0.0267285342	0.050759114400000006	-0.012316850800000001	0.0687341185	0.0181098258	0.0016636984	0.0102879698	-0.0576355726	-0.0573903361	-0.0075336321	-0.06415467030000001	-0.0052292067999999995	-0.0615348238	-0.056296070199999985	-0.0021354224	-0.1477744306	-0.0557808739	-0.1063979484	0.0143620846	0.046347584299999994	-0.1466311625	-0.0194490113	-0.0168591149	0.0735235656	0.0258276969	-0.0321806203	-0.0773399021	-0.09161901039999999	0.0	-0.0350485	-0.0009675000000000033	0.0012283973522500002	9.36056250000006e-07	0.00218995	0.038530950000000015	4.7958810025e-06	0.0014846341079025006	-0.0302079	-0.0093319	8.708435761000001e-05	0.00091251722241	0.00203099	-6.2400000000002376e-06	4.1249203801e-06	3.893760000000297e-11	-0.000512846	-1.234900000000004e-05	1.52497801000001e-10	2.63011019716e-07	-0.000747974	0.00012615	1.59138225e-08	5.59465104676e-07	0.0	0.0	0.0	0.0	0.0	0.0	0.0	0.0	0.0	0.0	0.0	0.0
6610.439334391317	15.57551255135968	242.5965912375629	43697908.19366792	5532.218802182655	-5.308025280634865	30605444.87522329	28.17513237985884	4752.991815221774	1.3019781433513344	22590931.19556517	1.695147085764588	4725.444381400631	8402.38270420447	0.995122	23.827335	0.0421103	0.0211858	0.047339555199999994	-0.054227427800000005	-0.0462662325	0.0348444968	-0.09581597050000001	-0.11352092050000001	-0.0186785794	0.0039718521	-0.043396191900000006	-0.0289203364	0.0759501203	-0.022277507999999998	0.06961691269999999	-0.0800640774	-0.0353428006	0.0904191973	-0.0453532563	0.0546120046	0.0778380248	0.0238268071	0.0221684392	0.09345283730000001	0.051650072199999994	-0.024425569100000002	0.0784243403	-0.0042035021	0.1041127035	0.0231854202	0.0177560145	-0.051920311	-0.1206651643	0.042050383899999995	-0.0676082396	-0.0348600312	-0.1506865312	-0.0368967785	-0.0650778964	-0.0577985934	-0.050896742800000006	0.0996233468	0.110578265	-0.084707565	0.039640629	-0.0432353787	0.0439529363	0.0164747519	-0.074409289	0.0073298002	0.07000052849999999	0.045543939299999996	-0.07126116610000001	0.0492204169	0.09975213890000001	0.0186301321	-0.021612071	-0.0365111905	0.09824033130000001	0.0373172934	-0.1196941525	-0.0285247304	0.0043713892999999995	0.047218298799999996	-0.0029870181	-0.1038582151	0.0165194002	-0.0154606894	-0.0489306431	0.0179447962	-0.056651634900000004	-0.05250659269999999	-0.11088283480000001	0.1574134374	0.0382963963	-0.056730503499999994	0.1117588051	0.0371264973	-0.09945707349999999	0.0576919676	-0.0982414651	0.0039537775	0.0262840203	0.0077479066	0.12002879710000001	-0.0253347898	-0.06084067980000001	0.0264681978	-0.043028076900000004	-0.0599422173	0.0423151104	-0.0782872443	-0.040209331099999995	-0.10875168029999999	-0.0114479525	0.0050987678	-0.00027774099999999997	-0.0088900941	-0.0210848727	-0.12989911699999998	-0.0317421757	-0.0734052638	-0.0288367835	0.06834113	-0.0040564331	-0.0393491695	0.09380094259999999	0.0517143364	-0.028651578799999997	0.0900256264	-0.0024724207	0.0759545637	-0.0704134095	0.0018696872	-0.0578046942	-0.11752272949999999	0.0443885438	0.0494011084	0.04297803150000001	0.1627726506	-0.0999143947	0.0548412545	0.046675536100000005	0.0725106532	-0.0462089455	-0.1049874012	0.0884359296	-0.0874341664	-0.0662797405	-0.0222013239	-0.025654536000000002	-0.0474860083	-0.00038449230000000016	-0.0754503759	0.0367428868	0.0366947508	-0.07628763150000001	-0.0489456621	0.1062068125	0.0950627711	-0.0174717229	-0.0796369075	0.0346241063	0.052334217800000006	0.1061583233	0.0433717355	0.0006497658	0.0618237038	-0.0636140831	0.020131053200000002	-0.0017144176000000002	-0.031021356200000006	0.0024965295	0.09943343869999999	-0.0200503908	0.1283514031	0.1342590219	-0.0298253821	-0.0603373758	-0.0977971824	0.0658551604	0.0156441502	0.0289385361	0.11663770789999996	0.0045281995	-0.11285518359999999	0.002890546	0.0177367248	-0.0706470495	-0.011671041100000001	0.0543033888	0.0463293382	-0.0145975449	-0.0324133656	0.030558656099999998	-0.1364971385	0.0527497126	-0.0102009372	0.0956730153	-0.0244958574	0.0035444171000000007	-0.0087440264	0.073768519	-0.1100563348	-0.0013550123000000002	-0.0506417898	-0.1169141709	0.0170947327	-0.0130168334	0.07278709	0.0234817216	-0.0355759084	-0.0798584053	-0.09097467779999999	0.0	-0.024246700000000003	0.010801799999999999	0.0005879024608900003	0.00011667888324	-0.0103429	-0.01253285	0.00010697558041	0.0001570723291225	-0.0363266	-0.006118699999999993	3.743848968999993e-05	0.0013196218675599993	0.00222156	0.00019057000000000012	4.9353288336e-06	3.6316924900000064e-08	-0.000450277	6.256899999999999e-05	3.914879761e-09	2.02749376729e-07	-0.000747974	0.0	0.0	5.59465104676e-07	0.0	0.0	0.0	0.0	0.0	0.0	0.0	0.0	0.0	0.0	0.0	0.0
6624.153136252787	13.71380186146962	188.0683614956476	43879404.77252763	5547.44377225589	15.224970073234545	30774132.40634065	231.79971373088748	4761.238765249912	8.246950028137691	22669394.579718504	68.01218476660024	4733.367974450897	8533.140337413135	1.137843	27.244667	0.06607289999999999	0.0368857	-0.005990086600000001	-0.0751146379	-0.09284953369999999	-0.07266803570000001	-0.0661212345	-0.1285129745	-0.0542661509	0.045735061699999996	-0.061527877	-0.020604318	0.10153704949999999	-0.017624729199999998	0.07166596389999999	0.010885116399999999	-0.048187858300000004	0.0727540126	0.0460372154	-0.0613060288	0.04964729019999999	-0.0838332712	-0.0201439829	0.027694962400000002	0.10374928630000001	-0.044413569900000005	0.0056709484	-0.0756882066	0.1258497577	0.0092502467	0.0012947059	0.0409021751	-0.1047486846	0.0803947503	-0.0903184244	-0.0008025876	-0.1261100328	-0.1083921439	-0.0582045895	-0.1075240702	0.0458242409	0.0921528393	-0.0169646386	-0.0347648091	-0.020992900800000002	-0.0116098321	0.0052504681999999995	0.0099733521	0.0289236126	-0.0062162516	0.0151836397	-0.062387240499999996	-0.00034465440000000004	-0.0049373346	0.033676105299999995	0.013164648300000002	-0.0751279289	-0.025082232799999996	0.0875103098	0.0038790543	0.0394011674	0.0607454871	-0.0998171293	0.0725800497	0.0654941357	0.0064621279000000005	-0.0714538793	0.0340936681	0.09440863099999999	-0.0193496857	-0.045497288600000005	0.0434761225	-0.0380926084	-0.049530314000000006	0.12112662380000001	0.057919176399999994	-0.0994568307	0.0335613558	0.020930648200000002	0.0417767179	-0.07747373839999999	-0.1505238042	-0.031132663300000002	0.0617512592	0.0818303401	0.007457525899999999	-0.0799922974	0.0029898620000000002	0.022116888900000003	0.0649414999	-0.0240306689	0.0476454086	-0.0708344413	0.0249419204	-0.0021815196	-0.0562847488	0.0804131151	-0.0026677624	0.0214473306	0.0633391257	-0.0047011489	-0.0204042052	-0.0354493093	-0.1270913624	0.10056075589999999	0.0103196688	0.027002585899999997	0.10419466109999999	-0.0441156241	0.0048708633	-0.0756541332	0.099674422	-0.08363390030000001	0.0049505841	0.0426094999	-0.1040378248	0.0733592631	0.08689252310000001	0.0026691466999999997	0.1094884929	-0.124693396	0.0076393429	0.1182774617	-0.0309539344	-0.0787208926	-0.0084766789	0.0192516394	-0.0218612179	0.0315482063	-0.0316087217	0.0603207271	0.0393289959	0.0083946901	-0.0150368184	-0.045206696399999996	-0.0244800987	-0.0256464564	-0.047593985899999997	0.030836012599999997	0.0602299425	-0.015322056200000001	-0.014221744199999999	-0.0157480748	0.0794033618	-0.1028931426	-0.0366925803	-0.0929189777	0.0084541108	0.043283552	-0.0260803181	0.0587425291	-0.0554782049	0.0499762273	-0.09929645349999999	-0.0226113085	0.079687171	-0.09600687289999996	-0.0369972311	-0.055790199400000004	0.0668883877	-0.048125319400000005	-0.048624189299999995	0.0688483032	0.0011656738	0.0607817679	-0.145913206	0.0792245355	-0.0419898392	-0.10548309619999999	-0.0248876965	-0.0389072945	0.00011179299999999999	-0.052159398200000005	0.0804535889	-0.0340410143	0.0506953895	0.0014474760999999999	-0.0688999623	0.0126066064	-0.019653523899999997	-0.0719489137	-0.027375180699999998	0.0272087898	0.0172423872	-0.1122686362	0.1368147576	0.07677725889999999	-0.0005498341000000001	0.0357611367	0.0720378251	0.021119243	-0.0389149436	-0.08215244690000001	-0.08993085640000001	0.0	-0.0162657	0.007981000000000002	0.00026457299649	6.369636100000003e-05	0.021480900000000004	0.031823800000000006	0.0004614290648100002	0.0010127542464400004	-0.0230322	0.013294399999999994	0.00017674107135999984	0.00053048223684	0.00212014	-0.00010142000000000008	4.4949936196e-06	1.0286016400000014e-08	-0.000351075	9.920199999999996e-05	9.84103680399999e-09	1.23253655625e-07	-0.000689122	5.885199999999998e-05	3.463557903999997e-09	4.74889130884e-07	0.0	0.0	0.0	0.0	0.0	0.0	0.0	0.0	0.0	0.0	0.0	0.0
6635.502518684314	11.349382431527376	128.80848157706222	44029893.67546587	5545.048006288404	-2.395765967485204	30747557.39204301	5.7396945709603155	4765.21980297683	3.981037726917748	22707319.770682536	15.848661383142431	4736.830227591503	8726.633833246744	1.326294	31.756948	0.19102585	0.117318	-0.0405263583	-0.0448178376	0.0361307391	0.0544646467	0.0050058446999999996	0.0092367936	-0.0841420837	0.0831911746	-0.011280211799999999	0.0335924311	0.1364390165	0.0376273775	0.0275582264	-0.0067839495	0.1041063369	0.0954639928	-0.0088695323	-0.1949860095	0.0173991166	-0.0668939529	-0.011119759	-0.023247479300000002	0.0859573223	0.07137174190000001	-0.061529185099999995	0.0090553874	0.0005608783	-0.045247224	-0.0064727672	0.029516037999999998	-0.09620087599999999	0.1019978997	-0.043347644000000005	-0.0483476493	0.08953679839999999	0.11139369119999999	-0.060242381	0.0265527683	0.06568915040000001	0.1414816186	-0.0966611367	0.0502664626	-0.0486757347	-0.1053673582	-0.0021126666000000002	-0.0198603982	0.0622280767	0.0936225185	0.0325103772	0.0282648872	0.0009171852999999999	-0.0506565233	0.11329937179999999	-0.0439243717	-0.0687221327	0.1638138645	0.013517073899999999	0.0562912432	0.0259342734	-0.0158566259	-0.021757969199999998	0.0534188337	-0.0582401867	-0.0363944875	0.0310512755	0.14437929189999998	-0.0875120344	0.0244400317	0.036097448	0.11082277609999999	0.056554119699999995	0.1056704845	0.053707572300000006	0.0574305355	0.0708400561	0.0546150839	-0.0706451104	-0.0314887019	-0.0055663313	0.024452581600000002	-0.0116014732	0.0234677177	-0.039699182400000005	-0.0262565531	0.0323059194	0.0009665636	0.0388888377	-0.07540415589999999	-0.0016433373	0.0594546484	-0.0194985046	0.0221546775	0.0027449881	0.055660493600000006	0.0935627942	0.0742391818	0.062478071600000004	-0.0146209478	-0.0662049555	0.0307925875	0.1133324896	0.12887272130000002	0.019591079299999998	0.013427960400000001	-0.0232311973	0.09025829869999999	0.0730954043	-0.0494281501	0.0164690748	0.043407026900000006	0.039154612799999995	-0.0020621346	0.0416499303	-0.09412126650000001	0.0825076101	0.0399169502	0.06355135	-0.0763259439	0.0824456657	0.12786503859999998	-0.019024365300000002	-0.021610534	-0.1613783103	-0.01252232	-0.0452673574	-0.015930365800000002	0.0821632237	-0.0821555115	0.0030915001	0.0762230929	-0.04289982	-0.018102628500000002	0.0288799919	-0.0158809224	0.0698244114	-0.0715380491	0.1012402486	-0.014910843500000001	-0.1796905077	0.0752598549	0.054683650599999994	-0.028138739	0.0609053158	-0.0413793679	0.00899222	-0.0131792452	-0.0206280502	-0.1379090252	-0.1401770652	-0.0005876109	-0.017907439299999998	-0.0413897938	-0.0760114227	-0.0276341234	0.010306999999999998	-0.0722391575	-0.1262199412	-0.06866377530000001	0.0656610451	-0.027984819900000003	-0.0313705925	0.0269196209	0.0039087196999999995	-0.008384948599999999	-0.039978684900000006	-0.0419116263	0.0406690393	0.0539668527	-0.0477870019	0.0005288765	0.0518084813	0.0708214162	0.0851325518	-0.0137795181	0.0316736482	0.017019030600000002	-0.007383572	-0.0593797353	-0.1059770232	0.0703034135	-0.0100752689	-0.0007690405	0.0313858765	-0.09389619800000001	0.0083831119	-0.1674254208	0.0248976742	0.0712759023	0.0187419216	-0.0421924464	-0.08421557910000001	-0.08849212990000001	0.0	-0.0412677	-0.025002	0.00170302306329	0.0006251000039999997	0.121292	0.0998111	0.014711749264000004	0.009962255683210002	-0.0244169	-0.0013847000000000026	1.9173940900000068e-06	0.00059618500561	0.00119305	-0.00092709	1.4233683025e-06	8.594958681e-07	-0.000372518	-2.1443000000000005e-05	4.598022490000002e-10	1.38769660324e-07	-0.00103715	-0.00034802799999999985	1.2112348878399992e-07	1.0756801224999998e-06	0.0	0.0	0.0	0.0	0.0	0.0	0.0	0.0	0.0	0.0	0.0	0.0
6657.626350609228	22.12383192491416	489.4639390418509	44323988.62432635	5541.130015869449	-3.9179904189550143	30704121.852769364	15.350648923023288	4771.5718303919375	6.35202741510784	22767897.732589863	40.34825228228161	4743.538682189445	8908.36996664672	1.251667	29.970078000000004	0.1790503	0.127749	-0.0939385695	0.032007554199999996	-0.0219150258	0.0017707611999999999	0.035503975699999996	0.008472941500000001	-0.0163411631	0.0289078756	0.054312775199999996	-0.1004397576	-0.01589665	0.0413652575	0.0827459054	-0.061003528700000004	0.002173413	0.0371105594	-0.09045547820000001	-0.030112011600000002	-0.1077510741	0.0184051129	-0.11468981240000001	-0.0563717279	0.0312660262	0.0165857055	-0.027873201299999997	0.0151629308	0.055113956	0.0054077008	-0.0946714684	-0.029012417000000002	-0.0534528133	0.14847774589999999	0.053499284800000005	-0.0709700274	0.0984637455	-0.0383901439	0.10193225269999999	-0.0659713761	0.0833129271	0.0271460538	-0.1018111865	-0.0168796952	-0.0497724892	0.031891304599999996	0.018533393000000002	0.1047861125	-0.04904175400000002	-0.0787940289	0.1102057607	0.0435784746	-0.0047548794	-0.0199680912	0.1071456475	-0.0665455739	0.11752719560000001	-0.0583160993	-0.057449543099999986	-0.0483977821	0.02902235	0.0901613866	0.1420952239	-0.06346768059999999	0.0398749931	0.11980010960000001	0.0531800156	-0.005467851	0.0868666917	-0.0076290677000000005	0.0033993496	0.0780610922	-0.0065329635	-0.0723175614	0.054186806399999995	-0.0078137925	0.1136241067	0.051944010199999995	-0.10504577550000001	0.0174837881	0.028692800299999998	0.0833494006	0.014731228600000004	0.047315614900000004	-0.018761965800000002	-0.16291985109999998	-0.0005927584999999999	-0.1233771994	0.025637771200000003	0.1078589879	0.033651605099999995	-0.07183073799999999	-0.0175487182	0.0592453637	-0.0726860521	-0.015483101200000004	0.040989956099999995	-0.1280857237	-0.024769240699999997	-0.1690181328	-0.0685290445	-0.0116660246	0.0614841945	-0.004100869	-0.1837235884	0.107482572	-0.055920308099999996	0.0335325023	0.0205817774	-0.02037191	0.0175101742	0.045005709299999995	-0.0388273205	-0.1064756029	0.016975331399999998	-0.042824510499999996	0.1348801743	-0.0598911554	0.06341895980000001	-0.1019539142	0.0392624573	-0.0907825681	0.06858320820000001	-0.0683168049	-0.0815268573	0.0944283794	-0.018926097	-0.047654025700000005	0.0505062376	0.0443180753	0.0717082763	-0.10164480320000001	0.017747423000000002	-0.10808046560000001	0.0385314826	0.0772806075	-0.0201959009	-0.0099618972	0.07405572049999999	-0.18879393379999998	0.0618464036	-0.0426496071	-0.0654794042	-0.0393839343	-0.0645516683	0.1620601941	-0.0401218268	-0.041320588	0.0459586479	0.0865188776	0.008376609699999999	-0.024012756899999998	-0.0258715133	-0.0139325933	-0.067989563	-0.0218405568	-0.0995818376	0.0257382474	-0.049004545999999996	-0.1093952166	0.0983365727	0.0125691362	0.0225299604	0.0890986747	-0.0348801666	0.08500167039999999	-0.0290990382	-0.0476686572	0.0151940904	0.0654354946	0.11399462519999999	-0.0048627901	-0.1441173817	-0.0091832386	-0.0080606241	0.1017174493	0.0811777167	-0.0965584286	0.007968331	-0.0131098162	0.0962646971	0.06044357280000001	0.1383750702	-0.1038630814	-0.0636978042	-0.122091245	0.0631084487	0.05198493	-0.0110348623	0.07050145570000001	0.0163514282	-0.045403234199999996	-0.08604200279999999	-0.08666481599999999	0.0	-0.0412222	4.549999999999693e-05	0.00169926977284	2.0702499999997208e-09	0.00354855	-0.11774345	1.25922071025e-05	0.013863520017902505	-0.07250210000000001	-0.048085200000000015	0.0023121864590400013	0.005256554504410003	0.00118707	-5.980000000000047e-06	1.4091351848999995e-06	3.576040000000057e-11	-0.000148855	0.000223663	5.0025137569e-08	2.2157811025000004e-08	-0.00100327	3.388000000000002e-05	1.1478544000000015e-09	1.0065506928999997e-06	0.0	0.0	0.0	0.0	0.0	0.0	0.0	0.0	0.0	0.0	0.0	0.0
6684.325416077678	26.69906546844959	712.8400968885572	44680206.26802202	5565.9952865422265	24.865270672777115	30980303.529810283	618.2816856304696	4791.310936023716	19.73910563177833	22956660.485660456	389.632291142503	4763.910661615587	9144.85597311634	1.520916	36.417023	0.20951889999999998	0.115371	-0.1577923372	0.1284221489	-0.0162960075	-0.06385507809999999	-0.0630507535	-0.0004117376	-0.0070378333	-0.08223968059999999	0.0438239442	0.034468417599999995	-0.0274811253	0.0896934636	0.0124425224	0.0009945791	-0.03460875	0.09205290740000001	0.0309178109	0.0340576146	-0.148663241	-0.07149847	-0.1483743123	-0.17723578239999999	-0.12692749539999998	-0.0511675965	-0.0783687454	-0.030645312999999997	0.1884372453	-0.1535612686	-0.033375113399999996	0.0044118917	0.08925259890000001	0.10716962099999999	0.1143532565	0.08396199630000001	0.0463988309	0.0050522993	0.07126284570000001	0.0525708291	-0.1752766967	-0.0592957597	-0.030078399300000006	-0.09407624869999999	0.084178982	0.087904291	0.1276943726	0.09909594470000001	-0.08297307450000001	0.0772793774	0.0845360961	-0.0812061011	-0.0267286565	0.08914569619999999	0.11995273529999999	-0.0634261155	0.0039068008000000005	-0.025945135600000002	0.0102556079	-0.0297385493	0.042286170899999996	-0.08578603	-0.0335239827	-0.0070475431	0.023092643700000002	0.05224273	-0.012287479399999999	-0.06191664700000001	0.1017304655	0.035666365400000004	0.018476059399999998	0.0031842384999999996	0.0596521516	-0.035103291099999996	0.0194600904	0.008921496899999999	0.0407661449	-0.0421013808	0.0573364595	-0.033847982	-0.1485701954	0.016117776599999998	-0.0026827873	0.1295555761	0.0210951242	0.0903941781	0.005536747900000001	0.0651624522	0.0560232742	-0.158851605	0.0892729916	-0.0151889565	0.0186174209	-0.013604212099999999	0.1179076084	0.0451937669	0.0726397828	-0.013343136499999998	-0.0703387967	-0.0023678062	-0.1368697773	-0.0442823554	0.0260231275	0.11228928789999999	0.123135075	0.010852023899999999	-0.1777495635	-0.1252926881	-0.0467146506	-0.0670205116	-0.0127530473	0.2512188941	0.001263686	-0.0092708326	0.0293184653	0.0956410676	0.0721613474	-0.1231771106	-0.09569976279999999	-0.0229999266	0.059381892	-0.040550245299999996	-0.084687321	0.1372150154	0.0184921486	0.1338501182	0.0697019329	-0.073943288	-0.1422898757	0.1344649184	0.028935556	-0.0602889518	-0.0958270471	-0.0968380734	-0.0638999368	-0.014448418400000001	-0.0864406239	-0.0303263006	0.1313968361	-0.0154097104	0.0278957181	-0.0071037817000000015	-0.0388325917	-0.057378175	-0.0008646177000000001	-0.0824341468	0.009961983399999999	0.0018453764999999999	0.0737332883	0.038721535099999996	0.0782050786	-0.0379308818	-0.032463305299999995	-0.0679087341	-0.0280567844	-0.0725679952	-0.0395657711	-0.0045767844	-0.0124602635	-0.0435814594	-0.0940471292	0.0592276023	-0.0094164273	0.037817878199999995	0.0787943703	-0.1181020623	0.09478030900000001	-0.0088503654	0.0361976432	-0.0020411354	-0.06755856	0.0311158461	0.0780596752	-0.0894628061	0.1284305168	-0.0884605031	-0.0701559646	0.043268533399999996	-0.0001813329	-0.1259180881	0.0001621524	-0.035090483	-0.015360552	-0.1348813181	-0.0568614969	0.0418268949	-0.0419939096	-0.14998633039999998	0.0744171125	0.0697146213	0.013949442900000001	-0.048542230199999994	-0.0876265845	-0.0844569388	0.0	-0.0516507	-0.010428499999999992	0.00266779481049	0.00010875361224999986	0.0329025	0.02935395	0.00108257450625	0.0008616543806025	-0.16941099999999998	-0.09690889999999996	0.009391334899209992	0.028700086920999988	0.00202808	0.0008410099999999999	4.1131084864e-06	7.072978200999998e-07	-0.0006591219999999999	-0.0005102669999999999	2.6037241128899987e-07	4.344418108839999e-07	-0.0008979959999999998	0.00010527400000000013	1.1082615076000028e-08	8.063968160159995e-07	0.0	0.0	0.0	0.0	0.0	0.0	1.0	0.0	0.0	0.0	0.0	0.0
6665.384585677552	-18.940830400125375	358.7550562463137	44427351.67498792	5544.352988857563	-21.64229768466339	30739850.065053795	468.3890490715863	4784.0111658054775	-7.2997702182383355	22886762.834551483	53.28664523907937	4755.932917220822	9152.743147333897	1.469546	35.187012	0.2062134	0.0933744	-0.1435407127	0.090560806	0.1457232524	-0.0105959447	-0.048027524800000006	0.1343031227	-0.065835999	0.0393864077	0.0048547793	0.013139758999999999	-0.0340432185	0.21307477589999999	-0.08680480130000001	0.0240156581	0.0583889594	0.10307200609999999	0.011239359099999999	0.1517269318	-0.111001154	0.0556165365	0.0878792424	-0.162143895	-0.1435041761	0.0939628127	0.0773854587	0.0345139757	0.0995015691	-0.17054753399999995	-0.0895203832	-0.0159444703	0.1292528274	-0.0342784079	-0.0496271929	0.107107115	0.0342837748	0.0194659552	0.0494433314	0.0811226243	-0.0401465807	-0.0217974535	-0.0161129863	-0.0937968473	0.1083699509	0.09869041	-0.0390291411	-0.0857458066	0.0070811651	0.0147379728	0.0720058254	-0.0806856511	-0.047317060999999994	0.0609039247	-0.0492427703	-0.0777996515	0.0036892145000000003	0.1645059944	0.0665544919	0.045019123700000004	0.1399586084	0.023467575	0.010257719200000001	0.0026436971999999996	0.0116812626	0.0041400316	0.0511103767	0.0124557891	-0.046079239699999996	0.0530445911	-0.0626876569	0.130593522	-0.0913165866	-0.014679298300000001	-0.0998705824	-0.0822192537	0.045151856	-0.0192304591	-0.061574198	-0.0215255406	0.0318844411	-0.12994280619999998	0.1078787182	-0.10155624199999999	0.0286117369	0.0132629615	-0.0573201392	-0.0029127022999999998	-0.0665572071	-0.0062186312	-0.0063456501	0.048183730099999995	-0.041837901499999997	-0.0655728933	0.0725649988	-0.08803446599999999	-0.0841749486	-0.0207190926	0.0814478891	-0.17156068859999998	0.0391106152	-0.08418434150000001	-0.0643564876	-0.09142541789999999	0.0068911894999999996	-0.0745860426	-0.16267603	-0.1377901101	0.09432155490000001	0.09903279539999996	0.0397527296	0.1742115611	0.0660757403	-0.0583730645	0.0246629345	0.1378640417	-0.0387500354	0.057595693899999995	-0.0952034002	-0.0131771363	0.0654096488	-0.0270996942	-0.0667138446	3.55432e-05	0.0001945488	0.0330246098	0.07417120690000001	0.1057142317	-0.1428426107	0.0548718225	-0.038970603199999995	0.0701202299	0.037327479	-0.0621251811	-0.0540973429	-0.0735106438	-0.048770418499999996	0.053715785	0.0108134432	-0.0202507632	-0.15948667	-0.0078258061	0.0801837035	-0.093330013	-0.0830645367	-0.0245721563	-0.056023345	-0.0013679731	-0.017134486100000002	-0.022826209700000002	-0.024987773900000003	0.048245809400000006	-0.0567196964	-0.0679385327	-0.09356908470000001	0.1139001557	0.0044070882	0.0763106728	0.10730873980000001	-0.041725564900000005	0.12036396390000001	0.0142819952	-0.015268076299999999	-0.095239461	-0.0500188541	-0.0641011196	-0.08978199029999999	0.08496170039999999	-0.021675663199999997	-0.0678094451	0.0407849749	0.047707025099999995	-0.046396174500000005	-0.013360011399999998	0.0239867071	-0.0302187173	-0.08324609349999999	0.0380700105	0.09324473779999999	0.1215768518	-0.0035249444	0.0435261608	0.1603327967	0.0066298717000000005	-0.0015552623999999999	0.0589231456	-0.0858026183	0.0425555494	-0.1977042345	0.0689155372	0.011537653799999999	-0.0516044709	-0.0889648703	-0.0818781935	0.0	-0.0719949	-0.02034420000000001	0.00518326562601	0.0004138864736400003	-0.0288931	-0.0617956	0.0008348112276099997	0.00381869617936	-0.12684700000000002	0.04256399999999996	0.0018116940959999968	0.016090161409000003	0.00262897	0.0006008900000000003	6.9114832609e-06	3.6106879210000013e-07	-0.00112948	-0.000470358	2.2123664816400004e-07	1.2757250704e-06	-0.00145694	-0.0005589440000000003	3.124183951360004e-07	2.1226741636000004e-06	0.0	0.0	0.0	0.0	0.0	0.0	0.0	0.0	0.0	0.0	0.0	0.0
6637.131181716673	-28.25340396087904	798.2548353766155	44051510.32331576	5547.194383648353	2.8413947907902184	30771365.52997984	8.07352435712979	4770.185853658692	-13.825312146785107	22754673.07844551	191.13925595604388	4742.121223683138	8905.405981588094	1.479535	35.426186	0.13648979999999994	0.0654476	-0.07364861860000001	0.0821255225	0.1322529371	-0.1399849687	0.08310389280000001	0.1566529861	-0.037932919100000004	-0.0689128571	0.0149520558	-0.105566585	-0.17544456149999998	0.0569238638	0.041462473	0.0788089321	0.017471548899999998	0.0688384852	0.0466708375	0.0916337426	-0.1439013562	-0.0500191228	0.0717317425	-0.06782450870000001	-0.11564869609999999	0.1070387119	0.0137225386	-0.10628713880000001	-0.0091703369	0.0103417223	-0.0289915421	0.0813023092	0.1506893643	0.0005462212999999999	-0.0229031478	0.0515807069	0.039593396	-0.0004393225	0.1903330556	0.0357580435	0.0018990298	0.0336324631	-0.062297404	-0.10701305900000001	-0.0067185464	-0.0353513834	0.1423989616	-0.1786230133	0.0230235907	-0.0088018529	0.0414871624	-0.015223414	-0.0741372718	0.0561242713	0.0615278768	-0.0350237687	0.0132350637	-0.07634473900000001	-0.0742945295	-0.0597870132	-0.08389544939999999	0.0624288104	0.0077029896999999984	0.1105717294	0.054856940599999994	0.0278071775	-0.10320607539999999	0.0849109426	-0.1177678572	0.0420500466	0.0332764571	-0.0021675354	0.0447927521	0.052902392699999995	-0.0557459266	-0.0353832831	0.0071522834999999995	0.051439737199999995	-0.0027210502	0.0686614029	0.0116290811	0.1101742249	0.0434300042	-0.0003876872	0.0262234117	-0.0147844113	-0.0174883118	-0.050640595499999996	0.0610536638	-0.0951908811	-0.0687415647	-0.0189648272	0.0370509693	-0.120845489	0.0457747568	-0.001476642	-0.06021332240000001	0.017329485800000002	0.029213163700000006	-0.0602768893	0.0024803748000000003	0.07063679240000001	-0.0341036904	0.0063287036999999996	-0.0393975376	-0.0040407252	-0.0688675522	-0.11453092179999999	0.10856882720000001	0.0046752369	-0.1143246106	-0.014782275	-0.0086000957	-0.0017326556	0.0857974289	0.1386778823	-0.0158528342	0.027188763900000003	-0.0481758634	-0.0262881485	0.1084882647	-0.1447153887	-0.0514658196	0.0114212804	-0.1021342922	0.0683994312	0.0816640249	-0.12195439	-0.017008813799999998	0.0420149916	-0.08584036210000001	0.1660848111	0.0593906475	-0.016823463400000002	-0.040236581699999996	0.042902065	-0.1080564284	-0.0514501386	0.0382199436	-0.044343356900000006	0.0626367367	0.0607580737	-0.0337574575	0.1421821029	0.0390579436	-0.0182091635	-0.09567025189999999	-0.0575807556	-0.024502500400000002	-0.0742716056	-0.0115150227	0.0453352847	-0.0320676623	0.1040724052	0.0065915745	-0.023199365	0.047522694000000004	0.0176841737	-0.0030202253999999998	-0.0216560476	0.0349504437	-0.0727255894	-0.0496675125	0.1560142556	-0.0673030728	0.0380487522	-0.0738811587	-0.07279568360000001	-0.0049189211	0.0064769653	-0.034978792200000004	0.0464387178	0.046707117199999995	-0.018597926	-0.0606041587	-0.07429617549999999	-0.049476272599999996	0.0995009402	0.0582119792	0.038523126	0.0364415079	0.0252127784	0.022467652999999997	0.026248642000000003	-0.0159454706	-0.061015939299999995	-0.039006274	0.0236319148	0.049814728600000004	0.0681043441	0.0091177559	-0.054585114299999994	-0.09005309859999999	-0.078939904	0.0	-0.09703889999999997	-0.025043999999999983	0.009416548113209995	0.0006272019359999993	0.0185627	0.047455800000000006	0.00034457383129000003	0.00225205295364	-0.112924	0.01392300000000002	0.0001938499290000005	0.012751829776000001	0.00237335	-0.0002556199999999998	5.632790222500002e-06	6.53415843999999e-08	-0.00135627	-0.00022678999999999996	5.143370409999997e-08	1.8394683129e-06	-0.00197587	-0.0005189299999999997	2.692883448999997e-07	3.9040622569e-06	0.0	0.0	0.0	0.0	0.0	0.0	0.0	0.0	0.0	0.0	0.0	0.0
6623.404597231815	-13.726584484857993	188.41912161994418	43869488.458631545	5532.195634934958	-14.998748713394887	30605188.54319341	224.96246296756485	4759.808875044739	-10.376978613953725	22655780.526954666	107.68168515445295	4732.590033356615	8700.952772128903	1.263742	30.259216	0.12855650000000002	0.06499590000000001	-0.0159007075	0.0719676238	0.0842125574	-0.012822445	-0.053505192699999995	0.0544214985	0.1332640434	-0.0810230572	-0.1420835138	0.0056440862	-0.078563945	-0.06806227	0.0177225154	0.15337848839999998	0.030257697599999998	-0.036365367	-0.0069327009	0.0111152495	-0.10712812529999999	-0.0172472349	0.0009401352	0.0220773696	-0.0854394842	0.0243648546	-0.0258201505	-0.0090425027	-0.0267895289	0.030545262000000007	0.0504522575	0.0343589294	0.1290663994	-0.0266406302	-0.031494179	-0.0818900093	0.0775335284	0.0442699878	-0.0182319367	0.0449145359	-0.12026038359999999	-0.0368373115	0.06776489940000001	0.0337352079	0.0104347906	0.026608955899999998	-0.10665087919999999	-0.10522737609999999	0.0239134574	0.0208111221	-0.0765705575	-0.15826852060000002	-0.008127894	0.10586521939999999	0.1708008295	0.0178140019	-0.0345713586	0.033752626099999995	-0.051351973499999995	-0.0642020356	-0.0260371356	0.0220500629	-0.0433183901	-0.0569312226	0.1044248031	-0.0733790033	0.0427920313	0.033974573	0.0821301062	-0.004503549	-0.060932725599999994	0.056109338099999996	0.0792510955	0.0782552335	-0.05978928980000001	-0.0066182801	0.0647359949	0.0647170897	0.0999676133	0.09277154130000001	0.0362347392	0.1308138613	0.043107587999999995	-0.0210095121	0.029096721699999998	-0.022793180099999998	-0.007359290500000002	-0.0055414238000000005	0.0356427212	-0.0167990697	0.0327460619	-0.0426999958	0.0356494234	0.0108427675	-0.0446974416	-0.0032297114000000003	-0.050554731799999995	0.0896697118	0.0292863796	0.08806849189999999	0.0096938749	0.042846679900000004	0.04194642480000002	-0.0265390154	0.0087089531	0.083383058	0.0213900088	-0.08750664529999999	0.024673049500000002	-0.0350443074	-0.0181551516	-0.0379425101	-0.0040209184	0.0740620849	0.0103905621	0.1163352197	-0.025387004300000002	0.0314167415	0.08980168820000001	-0.0752178142	0.0438561568	0.014058211200000002	-0.056711375	0.1029975594	0.08645059140000001	-0.0578167896	0.0209377174	0.1375502177	-0.0231904572	-0.0325458903	-0.0574531021	0.072550955	-0.0154553944	0.0873275384	-0.1636984162	-0.0138142893	-0.0874477782	-0.050640490700000006	0.1165800371	0.0005902171	-0.055068625999999996	0.005703179	-0.0866956821	0.021783915299999998	-0.023768385899999998	-0.0184426331	0.049920785	0.0304082735	-0.0605024675	0.09195190800000001	-0.0227001995	-0.1226870681	0.0029846964	-0.005914325400000001	-0.0756002024	-0.0876879293	0.0129871717	0.0625990405	0.0091945453	-0.0928093686	-0.0624400538	-0.0999303998	0.014721536499999997	0.11738674140000001	-0.1170850776	0.0443712633	-0.0649550927	-0.0222090855	0.0088514739	0.0353104252	-0.030115499599999998	0.007716719699999998	0.010709886100000001	-0.0131706228	-0.035513987000000004	-0.0585060818	0.035727179500000004	0.027167652	-0.0817208725	0.0551656939	-0.0590757436	0.017090121	-0.09988422599999999	0.057875270599999994	-0.0046385993	0.026615449700000002	0.0365952938	-0.0480280247	0.0480435864	0.06728118429999999	0.00669145	-0.0574794475	-0.0908882107	-0.0756549729	0.0	-0.0844565	0.01258239999999998	0.007132900392250002	0.00015831678975999948	0.0714084	0.0528457	0.005099159590559999	0.00279266800849	-0.098253	0.014671000000000003	0.0002152382410000001	0.009653652009	0.00249437	0.00012101999999999991	6.2218816969000015e-06	1.4645840399999977e-08	-0.000977662	0.00037860799999999984	1.4334401766399993e-07	9.55822986244e-07	-0.00150635	0.0004695199999999998	2.2044903039999976e-07	2.2690903225e-06	0.0	0.0	0.0	0.0	0.0	0.0	0.0	0.0	0.0	0.0	0.0	0.0
6621.241159607132	-2.163437624682956	4.680462355893831	43840834.4936756	5545.4145939136915	13.218958978733099	30751623.018390954	174.74087648142842	4752.139218274489	-7.669656770249276	22582827.14986248	58.82363497343055	4725.095000026615	8591.136864416207	1.092362	26.155653	0.10959757	0.06893350000000001	0.006074500500000001	0.0633227095	0.0161928644	0.08702428539999997	-0.1043058215	-0.0383032788	0.1692191602	-0.008250709699999999	-0.043705699999999986	-0.046514523200000005	-0.0358216876	0.031007688	-0.0197539181	0.13157499949999998	0.0708675662	-0.0484016253	0.0202173408	0.07519732009999999	0.062213901399999987	0.152616615	-0.019923126200000002	0.0847337197	-0.0756043584	-0.0032347094	-0.009088583	0.138735149	-0.0210667919	0.0277148952	-0.0360546343	-0.0795060912	0.012511319	0.0091076763	0.015165154699999999	0.019793216000000002	0.0836054876	-0.0163502233	0.0902714772	-0.09127442820000001	0.0060338580000000005	-0.0818713096	0.0699018656	-0.1889946863	-0.0046405913	0.0296762498	-0.057679352999999996	-0.07234667360000001	-0.0258776943	-0.031142133500000002	-0.052189966399999996	-0.0515024244	-0.0073190612	-0.0661190423	-0.0191908883	0.0059071366000000005	-0.023928759700000003	0.1050944504	0.0667814846	0.08655339220000001	0.0368233341	0.0663658981	-0.0300164507	0.011289066200000001	-0.0357627422	-0.0647927849	0.1051893215	0.046636310199999996	-0.0023314811	-0.0018280381	0.08343534150000001	0.034043656	0.038602014500000004	0.050149345899999996	0.0719165398	-0.0149546007	-0.0578849223	-0.0284545296	-0.1190306858	-0.0527018698	-0.0697995148	0.0476703109	0.030468575699999997	-0.034848153300000004	-0.0140758191	0.013907259299999999	0.0009154446000000001	0.1417448346	-0.0501452092	0.05463891269999999	0.00022191669999999998	0.1022368177	-0.0159406023	0.012408680200000001	0.0064578702	0.0060603174	0.006568161899999999	0.031327176	-0.0129404843	0.1691891045	-0.0041401749	-0.0014623442999999999	0.0413713	0.0124600226	-0.0472075425	-0.0217814826	0.08457000949999999	-0.07810625110000001	-0.0023792643	0.0064156419	0.1383569243	-0.026919851	-0.0039353973	-0.04782567099999999	-0.0589072139	0.014278516599999999	0.035534444	0.000375519	-0.014396083700000001	-0.084120325	0.044744983700000004	-0.0895826151	0.0932569402	-0.0296273309	0.0568266898	-0.0208058695	0.2125750053	0.0630437719	-0.0409464444	0.014840406499999997	-0.0323783005	0.014897118	0.051357072000000004	0.059219727800000004	-0.022602088700000002	-0.0645007571	0.0169569777	-0.0582899474	-0.0265576171	0.0017475362	-0.0964291884	-0.0350602281	0.10449762259999999	-0.002403853	-0.0722930139	0.0223655583	0.034245628300000004	0.0251191382	-0.03191161	-0.0690029637	-0.0636188897	-0.0337848641	-0.0371022211	-0.0558402383	0.0076195423	-0.0479894994	0.0017064474	-0.1076364235	-0.036019093599999996	0.0210262714	0.09244389230000001	0.07142279160000001	-0.0494829864	0.0552483476	0.053086374299999996	-0.0101985632	0.0524732572	0.1359358592	-0.0045693266	-0.10363331740000001	-0.0019756703	-0.0684003678	0.018458446200000003	0.0800748339	0.056072785099999994	-0.025281093799999998	-0.0230038785	-0.0252582091	-0.0084885662	0.0195758147	-0.0592828608	-0.0275045648	-0.1370889525	0.025794433500000002	0.0437016591	-0.0113891526	0.0817175678	0.0193060816	-0.0158098972	0.0664462025	0.0042604413	-0.060282893899999995	-0.09146785939999999	-0.0720378251	0.0	-0.07406749999999998	0.010389000000000023	0.005485994556249997	0.00010793132100000047	0.00584993	-0.06555847	3.42216810049e-05	0.004297912988740899	-0.0858919	0.0123611	0.00015279679321	0.0073774184856099986	0.00256122	6.684999999999981e-05	6.5598478884e-06	4.468922499999975e-09	-0.000796742	0.00018092	3.27320464e-08	6.34797814564e-07	-0.00132834	0.00017801000000000017	3.1687560100000046e-08	1.7644871555999997e-06	0.0	0.0	0.0	0.0	0.0	0.0	0.0	0.0	0.0	0.0	0.0	0.0
6632.826303033726	11.585143426593275	134.21554821473742	43994384.76621604	5526.132629935334	-19.281963978357453	30538141.84363601	371.7941348626744	4753.996983334348	1.857765059859048	22600487.31755209	3.4512910176330918	4726.527297551662	8644.291202332875	1.058848	25.353189	0.06526021000000003	0.0421548	-0.0103734325	0.0701386759	-0.0153017821	-0.0328017772	-0.0656787808	-0.0789905279	0.0602260274	-0.120908592	0.08800484289999999	-0.0598431196	0.0520123986	-0.0247414457	-0.0506405488	0.008049017299999999	0.0885552841	0.0070768231999999995	-0.0112819923	0.0327330152	0.0184503364	-0.0091364246	0.08659058859999999	0.0780434717	-0.0716315109	-0.0364434341	0.013661593	-0.0726142246	0.0754524719	0.11529890960000001	-0.0358913866	-0.0311522883	0.11120219349999999	0.026794745499999998	0.0414488343	-0.0808815688	0.0281839677	0.0279372389	-0.024497244300000002	0.051794764900000005	-0.0202021674	-0.133137094	0.0037473039000000003	-0.0763914692	0.055524076799999995	-0.051861149	-0.0303595957	0.0776257986	0.0783665011	0.051330679000000004	0.0055471882	0.061916287599999995	0.0696231376	-0.033010656299999996	-0.1347844225	-0.0809318025	-0.0638067812	0.0730603891	-0.0465602346	-0.0413188471	-0.018573651200000003	-0.118620995	-0.0305151017	-0.0821664611	-0.059202360999999995	-0.0139845534	-0.0409574364	-0.09404494960000001	0.0005076933	0.121667919	0.0247117005	0.0780816121	0.048787088799999996	-0.036045339100000004	-0.0018640159	0.0378865765	0.0201014342	0.0759092312	-0.0092365296	0.0208749374	-0.10265815910000001	-0.0534804818	-0.016843415	0.043663707999999996	0.08961841539999997	0.0125543249	0.0543512205	-0.0461970888	-0.12078930980000001	-0.0232753623	-0.0955425022	0.0729624304	-0.1215468157	-0.0586470156	0.039260179900000004	-0.0629685103	0.006823797800000001	0.0412424845	-0.0628694753	-0.0127357039	0.0977734443	0.010011206600000001	0.0405649627	-0.0994715441	-0.05651429490000001	-0.019235971799999998	0.0786546171	-0.0729722214	-0.0364422342	0.007739156899999999	-0.0720321749	-0.0037604941999999997	-0.1301867735	-0.050258732	-0.043807434000000006	0.1076211969	0.0127839857	-0.0347349957	0.07119860160000001	-0.031607508	0.0215304452	0.0054499521	-0.0616125313	-0.022075461	0.0947033534	0.0790493181	0.0889436236	-0.00150527	-0.061079600199999994	-0.07351129740000001	0.0820141118	-0.025744255299999998	-0.026769814399999998	-0.0262092102	0.0568709895	-0.074868058	0.1525424455	0.118427078	-0.0300131912	0.0308148969	-0.0023561877	0.1227929823	-0.041193780299999996	-0.047653617300000006	0.07747799	-0.0968682376	0.1069532507	-0.057695962300000014	-0.038045192799999995	0.0085885899	0.061577647	0.021035520800000002	-0.0506607237	-0.0210639874	-0.0840240674	-0.042211349599999996	-0.021769041099999997	0.0155249591	-0.0053819435	0.0203284095	0.0305828917	-0.0466525956	0.09115421380000001	-0.0256842204	0.0792567494	-0.0901853678	0.030244052799999997	0.0231828238	-0.033963489900000005	0.0542802629	0.115828525	0.051881518700000004	0.09102957910000001	0.07412387990000001	-0.0448288912	-0.056070619800000006	-0.0320398769	-0.045188560700000005	0.1579392558	0.048901871900000005	-0.0327978354	-0.0841726434	0.0411904349	0.0836390413	0.0305294602	0.0101066289	0.0771621377	0.0423303196	-0.0603010388	0.0655995455	0.0018264382000000002	-0.0629910206	-0.0917904153	-0.0681043441	0.0	-0.0751059	-0.0010384000000000226	0.005640896214810001	1.0782745600000472e-06	0.00352067	-0.00232926	1.23951172489e-05	5.425452147599999e-06	-0.121536	-0.0356441	0.00127050186481	0.014770999295999997	0.00292694	0.0003657199999999999	8.566977763599999e-06	1.3375111839999995e-07	-0.000846191	-4.944900000000002e-05	2.445203601000002e-09	7.160392084810002e-07	-0.00143814	-0.00010980000000000019	1.2056040000000038e-08	2.0682466596000004e-06	0.0	0.0	0.0	0.0	0.0	0.0	0.0	0.0	0.0	0.0	0.0	0.0
6641.841473892883	9.01517085915748	81.2733056198022	44114058.16432358	5534.470113546868	8.337483611533571	30630359.43774348	69.51363297259088	4766.4398093059135	12.442825971565073	22718948.455736194	154.8239181586543	4739.2306049807785	8773.581807835011	1.06158	25.418613	0.034600079999999984	0.0205734	-0.0346795722	0.1164869199	0.0369154124	0.07812153179999999	-0.1077712134	-0.0088040179	0.0630478941	-0.0825751055	-0.0514888455	0.13257037060000001	0.0047131744	0.0639073013	-0.0686739921	0.0595626173	0.0075484313	-0.0438546426	-0.0050499626	0.0100420202	-0.0272343836	0.027480952599999997	0.0608087204	-0.0008730497	-0.0989351268	-0.0315294673	0.012917209499999999	0.0910521032	0.060120947	-0.0308462798	0.11115313269999999	0.1142469549	0.0894681959	0.0045062537	-0.0273414255	-0.1300279852	-0.016750061599999998	0.019594241499999998	0.027856426400000002	0.034264509	0.0835805195	-0.0463944699	-0.0120868078	-0.07178970429999999	-0.038463923399999995	0.063059167	-0.013195729299999999	-0.0263082247	0.1587592152	0.0204444849	-0.1739609048	-0.06754935849999999	0.0393523698	-0.0204074026	-0.013880070900000001	0.0783014387	-0.0796805158	0.0343219607	-0.0167459806	0.009034739	0.10602659939999999	-0.083224466	0.12707948300000002	-0.0444970455	0.0193173689	-0.028226903199999997	0.009139445999999999	-0.056980465	-0.0061729161	0.0199646738	-0.013102521	0.025574738599999997	0.0605381492	-0.07285699	0.0831455292	0.1478359353	0.0304855398	0.0571371506	-0.05340100230000002	0.0808031532	0.0271071271	-0.0616175409	-0.16894552699999998	-0.0069528401	0.0382073388	-0.0535679704	0.1264443123	0.061811662300000014	-0.056712008499999994	-0.0329456251	0.1476977625	0.0377683552	0.041762465	-0.1473971941	0.021255771099999998	0.0396457868	0.0977471884	-0.046070197	-0.0142159269	0.0318119173	0.11857281800000001	0.022977853700000002	0.0887563264	-0.0094907492	0.0634779461	0.0065430607	-0.0009006572999999998	-0.0998947266	-0.030889187599999996	0.009871923000000001	0.0825230824	0.0416717033	-0.027920421400000003	0.15501416839999999	0.0754791342	0.0804768422	-0.0137941596	0.018884343600000002	0.1441753979	0.00759033	0.019345369299999998	-0.0194202783	-0.0265986998	-0.1069433457	0.027850412999999997	0.0061253168999999994	0.04247732269999999	0.0404905271	0.0144573782	0.0272503881	0.09969173529999999	0.1012655575	0.0130574727	0.1628129112	-0.0529579127	-0.0228704421	0.0827682677	-0.047848333300000004	-0.045715920099999995	0.0994263394	-0.0057773880000000005	0.0440035011	-0.0066255154	-0.1751328409	-0.014519707	0.01671424	-0.0374573492	-0.0064061197999999995	-0.058247534299999994	0.0565060258	0.0069992391000000004	0.0213240102	-0.0129724171	0.02080843	-0.0902683726	-0.0854987351	-0.076043014	-0.0125249466	-0.10255845640000001	0.0677037957	0.0148601609	-0.0285106312	0.1889849177	-0.0870131837	-0.0001809921	0.046766504	0.0443115	-0.0101489497	-0.0844939913	0.0527461191	0.0500882678	-0.0968371683	0.0036845415	-0.09089590980000001	0.1177976084	0.007348906899999999	0.0180893792	0.12276046880000001	0.1332775957	-0.1147237062	0.0094593912	-0.0200574301	-0.0427795367	0.061254138799999996	0.0800598079	-0.004534906500000001	0.0232440998	-0.0357309476	0.0166589649	0.064741362	-0.0006088484	-0.0655995455	-0.09185497179999999	-0.0638718027	0.0	-0.0762332	-0.0011272999999999975	0.005811500782239999	1.270805289999995e-06	0.0172712	0.01375053	0.00029829434944	0.0001890770752809	-0.115814	0.005721999999999977	3.2741283999999736e-05	0.013412882596000006	0.00267646	-0.00025048	7.1634381316e-06	6.274023039999999e-08	-0.000858826	-1.263499999999999e-05	1.5964322499999974e-10	7.375820982760001e-07	-0.00145503	-1.6889999999999874e-05	2.8527209999999575e-10	2.1171123009e-06	0.0	0.0	0.0	0.0	0.0	0.0	0.0	0.0	0.0	0.0	0.0	0.0
6645.886024233958	4.0445503410746815	16.35838746148733	44167801.04710824	5550.659931347622	16.1898178007541	30809825.673467986	262.1102004216143	4772.7996060275955	6.35979672168196	22779616.07929717	40.4470143411166	4745.316153008569	8820.377758826746	1.172849	28.082853000000004	0.06537330000000001	0.0463104	-0.045921937999999995	0.11180197550000001	0.0594020079	0.0499143987	0.014983758500000001	0.0308051452	0.06696260000000001	-0.044760069000000006	0.1437636246	0.0523269637	0.0354986187	0.0113877776	-0.0662516497	0.0509694614	0.0269689122	-0.0249430967	0.0044834636	0.0262252785	-0.0116787994	0.0621919579	0.0057104802000000005	-0.08013392009999999	-0.095300883	-0.006206821600000001	0.0515249224	0.0601451145	-0.051554881	-0.014125363799999999	-0.09383453259999999	-0.0238139284	0.048731783499999994	-0.0699288311	-0.0374352425	-0.13475674710000002	-0.0548107796	0.0056513354000000005	-0.1555715828	-0.009563300799999999	0.023078323900000003	-0.0183964232	-0.030430615299999998	-0.059211510700000004	-0.1018168749	0.06352951280000001	-0.0417525776	-0.0060888237	0.0762039392	0.029057716299999998	0.0236951735	0.0630350258	-0.0755345278	-0.023749108300000002	0.08540075800000001	0.1288247876	0.0343555302	-0.0050264734	-0.051515066100000007	0.018659656	-0.0380340919	-0.0161703327	-0.1018098614	-0.08064422519999999	0.0279187123	0.0542094354	0.0510525858	-0.0003556836	-0.0573740897	0.122636064	-0.056980219699999994	-0.0883861295	-0.1098914552	-0.0003486532	-0.0066214602	0.138275299	-0.1231737617	-0.0222861902	0.0025348079	-0.1015947113	0.15060710689999998	0.08263304980000001	-0.0707561618	0.0197548363	0.0595827212	0.0693196605	-0.1020783349	-0.11692194210000001	-0.02912838	0.011802985	0.055961152300000004	-0.0051844157	-0.0044333643	0.0753706383	0.017752729499999998	-0.025457929	0.0278160482	0.0001869155	-0.0713132561	0.0171461319	0.0976584734	0.13320716470000002	0.051280057999999996	0.0185738673	0.0473477477	-0.064789489	-0.079723694	-0.09780247710000001	-0.0097464439	0.0577772832	0.061434632999999995	-0.0477542653	0.0361699748	-0.08583815380000001	-0.005578009399999999	0.0627872855	-0.06203162280000001	0.024096928599999998	0.1296335706	0.0335781778	-0.0780173709	0.120411067	0.0226780822	-0.041021280699999996	0.0492051341	0.029671735600000002	0.0224947175	0.0737256658	0.06932006639999999	0.0301502646	0.07235622400000001	0.0847984394	-0.0364043956	-0.0154582546	0.049735373799999996	0.1463769101	-0.0732081198	-0.1162940385	-0.0577941981	0.0031810251	-0.0118156572	-0.012549479399999999	0.0059234935999999995	-0.0038694497	-0.0025862189000000002	-0.028829665600000002	0.1282726722	0.0232692953	0.059711459400000014	0.0316982959	-0.010875910700000001	-0.005740461999999999	-0.0903624262	0.0922125942	-0.0492959055	0.1455318326	0.0171608519	0.0543800221	-0.0529180663	0.1293602227	-0.08567575710000001	-0.0669598473	-0.09921022869999999	-0.0468618022	0.0040627716	0.15458347390000002	0.118244665	0.0167605869	-0.0580033533	0.0614510472	-0.0293048806	0.1454220554	-0.0877467172	0.0258999865	0.0189225134	0.0483958073	0.0091368218	-0.0478546119	-0.0065521296	-0.0286755185	-0.0043339642	-0.0700290951	-0.019577596699999998	0.1447043643	-0.0364765607	-0.0213113128	0.0046676326	-0.057844731399999995	0.053279708200000005	0.0638718027	-0.0030437071999999997	-0.0681043441	-0.0916613475	-0.0593587869	0.0	-0.0796193	-0.003386100000000003	0.0063392329324899995	1.146567321000002e-05	-0.0248198	-0.042091	0.00061602247204	0.0017716522810000005	-0.115637	0.00017700000000002436	3.1329000000008625e-08	0.013371915768999995	0.00298352	0.0003070600000000001	8.901391590399999e-06	9.428584360000004e-08	-0.0008704999999999999	-1.1673999999999819e-05	1.3628227599999583e-10	7.577702499999997e-07	-0.00153068	-7.565000000000002e-05	5.722922500000004e-09	2.3429812624e-06	0.0	0.0	0.0	0.0	0.0	0.0	0.0	0.0	0.0	0.0	0.0	0.0
6646.935696201643	1.0496719676848445	1.1018112397433728	44181754.14943962	5541.702383165437	-8.957548182184839	30710465.303581484	80.23766943616288	4779.149606667075	6.350000639479731	22840270.96290606	40.32250812139299	4751.714427819312	8882.889861720545	1.17206	28.063963	0.12223465	0.060966699999999985	-0.0562465866	0.15287162769999998	0.0979308474	-0.0114950423	0.0524230928	0.0972694309	-0.006528378299999999	-0.12143082849999999	0.050982124299999994	0.037231098	0.0071293139	0.0985047266	-0.0737858837	0.014372573500000001	-0.0205589692	-0.0248707402	0.1039977775	-0.0018078976000000001	-0.032303532999999995	-0.0188002189	0.0963426866	-0.1247950218	-0.07347155450000001	0.0116709579	-0.024243359199999998	-0.0123353335	-0.06061000690000001	0.0690541392	0.0091832727	0.0966086131	0.0715292945	0.18059628309999998	0.0288091541	-0.17845985050000002	-0.0659261228	-0.0638121239	-0.1731128594	0.0822092027	0.0899142277	-0.010949615800000001	-0.0615534463	0.08898365650000001	0.0570017858	-0.0784217245	0.1103313407	-0.011430018600000001	0.0813984291	-0.1326922446	-0.042375747699999994	0.11706413789999999	-0.0371881748	0.1132972497	-0.0084876333	0.0015929373	-0.0819968898	0.0666523014	0.0042289617	0.0028981518	-0.0858425701	0.0006465348	0.059073252699999995	0.06819149769999999	-0.09556679859999999	0.0550533046	0.0284840117	-0.05995763940000001	0.027026645499999998	-0.0741216518	-0.0291562784	-0.005926557900000001	0.09549643769999999	-0.057470074100000004	-0.0068044414	0.0762031845	0.014574384199999997	-0.19158086579999997	-0.1272752959	0.0358895173	-0.0892313293	0.044989633200000004	-0.0143346928	-0.15899632560000002	0.0269767539	0.08855372210000001	-0.0630225296	0.04323867309999999	0.059998764800000014	0.0680026328	-0.0276303054	-0.1396879333	0.019396042	0.0145732247	0.0032488109000000003	0.08453069619999999	0.0070883989	0.0070684406000000016	-0.0322106943	-0.0343265563	-0.0036315421000000002	-0.0432074234	-0.0903593983	-0.030509070899999997	-0.005283859100000001	-0.04814833809999999	-0.1250251715	-0.0739061082	0.013363931599999998	-0.0352859113	-0.0318974456	-0.08674727689999999	-0.0318400103	0.0293765556	0.0891588791	0.08406293449999999	0.156442417	-0.050717594299999995	0.1721710535	0.052372657	-0.1469080687	0.1192993533	-0.0805590224	-0.1038940773	-0.019179471200000003	0.0633029547	-0.1194152366	-0.0980960536	-0.0300764612	-0.027369624199999998	0.029300026200000006	0.0315973492	0.15888902119999998	0.0775145317	0.084346814	0.0470243893	0.008653924399999999	0.11494489599999999	0.0473625545	0.0849479206	-0.072570722	0.0314324012	-0.0240323667	0.034440039900000004	0.1114015797	0.0746315223	0.038041344	0.0455740496	0.043082368600000004	-0.0397478146	0.054623902300000006	0.0620641433	0.09666729310000001	-0.0011435766	-0.0393972842	-0.1354162965	-0.059739069699999994	0.0762678154	-0.0824143891	0.023977131000000002	0.0353389569	0.1855751865	-0.0335113892	0.049932675499999996	0.0287783303	0.045019257400000005	-0.0027885928999999998	0.09267137660000001	-0.05977214610000001	-0.0465651442	-0.10372330789999999	-0.0002481189	-0.07788359480000001	-0.0766440078	-0.1280723191	-0.08567884890000001	0.0368037617	-0.0408943743	-0.0606994396	-0.0831020175	-0.0161004818	-0.0212203439	0.070354174	-0.0393360175	-0.023747641200000003	0.0452324646	-0.045005179400000005	0.0933454435	-0.0077426537	0.0629910206	-0.005476426800000001	-0.07050145570000001	-0.0912100867	-0.054585114299999994	0.0	-0.0809343	-0.0013149999999999967	0.006550360916489999	1.7292249999999917e-06	0.00682235	0.03164215	4.65444595225e-05	0.0010012256566225	-0.149325	-0.033688000000000023	0.0011348813440000016	0.022297955625000004	0.00222333	-0.00076019	4.9431962889e-06	5.778888361e-07	-0.00102421	-0.00015371000000000018	2.362676410000005e-08	1.0490061241e-06	-0.00172857	-0.00019789000000000005	3.9160452100000015e-08	2.9879542449e-06	0.0	0.0	0.0	0.0	0.0	0.0	0.0	0.0	0.0	0.0	0.0	0.0
6642.187079914793	-4.748616286849939	22.54935663973649	44118649.20458701	5548.563976820891	6.861593655454272	30786562.204874463	47.08146749257031	4776.655208862901	-2.4943978041737864	22816434.98435709	6.222020405467008	4748.784939746975	8819.245420569454	1.159884	27.772421	0.09901100000000004	0.0506024	-0.0341676853	0.1314809467	0.1208417247	0.0726479215	0.0205447198	0.0978027311	0.0613353922	-0.0524825383	0.017091298799999998	-0.014859363200000001	-0.060159093399999995	0.10787021869999999	-0.06720265730000001	0.0093145486	-0.0226742884	-0.0327425416	-0.0259323536	-0.036446139	0.12352754810000001	-0.0052857725	0.002057282	-0.11372989970000001	-0.1082056915	0.0642124221	0.0590760406	0.10507140699999999	-0.090246865	0.0415762645	-0.048989354699999994	-0.0160330255	0.008362096	0.0410404989	0.025945876099999998	-0.0261395554	0.0774613363	-0.0775525349	0.0794002273	0.1201316842	0.0020967145	-0.053578525999999994	0.035505442799999995	0.0488024534	-0.0081186425	-0.1277205341	0.0450893202	-0.0100111257	-0.0149717704	-0.0316074269	-0.0369567374	0.0137026599	0.1078088879	0.0257142977	-0.0473913131	0.0028406959999999998	0.1100088966	-0.002500283	0.0591801275	0.1104118832	-0.18293661890000001	-0.0501375921	-0.1072030604	-0.0524011786	-0.0583701469	-0.014740214599999999	-0.0010379978	0.1399986121	-0.0040068386	0.050839404000000005	-0.0222594185	-0.0092015238	0.044912433700000004	0.0027589051	0.1186715954	-0.0552316625	0.034352513	-0.005320074300000001	0.0735929817	0.0526962787	0.1272159434	-0.0404235878	0.0920656277	-0.2020967425	-0.007242924	0.0598278502	0.0408133203	0.07212981730000001	0.014496130500000001	0.0868515761	-0.0585993365	0.069342283	-0.0700229649	-0.0673810137	0.0415436959	0.0065196811	0.028824362200000002	0.0645724204	0.066420303	0.0758039863	-0.0138245208	0.0113185256	-0.024538337	-0.0666110705	-0.0144852918	0.1373516044	-0.113712434	-0.10618136130000001	0.0671664501	0.0633158585	0.0951424395	-0.09710812	0.0170775697	-0.0407079014	0.017295090200000002	0.011117110900000001	0.0580105948	-0.0267624096	0.0148442456	-0.0798049987	-0.0265932001	-0.1009214647	-0.1504700245	0.0046654748	0.0270107924	-0.008292525799999999	-0.025689176400000003	-0.0830502466	0.0300296038	-0.0676557434	-0.04914149599999999	-0.0317787876	0.020518088400000002	0.051879422800000005	-0.0381815783	-0.0026667187	0.044093067400000005	0.0498636619	-0.0647930984	-0.0369495565	0.0041513206	-0.113467733	0.1124915565	0.1468973413	0.1254229328	-0.0703987468	0.0946349415	-0.0348527118	0.0487718891	-0.0341602071	-0.07552250190000001	-0.10473204050000001	0.049572218	0.09089897949999999	-0.0210340282	0.0346404882	-0.046948427699999996	-0.1017020058	0.010126379599999999	-0.0227377425	-0.006332998100000001	0.0028659735999999997	0.0745413118	-0.10062401509999999	-0.13608123490000001	0.0126353573	-0.1106452194	0.1365041834	0.010715174899999999	-0.023147127599999998	-0.0596180121	-0.124100123	0.021978273399999998	0.10409743490000001	-0.09604890640000001	-0.0235094479	-0.0490913544	-0.0008803826	0.048396757900000004	0.0313498896	-0.1044024335	0.022762767599999997	-0.0116679928	-0.0031163754	-0.0193376395	0.0921270814	0.0962389694	0.0436461039	0.14947602699999998	0.0620991702	-0.0079052975	-0.07278709	-0.0905024577	-0.0495717471	0.0	-0.0809233	1.0999999999997123e-05	0.006548580482890001	1.2099999999993672e-10	-0.0174505	-0.02427285	0.00030451995025	0.0005891712471225	-0.125626	0.023699000000000026	0.0005616426010000012	0.015781891875999998	0.00294123	0.0007178999999999999	8.6508339129e-06	5.153804100000001e-07	-0.000884487	0.00013972300000000002	1.9522516729000005e-08	7.823172531689999e-07	-0.00156563	0.0001629400000000001	2.654944360000003e-08	2.4511972969e-06	0.0	0.0	0.0	0.0	0.0	0.0	0.0	0.0	0.0	0.0	0.0	0.0
6634.243805681157	-7.943274233635748	63.09560555074157	44013190.87321881	5538.0596741602685	-10.504302660622669	30670104.95456014	110.34037438596451	4767.400613551977	-9.254595310924742	22728108.610095765	85.64753436899022	4740.397018296948	8775.664056033755	1.267863	30.357872	0.09918790000000002	0.0511897	-0.0299569876	0.16900713579999999	0.0632961212	-0.078727002	0.047583627	0.0789069336	0.0022370914	-0.163270009	0.069928192	-0.0258020934	-0.015668106799999998	0.0598489022	-0.0458931076	0.0709211703	-0.163318203	-0.0993503883	0.07498504389999999	-0.049544581500000004	0.0146349077	-0.0032570028000000004	0.0863011855	-0.0638247073	-0.19411910829999998	0.1256230529	0.1291768333	-0.1184932471	-0.0451574075	0.0358258633	-0.0016074285000000001	0.0578838645	0.0197114251	-0.147387448	0.0761170805	0.0816095671	0.0680352109	0.033651643599999996	-0.0540741444	-0.0179624803	-0.0017124184	-0.0578177871	0.025435792000000002	0.116946182	0.05109375099999999	-0.06460704589999999	0.1935149161	0.0222155327	-0.0275084738	-0.022586795099999998	-0.013875430900000001	-0.030067856299999998	-0.0701816602	0.0035968177000000002	-0.15089133	0.0258332492	-0.051981180599999996	0.0505581171	0.12994880779999998	-0.041772600800000004	-0.048095213600000006	-0.019686353	0.097010888	0.023326841299999998	0.087998896	-0.086269993	0.035773368	-0.0251368536	-0.0179712264	-0.0429396308	0.0277934982	-0.055561531100000006	0.0103200469	-0.0833471033	0.1576012498	-0.024958918700000002	0.10440260539999999	0.126966251	0.0752694102	-0.013489338899999998	0.0757398109	-0.079653923	-0.059604128	0.1381171374	-0.022419820400000002	-0.0199289327	-0.0312802322	-0.0377080717	-0.0768815761	-0.0180967374	-0.0930166297	-0.0076810483	-0.0384889094	0.0366979665	-0.0147123076	-0.1887810037	-0.1412575519	-0.0376553121	-0.09140613689999999	0.0083578622	-0.048985057	0.030755112299999998	-0.0411131161	0.10280216310000001	0.052135762	-0.023078704300000003	-0.0645705939	-0.19192317469999998	0.12370877949999999	0.1161168952	-0.1263074025	-0.0739849099	-0.006068609799999999	0.008837865600000001	0.0383480818	0.0192454097	-0.15155602740000002	-0.056884890099999995	-0.0991380534	-0.0724573838	-0.0158952067	0.0406817138	0.0048759977	0.0091670095	0.0895835634	-0.006728813199999999	-0.11430628539999999	-0.1659461855	-0.0462941089	0.0415102844	-0.0424405983	-0.014665556399999996	0.043607399000000005	0.0278233399	0.0792338248	-0.1647664432	-0.015676461200000002	0.0479854309	-0.0602730601	0.1249847151	-0.062225297	-0.046410949699999995	-0.0452980761	0.0022149363	0.051250572300000005	0.0531042152	-0.0830157158	0.014390953400000003	-0.061150246799999995	0.0823113536	-0.0207496948	-0.0283540052	-0.0413238417	0.033171410299999995	0.0690844709	0.0135646495	-0.12138475050000001	-0.1371877668	-0.0653271351	-0.0836987057	-0.0035881728999999996	-0.06280511150000001	0.0312648371	-0.1488847492	-0.0012529973	-0.03443993	0.06419835509999999	-0.1519520866	0.0179598436	-0.0066059136	0.0702721038	0.082429673	0.057288257599999996	0.0495037678	-0.027462258	0.0103677107	-0.057866639299999995	-0.0753849012	-0.0424132218	0.1697878347	0.0709350877	-0.1111918178	-0.032665112999999996	-0.025501169900000002	-0.0764147189	-0.0626886041	-0.1115965977	-0.0691145876	-0.0538203906	0.061196408499999994	-0.0103286123	-0.074957633	-0.0895404494	-0.0443407	0.0	-0.093489	-0.0125657	0.008740193121	0.00015789681648999994	-0.0484416	-0.0309911	0.0023465886105600003	0.00096044827921	-0.16281500000000002	-0.037189000000000035	0.001383021721000002	0.02650872422500001	0.00281402	-0.00012721	7.9187085604e-06	1.61823841e-08	-0.000841805	4.268199999999994e-05	1.8217531239999947e-09	7.086356580250002e-07	-0.00176458	-0.00019895000000000004	3.9581102500000017e-08	3.1137425764e-06	0.0	0.0	0.0	0.0	0.0	0.0	0.0	0.0	0.0	0.0	0.0	0.0
6624.324931859966	-9.918873821191482	98.38405788071772	43881680.802861534	5554.226324713326	16.16665055305748	30849430.066138506	261.3605901046737	4759.935773718746	-7.464839833231053	22656988.569927476	55.72383373579303	4732.359585610394	8657.923443278109	1.467293	35.133057	0.20467315	0.142255	-0.001072927	0.1062518752	0.0312946515	0.0691822689	-0.060760936900000014	0.0105074434	0.1057276714	-0.021688835099999998	-0.0221546252	0.019023224499999998	-0.09891716619999999	0.0408984642	-0.11477861130000001	0.0659044822	-0.047148952300000005	-0.0968255141	-0.09367709839999999	-0.0389362461	-0.0480253242	0.025614119900000003	0.0729018546	0.0081595527	-0.0960621692	-0.0186260953	-0.0237777602	0.1151531964	-0.13396055980000002	-0.0711898261	-0.013629534799999999	-0.018663489499999998	0.1509668646	-0.0180655632	-0.0812584093	-0.0360202733	0.0817417733	0.11270304910000001	-0.0325815345	-0.006419651	0.02064727	0.011228601999999999	0.0740894595	0.0062881248	0.027841712299999998	0.0204862447	-0.0308489508	0.0053786767000000004	0.09543398980000001	-0.1041310426	0.018589822199999998	-0.0128028425	-0.0888149925	0.1574465865	0.09916198009999999	0.07623602410000001	0.1034062051	-0.0973990958	0.0275878672	0.0032425194	-0.102923929	-0.0044694523	-0.0343467749	-0.0506786968	0.041612182000000005	-0.12445405539999999	-0.0017553233	0.0289039814	-0.0207208737	-0.1562064819	-0.0163359551	-0.099338093	0.0608301251	-0.0034002533000000003	0.0354605326	0.1339792816	0.011485278600000001	-0.1537632492	-0.0279723148	-0.0810676563	-0.1213323779	-0.039660181	0.023896653700000003	0.0187097105	-0.1461401936	-0.11270916730000001	-0.0143730563	0.0277696246	-0.1705203114	-0.0674527458	0.026368009799999998	0.0406835769	0.0431022162	0.024655169900000003	-0.0298276694	0.0721912561	-0.0507562698	-0.0487669081	-0.042161548300000004	-0.074049469	0.0505764099	-0.0922152904	-0.0165960428	0.047323904699999995	-0.0093036935	-0.0605301485	0.0083131954	-0.09684926449999999	-0.0176677058	-0.0199764181	0.1131223957	-0.0659571085	0.13441112789999998	0.0007943482	0.006909976	0.1530833117	-0.003647653	0.08402518490000001	0.058418731900000014	-0.0789494416	0.0910821581	0.068038191	0.0082416487	-0.0044529746	0.040023543599999996	-0.0912956384	-0.0263583004	0.041504997200000004	-0.0323396557	-0.0123938003	0.07863555929999999	0.0377436148	0.08563037710000003	0.0032190135	-0.0360572105	0.0803457536	-0.1683415693	0.0004039367	0.0333933129	0.031137427599999996	0.0559383553	-0.1345481374	0.008707258399999999	0.0918225948	0.0904035691	-0.0410649172	0.0335387089	0.061654713099999994	-0.1005564832	0.11048034220000001	-0.0752225673	0.0086646361	0.1246385514	0.025484149900000003	0.06774628519999999	-0.072148737	-0.006047539300000001	0.0435566545	-0.13748729210000002	0.0512126071	-0.0697541505	0.1546878579	-0.0758363346	-0.0008427016	0.1140151324	-0.0262102252	-0.0611847162	-0.029256709500000002	0.0620906635	-0.0866746005	0.142873855	0.034640991600000004	0.0293082431	-0.0207340996	0.11191358109999999	0.0672505635	0.08399526880000001	0.0492419941	-0.0066226146	-0.0140813946	0.074417083	-0.015516065800000001	0.0853682017	-0.0594817514	0.0712834588	0.012509604399999999	-0.023803324700000003	0.0053177314	-0.0235381917	0.060282893899999995	-0.0127446681	-0.0770096525	-0.0883267658	-0.0389149436	0.0	-0.0944222	-0.0009331999999999954	0.008915551852839999	8.708622399999908e-07	0.07835269999999997	0.12679429999999994	0.0061391455972899965	0.01607679451248999	-0.101035	0.061780000000000015	0.0038167684000000018	0.010208071225	0.00262889	-0.00018512999999999996	6.911062632100001e-06	3.427311689999997e-08	-0.0008264019999999997	1.540300000000031e-05	2.3725240900000964e-10	6.829402656039996e-07	-0.00186736	-0.00010278000000000003	1.0563728400000004e-08	3.4870333696e-06	0.0	0.0	0.0	0.0	0.0	0.0	0.0	0.0	0.0	0.0	0.0	0.0
6619.318391694976	-5.006540164989929	25.06544442365739	43815375.97063136	5551.145080769934	-3.08124394339211	30815211.70775624	9.49406423869056	4755.665244873041	-4.270528845704575	22616351.921293367	18.23741662199485	4728.032461303049	8517.235343699755	1.2154120000000002	29.101978000000006	0.1091962	0.06812	0.023208838399999997	0.0696012568	-0.048085522699999994	-0.0336664365	0.0145365689	-0.0757914004	-0.0183026862	-0.091591735	0.0693527662	-0.08789289210000001	-0.0268777668	-0.06560790679999999	-0.1192541766	0.0044365064	0.076524914	-0.0216552835	-0.024659556000000003	0.03426238	-0.018426016599999998	0.1482593126	0.09325433179999999	0.053946134699999995	-0.0792112468	-0.06130349	0.0055775196	-0.0196203327	-0.0248823392	0.0794427732	-0.0695496523	-0.11682359980000001	0.1125363763	-0.0315106265	-0.0025843914000000003	-0.0499948661	0.0131038444	-0.0281963233	0.1238561253	-0.030978942599999996	-0.011855447	0.0092095956	-0.025888276499999998	-0.06241146490000001	0.1496786949	0.08538594890000001	-0.10602677449999999	0.0517511075	-0.0512725444	-0.010538195700000001	-0.012381968899999998	0.0182655335	-0.023891320299999998	-0.1502328351	-0.0716996285	0.061217567699999996	0.0012009952000000001	-0.0486363788	-0.0460761404	-0.012568928	-0.0767716944	0.0192322361	-0.022906130299999997	0.0535264467	-0.039182887	-0.0463238346	-0.0059960938	-0.002210518	-0.027289732799999997	-0.1170857486	0.011876191599999999	0.0470891571	-0.0817526632	-0.050544948099999994	-0.10605986839999999	-0.0598641681	0.0358256224	-0.1270259793	0.060335131500000014	0.008972109499999999	0.0095968322	-0.0839401372	0.013883073300000002	0.0591387043	-0.1082429504	0.1474172363	0.012617578400000001	-0.046146503	-0.024749534500000003	0.10343658380000001	0.0019095192000000002	0.021802158999999998	-0.1234989183	0.0480598412	-0.1415943908	-0.0057830224	0.03873889	0.0277016659	0.0595154616	-0.0056494251	-0.0536028632	0.0506025476	-0.0056390451	0.028427092799999998	-0.0764621194	0.0029281960999999997	0.0557540061	-0.0799965478	-0.0597818862	0.0028390823	-0.016019288	-0.0563730283	-0.0442902	-0.1030634694	-0.0921147524	0.10548811400000001	-0.011499229599999999	0.0164374495	0.056055545199999994	-0.0152540775	0.0559462029	-0.1301820159	0.048400266100000006	0.021236972799999997	-0.046127626799999995	0.0140543623	0.0174562394	0.1374317008	-0.1309814103	-0.0162141539	0.0062118482999999995	-0.0873597633	-0.026119870400000002	-0.0225484517	0.0411389831	-0.0088207029	0.030708321400000002	-0.0814532538	-0.13139646	0.0207977869	0.056243095300000004	0.044478357	0.0101888746	0.0783547599	0.0503711213	0.0165185751	-0.048781269800000006	0.028290114100000006	-0.0126656151	-0.0068638419	-0.0133998566	0.068319601	0.0568646731	-0.0911299649	0.1403623823	0.021672571499999998	0.0172806689	0.0775295176	0.14668110939999998	-0.0631814067	-0.0354048611	0.08672048689999999	0.021699338199999998	-0.10683018779999999	-0.0379740179	-0.032407417	0.0888209776	0.001519926	0.1390705558	-0.013947581	-0.024961261600000003	-0.0167731702	-0.0717712906	0.0698396362	-0.049926476500000004	0.0467582079	0.0946398654	-0.09307963779999999	0.0310558595	0.0403911952	-0.0475342704	0.0578103733	0.0134232102	0.038638222	-0.0498535244	-0.07830185070000001	0.0129524049	0.07391663700000001	0.0576065425	0.0593587869	-0.0151517667	-0.078939904	-0.0868648184	-0.0333183036	0.0	-0.0888457	0.005576499999999997	0.00789355840849	3.109735224999998e-05	0.0141755	-0.06417719999999998	0.00020094480025	0.0041187129998399965	-0.0893158	0.0117192	0.00013733964863999994	0.00797731212964	0.00288	0.0002511100000000001	8.294400000000001e-06	6.305623210000006e-08	-0.000676706	0.00014969599999999973	2.240889241599992e-08	4.57931010436e-07	-0.0017137	0.0001536599999999999	2.3611395599999973e-08	2.9367676900000007e-06	0.0	0.0	0.0	0.0	0.0	0.0	0.0	0.0	0.0	0.0	0.0	0.0
6629.1002918659315	9.78190017095585	95.6855709545461	43944970.67961698	5548.178310285739	-2.9667704841949667	30782282.56272512	8.80172710589044	4755.041673571659	-0.6235713013820714	22610421.317403164	0.3888411679073301	4727.605562666969	8547.862872589742	1.156684	27.695786	0.07962609999999999	0.05767430000000001	0.0130072023	0.0850310576	-0.07144389179999999	-0.0144773144	-0.0040802103000000004	-0.0949505999	-0.0123096057	-0.0950128104	-0.0348992977	0.0864296655	-0.0014488556	-0.0025225777	-0.058590456	0.0342790097	0.0074110693999999986	-0.0240719067	0.072452562	0.0388001846	-0.0142469903	0.0193060938	0.0913571037	0.0765475708	-0.08554604589999999	-0.0495783297	-0.0218094205	-0.0222417139	-0.0169789796	0.030023306	0.07666148440000001	0.009936203900000001	0.1730514823	0.0113830431	0.0397969948	-0.0199495546	0.0510319333	0.10141744039999999	-0.0096170686	0.0790768824	-0.08804776210000001	0.0679487424	-0.09272526800000001	0.1182124825	-0.056634613499999986	-0.0194272243	0.0029855453	0.0722693157	0.022399189700000002	0.1053885481	0.0358237119	-0.0244745761	-0.0160084801	0.0351435591	-0.0223620065	0.1122238142	-0.0304405392	-0.12257477619999999	-0.0666712389	0.0487217694	-0.022467376400000003	0.0074492656	-0.1316606106	0.006583215999999999	-0.14052761490000001	0.0164437737	-0.13081214619999998	0.0013368326	0.0450336817	-0.0665159966	-0.0018196268	0.046356839500000004	-0.066344161	0.0228979017	-0.0041096961999999996	-0.0965268392	-0.0392052175	0.0268256346	-0.08604759960000001	-0.0063958618	0.1412872136	-0.0015402028	0.0181137823	0.077772094	-0.10703931119999999	-0.0092399407	-0.013685276100000001	0.1138379568	0.0162155064	0.054527825599999996	-0.1398748936	-0.0370297372	-0.040375897599999995	0.0787853445	0.0105430044	0.0607423955	-0.061209111399999995	-0.0746384109	-0.0358936996	-0.0116258022	-0.0568422725	-0.0302699748	0.0673780415	-0.11560955449999999	0.062969119	0.0058395512	0.0771081649	-0.0872408453	-0.0495354319	-0.036086249	-0.0304431348	-0.029396298799999998	-0.018312384299999998	0.0992070352	0.0013117823000000002	0.166593358	0.0099557976	-0.0390779639	0.0178749067	-0.049460098499999994	0.0798899859	0.05535649559999999	-0.086470856	0.1049256922	-0.0462996684	0.015599491200000001	-0.1284473676	0.0184974704	0.1035818261	0.0059654261	0.0524699742	0.0125063611	-0.12408539730000001	-0.0527060555	0.0104099237	-0.0014747542999999999	-0.056678417599999996	-0.0371167436	-0.0558169625	0.09154118630000001	0.113028572	0.0208753526	0.0193951521	0.0455298776	-0.003780162	-0.0287802979	0.1213095187	0.0355642073	0.0164860599	-0.1045803025	0.0741517391	-0.021144827400000003	0.1330009489	-0.0865553391	0.0350956732	0.1154369149	0.06654116480000001	-0.031948727999999996	-0.0001621146	0.0056036025	0.1409669304	-0.0180209897	-0.0316862582	-0.019722420600000002	-0.0603230518	0.06903282990000001	0.0146166557	-0.104893145	0.0780198528	-0.12702058619999998	-0.0042368783	-0.0514990216	0.0820587339	0.0011124413000000001	-0.06769236070000001	-0.0218494491	-0.0083133332	-0.0850185577	-0.1080484959	-0.026330235499999997	0.0694017645	0.0084141606	0.0508348536	-0.015184566399999997	-0.056744835800000004	0.085855678	0.10256926529999999	-0.0272122197	-0.0884458781	0.0584242501	-0.0175482166	-0.0807453353	-0.08515871609999999	-0.027575356000000002	0.0	-0.0914133	-0.002567600000000003	0.008356391416890001	6.5925697600000176e-06	0.06977080000000001	0.055595300000000014	0.0048679645326400005	0.003090837382090001	-0.0974857	-0.008169899999999994	6.67472660099999e-05	0.00950346170449	0.00268738	-0.00019262000000000006	7.2220112644e-06	3.7102464400000046e-08	-0.00063179	4.491599999999999e-05	2.017447055999999e-09	3.991586041e-07	-0.00174203	-2.8330000000000025e-05	8.025889000000012e-10	3.034668520900001e-06	0.0	0.0	0.0	0.0	0.0	0.0	0.0	0.0	0.0	0.0	0.0	0.0
6636.440748985207	7.340457119275925	53.88231071992861	44042345.814791344	5558.028478893807	9.850168608068088	30891680.57219461	97.02582160737002	4760.4529392996865	5.4112657280275025	22661912.187287025	29.281796779325013	4733.185255190319	8679.32860320663	1.153849	27.627924	0.05606284999999999	0.0395041	-0.015372573700000001	0.0813761118	-0.0057723031999999995	0.0938407501	0.0195444438	-0.0184580358	0.0712697814	0.0002030293	0.0636032247	0.127769845	-0.026922706400000003	0.029569615	-0.0500157427	0.07665141389999999	-0.015432577900000001	-0.0097791097	0.0561924374	-0.0557578753	0.057764686100000004	0.0287218829	0.013524483899999998	0.0353112042	-0.08834383859999999	-0.057942383300000004	-0.007023780899999999	0.140083325	0.0414085514	0.011979208600000001	-0.009492961	0.0342654405	0.0501415162	-0.013555805	-0.10494438369999999	0.0962094733	0.03818614	0.0489202842	0.0549854417	0.0724473748	0.0524270476	0.0406863386	-0.0525548489	0.0586191816	-0.006168661800000001	-0.0838857947	-0.0314762105	-0.07353623620000001	-0.0270987976	-0.13849450119999998	-0.0125239265	0.13000829949999998	0.0032277787	-0.0931761242	-0.0508642584	0.0370131652	0.004919366	0.028587297	-0.090257849	-0.0106141983	-0.0131721361	0.009632134	-0.0065854618	0.055959042199999996	-0.0453419428	0.0126832744	-0.0069229675	-0.0680782725	-0.0940294901	-0.0240532044	0.0726394657	-0.0154331037	-0.1150345803	-0.021396928399999997	0.0497438364	-0.0154749455	-0.0148581844	0.0021346941	-0.036511662599999994	0.028294654199999998	-0.0055615243000000005	-0.058904158899999996	-0.027955325099999997	0.0181113778	0.0371064188	-0.0795315549	0.0871671098	0.0601293721	0.0541434597	0.0197057395	0.0294328653	-0.011465698500000001	-0.0025627643	-0.0150226826	-0.0056326695	0.14195078220000001	-0.0635396434	-0.0475261075	-0.059985764800000015	-0.0130342068	-0.0092192562	0.0404418956	0.0641077513	-0.0951679948	-0.07401643570000001	-0.0615210526	0.0359991705	-0.0897889291	-0.055303913499999996	-0.0030249335	0.1422582982	0.0072088019	-0.0441548992	0.0100305606	0.0439673212	0.049186823399999996	-0.0127937651	0.1120414891	-0.0889411869	-0.0273562986	0.06559317070000001	-0.0153944548	-0.0682314522	-0.031219815499999998	-0.06255149389999999	-0.019390220700000002	-0.0562826586	-0.0028068000000000004	0.06277604269999999	-0.0513129051	-0.080966042	-0.0319827283	0.1307306928	0.0351220705	0.1315377384	0.09443703839999999	0.053634908099999996	-0.0045272858	-0.09956397880000001	-0.034870255	0.0025334983	0.07268228389999999	0.010841395	-0.0088950462	0.014384888200000001	0.0297285452	0.0307441057	0.0516409461	-0.008716288	-0.0013051080000000001	0.049495576299999997	0.1016058865	-0.0499856755	-0.017041805	0.0778126311	0.09775177630000001	0.0009236645	-0.0535413058	-0.0370414087	0.021653195400000002	0.0613441446	0.0075894985	0.020051585900000002	0.0149294821	0.0046058392	-0.0206531339	-0.0154953199	-0.0519356511	-0.056380104699999996	0.021266682599999996	0.047489279599999996	-0.1311575995	-0.0169487292	-0.08261834900000001	-0.0030114338	-0.059292806399999995	0.028026995899999997	0.0446293508	-0.0085770493	-0.047885753899999994	0.11711994140000001	-0.012441522	0.0074155842	0.046571500700000004	-0.0092317902	-0.0395866895	0.1372064767	0.0696030191	-0.07362009950000001	0.0574794475	-0.0199323335	-0.0824230915	-0.0832132545	-0.0217113192	0.0	-0.0872378	0.0041754999999999995	0.007610433748840002	1.743480024999999e-05	0.0314491	-0.038321700000000014	0.00098904589081	0.0014685526908900005	-0.0933057	0.004179999999999989	1.747239999999991e-05	0.00870595365249	0.00278956	0.00010217999999999988	7.7816449936e-06	1.0440752399999978e-08	-0.000659113	-2.7323e-05	7.465463289999997e-10	4.3442994676899995e-07	-0.00168382	5.8210000000000156e-05	3.3884041000000195e-09	2.8352497924e-06	0.0	0.0	0.0	0.0	0.0	0.0	0.0	0.0	0.0	0.0	0.0	0.0
6634.932926886951	-1.5078220982568382	2.2735274799916545	44022334.94428864	5560.105354510672	2.0768756168654363	30914771.55325825	4.313412327930187	4767.888165689027	7.4352263893406425	22732757.560517475	55.28259146074748	4740.686046945501	8657.487088048689	1.064767	25.494915	0.05838591000000001	0.0324866	-0.015053781899999999	0.0412772271	-0.0410571978	-0.07339253230000001	0.0472558417	0.009634967900000001	-0.041225959300000004	-0.0495945202	0.1213852399	0.0308004403	0.0039789969	-0.0260732837	-0.049767738	0.114907378	-0.107456824	-0.029849953399999997	-0.0017537892999999998	0.0344115849	0.049971478300000004	-0.0168207132	0.0010147186	-0.03226782	-0.07377206230000001	-0.10883711289999999	0.0160622796	-0.0257181721	0.0296559939	0.055924876	-0.0297540312	-0.0099617732	0.0763905431	-0.1033140817	-0.0282390604	0.15967502050000001	-0.0320364171	0.0082681947	-0.08774845699999999	0.0771810818	0.1049590793	-0.026453797400000003	0.0761396408	0.07791956230000001	-0.014063518799999999	-0.0711759247	0.1044261566	0.10714504	-0.0463663874	0.0468466109	-0.042797358	-0.07283525	-0.0173717835	-0.0314507791	0.046547320700000006	0.028194244900000002	-0.0314710187	0.0104767363	0.0039347992	0.0412136107	0.0099499085	0.0706721983	0.046676435999999995	0.0320816079	-0.0781150261	0.049992843200000005	0.10317725650000001	0.019436866599999998	0.011509896200000001	0.0474138099	-0.0987427475	0.0222035344	-0.0444230042	0.0599952616	0.0642754892	-0.0216349476	-0.0321118366	-0.0566879202	0.0546286422	0.0121891003	-0.0562781975	0.0484159648	0.077533129	0.0044640228	-0.1384983979	-0.0142061863	0.061152205	-0.10604319029999999	0.09099900949999999	0.0770928249	0.0023201370000000003	-0.0528002133	-0.0965971841	-0.0040088442	0.0467170025	0.0504260202	0.06070555	0.0609459079	-0.0763602529	0.0547041963	-0.1715550012	0.0449930629	0.0588803374	-0.0987710559	-0.0193821442	0.15418465539999998	-0.032476742999999995	-0.076889888	-0.1090473074	0.0148745978	-0.0270676193	-0.0163262383	-0.0620345525	-0.0352524898	-0.022112822200000003	0.0805845615	-0.0903008896	0.0402329545	-0.170438095	0.029377809900000006	-0.0487624709	0.0727631212	-0.05985892650000001	-0.099756635	0.054902128099999996	-0.07155872320000001	-0.0813165819	-0.11844174710000001	0.0101787591	-9.52429e-05	0.0126035765	-0.07370702280000001	-0.0777505662	0.051569378799999996	-0.009333744	-0.073974401	-0.0321702469	-0.080992893	0.0071012718	0.010778925600000001	-0.0383838775	-0.012016787900000001	0.0113588767	-0.0180861244	0.0037891553000000003	0.1103251074	0.014978324599999999	0.0487124168	0.0390614676	-0.08002115110000001	-0.0418955768	0.0103324055	0.0186387475	0.0033108611	-0.09682257890000001	0.038083397000000005	-0.0182122323	-0.058098797800000004	0.060073738	0.0161435209	-0.0899549942	0.0520414607	-0.0126839449	0.0691197675	0.023860092200000002	-0.0160724422	-0.0540437374	-0.025633119700000002	0.20375300010000005	0.08527224359999999	-0.045298377199999997	-0.0576877723	-0.0871132881	0.0237999058	-0.0696636058	-0.04520319230000002	-0.0217424582	-0.0778970828	0.0039190099	-0.08657292859999999	-0.0175812482	-0.0384815808	-0.0202239518	-0.09298597019999999	-0.08571141	-0.0154246447	0.15878074820000002	-0.007048871500000001	0.0757135014	0.0565245452	-0.022302441699999998	-0.08397052	-0.0810339018	-0.0157519435	0.0	-0.08094939999999999	0.006288400000000013	0.006552805360359999	3.954397456000017e-05	0.00389994	-0.02754916	1.5209532003600003e-05	0.0007589562167056	-0.08521339999999998	0.008092300000000023	6.548531929000039e-05	0.007261323539559997	0.00303106	0.0002415	9.1873247236e-06	5.832224999999998e-08	-0.000618692	4.042100000000001e-05	1.6338572410000009e-09	3.82779790864e-07	-0.00163662	4.7199999999999846e-05	2.2278399999999856e-09	2.6785250244000003e-06	0.0	0.0	0.0	0.0	0.0	0.0	0.0	0.0	0.0	0.0	0.0	0.0
6624.189122426359	-10.743804460591493	115.42933428742563	43879881.529671706	5555.783981425975	-4.32137308469737	30866735.64826946	18.674265337146867	4764.559074122277	-3.3290915667503214	22701023.17080093	11.08285065980811	4737.119366979	8589.772690174204	0.909351	21.773628	0.09191146000000004	0.0549514	0.0045617607000000004	0.0097433226	-0.0417528734	-0.0780984016	-0.0014008375	0.0144280601	-0.0494444509	-0.07564244469999999	-0.045821645700000004	0.0862991939	-0.0369492447	-0.0299472576	-0.053835648099999994	0.0088401517	-0.0818717504	-0.041087353	-0.014545289199999999	0.0243190871	-0.0217571449	0.07993180379999999	-0.0317273959	-0.014865545400000001	-0.0290994396	-0.0871282231	-0.009565401500000001	-0.0531778114	-0.056670569299999994	0.0282893191	-0.0007235936999999999	0.0058391766	0.051174823700000004	-0.0809463101	-0.0180506782	-0.0265475894	0.0059355624	-0.0069608522	-0.1233237833	0.028494331499999997	0.012954641299999998	-0.022288906	-0.0058259024	0.07281326889999999	0.0064803753000000006	0.010627412900000001	-0.0525472802	-0.0126476878	0.11660684710000001	0.0804972179	-0.0610902248	0.0165273064	0.0753950593	-0.05464546	0.0685648379	0.0720480844	-0.0083361594	0.0119068209	-0.0744417386	0.1165303268	0.10774340439999999	0.0541473906	-0.04352504769999999	-0.0489764663	-0.0339370405	0.066635055	-0.1666570068	0.0162539546	-0.0282707339	-0.07887135740000001	0.0042094453000000006	-0.10072435630000001	-0.1389025249	-0.0488547622	-0.0051743811	-0.06258302389999999	0.010150327399999999	-0.0248219653	0.030057122400000007	-0.1131810384	-0.1151303403	-0.0847342964	-0.2097819632	0.0392891302	-0.09190624619999999	-0.0288366262	0.010973128300000001	-0.0167970241	-0.029784892900000002	-0.075729819	0.026454696	-0.0064110634	0.036016255	-0.0355633818	-0.0191072332	-0.19873064489999998	0.051271404000000007	0.0244875652	-0.1262088479	0.006661029200000001	-0.0874738601	-0.0021802015	-0.14259724470000001	0.0696690264	-0.0058911415000000005	-0.1252447119	-0.014547041	-0.0310864518	-0.087307775	-0.0228942879	-0.061564770899999996	-0.05943871980000001	0.0121347371	0.0068739356000000005	0.005541116800000001	0.0524995717	-0.0653057521	0.021881726299999998	0.019152025700000002	-0.0309291046	-0.0657431926	0.0839983109	-0.0183753756	-0.0072143291000000016	0.0659409101	-0.0100963305	-0.1027555949	0.0755454003	0.0205118324	-0.047306578099999996	0.0591812297	0.0875576425	-0.0731312804	0.0582089654	-0.055151443	0.0953900458	0.0815979854	-0.090567955	-0.0282817057	-0.0084361009	0.021850713100000002	0.049245026500000004	0.091911323	-0.05651545440000001	-0.1055164207	-0.041585050400000004	0.031005889900000007	-0.1111724176	0.0157483993	-0.0066621702	0.0439829321	0.0603975389	0.0869325532	0.0041709916999999996	0.10988920769999999	0.1382441565	0.0174168345	0.018041945900000002	0.0217464959	-0.058552622199999994	-0.0362716778	0.0959096831	0.0002121659	-0.0616301007	0.2310467226	0.0145789914	-0.0034881078	-0.15398055619999998	-0.0502661192	-0.0024013691	-0.0162398373	0.0022059648	0.021666136000000003	-0.0654697016	0.051796824299999995	0.0947171411	0.007183951700000002	0.0023632495999999998	0.09573318380000001	0.06843663929999999	-0.059133011299999996	-0.1747206021	-0.045750400999999996	-0.09291065679999999	-0.0596566623	-0.0346202362	-0.1564398572	0.031541379	-0.0206107102	0.055559711	-0.024656875499999998	-0.0853851737	-0.07862678349999999	-0.0097233977	0.0	-0.0670086	0.013940799999999991	0.00449015247396	0.0001943459046399997	0.0544778	0.05057786	0.00296783069284	0.0025581199221796	-0.0921994	-0.006986000000000006	4.880419600000009e-05	0.008500729360359997	0.00308686	5.5799999999999954e-05	9.5287046596e-06	3.1136399999999942e-09	-0.000434736	0.00018395600000000004	3.383980993600001e-08	1.88995389696e-07	-0.00146824	0.0001683800000000001	2.835182440000003e-08	2.1557286976e-06	0.0	0.0	0.0	0.0	0.0	0.0	0.0	0.0	0.0	0.0	0.0	0.0
6618.5970193126295	-5.592103113729537	31.27161723458357	43805826.504054025	5555.292018107281	-0.4919633186937062	30861269.40644647	0.2420279069401252	4764.546575672573	-0.012498449703343795	22700904.071753245	0.0001562112449870146	4736.964553932765	8535.570102052076	0.8850179999999999	21.190992	0.059120350000000016	0.0333709	0.0240593123	0.0113222768	-0.08497578310000001	-0.0552501143	-0.055957114800000006	0.004209261	0.0143489969	-0.0179064097	-0.025669917599999998	0.07450826690000001	0.0048179826	-0.0120062594	-0.0340812152	-0.0238691762	-0.0296332744	-0.032895983	0.0140230778	0.0438012758	-0.0125539949	0.1350454401	-0.0835410254	-0.0100197302	-0.0209665235	-0.1076586884	0.0011073295	-0.0306120468	-0.0252490352	0.0005912419	0.06425352150000001	-0.0687076029	0.0252376254	-0.0327619608	-0.0124670915	0.0431561827	-0.1108135668	0.0778987058	-0.046272990300000004	0.0606233776	0.0645587061	-0.0244186324	0.0226968715	0.0366337922	0.018973131	-0.08754978640000001	0.010603439099999999	0.098924018	0.0381707399	0.0074260955	-0.011578906399999998	-0.0499030565	-0.037228846	-0.1959841853	0.0277248785	0.015268346	-0.0234137235	0.1242641643	-0.085107025	-0.1321528719	0.0155315711	0.0401351867	-0.0052775568	-0.0476081221	0.043256635300000006	0.0519563617	0.0587541778	0.1004407329	-0.0016762022	0.0405371459	-0.022833122200000004	0.1410225384	0.021402803300000002	-0.1406565091	-0.1172723904	0.0225552396	0.0391882512	-0.0567564563	0.1094184876	-0.0603301551	-0.1151259699	0.0099873565	0.033800517999999995	-0.0377725922	0.0856029711	-0.0232393392	0.0644235357	-0.0491669974	0.0342280187	-0.0329472679	-0.0744948571	0.0182768824	-0.0319584373	0.0139651323	-0.1883370747	0.0823145541	-0.0294140582	-0.0432662172	0.041491037	-0.0326939607	0.0047459697999999995	-0.040607776400000004	0.030722521099999997	-0.0105865244	-0.0416533809	-0.0395454534	-0.0102009064	-0.023236822999999997	-0.1046620628	-0.0078350557	-0.028570056200000006	-0.0102874556	0.027159500299999997	0.050016831399999996	-0.0893448215	0.0202954313	-0.0163039047	0.0192931026	-0.0402107984	0.0999924533	0.048146389299999995	0.052706404500000005	-0.040951228900000004	-0.0612738033	0.045897342199999996	-0.032749002299999996	-0.051687458	-0.0114798199	0.0041372057	-0.0929521208	0.07214835530000001	-0.0357374752	-0.0008374407000000001	0.011477968500000001	0.0507455426	-0.0721485037	0.044678853399999996	-0.1674557685	-0.0665345135	-0.09020855859999999	-0.09678766039999999	0.1092760904	-0.1496948056	0.0039815459	-0.0114849823	-0.027388343	-0.0048854746	-0.0632229628	0.034325347799999996	-0.023151847799999997	-0.1264252496	0.0131102178	-0.0634424708	-0.0993856712	-0.0403063788	-0.0421182143	-0.1278225216	0.13658292630000002	0.09995927269999999	-0.0575749935	-0.0780738441	0.0460382549	-0.0615136133	0.00043033089999999996	0.031641233399999996	-0.060564075999999994	-0.0677649849	0.0662779198	-0.0238690111	0.11734712859999999	-0.0005503286	-1.9485399999999998e-05	0.0995946114	0.0337584517	-0.0603398342	-0.0151096971	0.1561179211	-0.0035633661999999997	-0.013295311	0.0081343722	0.1157525177	0.089704875	0.010967608899999998	-0.0200566359	0.048834360300000004	-0.0479929567	0.051908669299999995	0.0438640575	-0.0617212068	0.054585114299999994	-0.0269939802	-0.08666481599999999	-0.0759986654	-0.0036521544	0.0	-0.0600184	0.006990200000000002	0.00360220833856	4.886289604000002e-05	0.0253423	-0.0291355	0.0006422321692900001	0.0008488773602499999	-0.102618	-0.010418600000000014	0.00010854722596000028	0.010530453924	0.00319145	0.00010459000000000031	1.01853531025e-05	1.093906810000007e-08	-0.000427705	7.030999999999954e-06	4.943496099999935e-11	1.82931567025e-07	-0.00132834	0.0001399000000000001	1.9572010000000028e-08	1.7644871555999997e-06	0.0	0.0	0.0	0.0	0.0	0.0	0.0	0.0	0.0	0.0	0.0	0.0
6614.503491090793	-4.093528221836095	16.756973302968586	43751656.4336523	5540.454077348477	-14.837940758804507	30696631.38320736	220.16448596179202	4762.5225024126175	-2.0240732599559124	22681620.58598654	4.0968725616685555	4734.519880965165	8483.989445896379	0.916229	21.938297	0.06155685	0.0346164	0.0376539803	0.0005753628	-0.08512294949999999	-0.0116164022	-0.0730935601	-0.0285096655	0.0329560199	0.029286055	0.0084203873	0.053843079	0.025026800699999997	0.0070515402	0.0001044239	-0.0429027689	-0.07588825589999999	0.019825258999999998	0.1500027185	0.07876496570000001	-0.0072619173	0.0681123641	0.0011930964	0.0042734521	-0.0188854603	-0.0422699939	0.0165968429	0.0038012183	0.0237248081	-0.0522752962	0.0776654546	-0.046944831299999996	-0.004126742	-0.0141228495	-0.0010059671	0.046079207999999997	-0.13678536689999998	0.078912306	0.17418730300000002	-0.0052159069	0.09306091	-0.1274111769	0.0861731041	0.06238262610000001	-0.0183764344	-0.1261741221	-0.0302953571	0.0586908937	-0.0227859473	0.0383520968	-0.0936572063	-0.036338316600000004	-0.0553531538	-0.0620067678	-0.034595039300000005	0.0188979732	-0.0301249723	0.001215173	-0.12381878019999999	-0.004546950300000001	-0.019230318700000002	-0.0506258327	0.01379077	-0.062231168499999996	0.0207931845	0.1291286773	0.0372003027	-0.034175607999999996	0.11235417539999999	-0.0810224248	0.1414462058	-0.13114827210000002	0.0450290763	-0.09786411240000001	0.0316215164	-0.036289041200000004	0.049547801100000004	0.1418176325	-0.0639109606	-0.0684456286	0.058220153	0.0179999348	0.0677158866	-0.0139736571	0.0929305154	0.048479361	-0.054979720700000005	-0.0812892918	0.0424342188	-0.0050237198	0.0372164108	-0.014470252900000001	0.0226922554	-0.022429747599999997	0.0050871327	-0.056090201799999996	0.055800261799999994	0.0372992787	0.09883134269999999	0.052630543700000004	-0.0684771416	-0.000217184	-0.10049800490000001	0.2263485618	0.06408143940000001	0.0145374863	0.005414971899999999	-0.0189784495	-0.041595417200000005	0.0156119203	0.0168949167	0.050717125	0.0286443573	0.0671135861	-0.0665975447	-0.0202240881	-0.0142456348	0.0087440535	-0.048849023	0.1258684543	0.1391480101	-0.1401267572	-0.0170227942	-0.07441358440000001	0.14669998550000002	-0.0259698879	-0.0535502301	-0.0921485666	0.057314083099999996	-0.1185314334	0.0105393983	-0.0430140346	-0.0621179776	0.0973744871	0.055813249100000004	-0.0352359579	-0.0365895054	-0.0337796004	-0.0505934972	-0.036911258100000004	0.0666647014	0.0926844658	-0.0324291782	-0.08307732150000001	-0.015359378100000001	0.0354847474	0.07136322889999999	-0.0355776558	0.1638553621	0.0455859291	0.077839496	-0.0902432722	-0.0568575121	0.0483488124	0.17858341449999998	-0.095765288	-0.0704432046	-0.0394659331	-0.0521100577	-0.0883918794	0.0729356617	-0.0569146425	-0.050616666	-0.0226152618	-0.0192984601	-0.0294604804	0.0263629946	0.0820200418	-0.046499959	0.0371814882	-0.0230102868	0.1031462477	-0.066439003	0.024217250299999996	0.015442504	0.0396337219	-0.0280683711	0.0074706335	0.0082268615	-0.0010492239	-0.055394143099999994	0.0744250801	-0.1153247078	-0.0741181926	0.0332484276	-0.039380507599999996	-0.1930226263	-0.1016093835	0.0837972346	0.05360092650000002	-0.0293121133	-0.0878074234	-0.0731569346	0.0024351261999999998	0.0	-0.0651704	-0.005152000000000004	0.0042471810361599995	2.6543104000000038e-05	0.0507399	0.0253976	0.00257453745201	0.0006450380857599997	-0.0873337	0.015284299999999999	0.00023360982649	0.007627175155689999	0.00290987	-0.00028158	8.467343416900001e-06	7.928729640000001e-08	-0.000394826	3.2879000000000035e-05	1.0810286410000025e-09	1.5588757027599994e-07	-0.00132834	0.0	0.0	1.7644871555999997e-06	0.0	0.0	0.0	0.0	0.0	0.0	0.0	0.0	0.0	0.0	0.0	0.0
6629.376596111085	14.873105020291405	221.20925294461742	43948634.0530654	5540.8083999602795	0.3543226118026723	30700557.725070395	0.12554451323466725	4758.360743858918	-4.161758553699656	22641996.968697596	17.32023425929225	4730.6682696911075	8574.752283763142	1.051109	25.167892	0.07375664000000001	0.0497012	0.0183684201	-0.012512313700000001	-0.0889527594	0.0184251498	-0.0901640249	-0.0615757923	0.0663212341	0.0720379187	0.052490353499999996	-0.0045252709	0.0033042027000000002	0.0364182633	0.0095130126	-0.0348703711	-0.0802505724	0.032444714900000005	0.0543677153	0.1060457359	0.0335211205	0.0411910598	-0.008334041300000001	0.0279224133	-0.0142246593	-0.056977947599999995	0.068781658	0.075050938	-0.0078376563	-0.0371577979	-0.0409006838	-0.0780548118	-0.0581437941	0.0308724844	-0.0145440476	0.0964844409	-0.0150546916	0.0943773509	0.0138594406	0.0550553487	0.00040423300000000004	0.0354743791	-0.0210575887	-0.0222323877	-0.0008834525999999998	0.0315727041	-0.012011593700000002	0.08463242800000001	0.0230254618	0.0302752604	-0.06613133110000001	-0.044444131799999995	0.0464174771	0.0345760381	0.0393435994	-0.0253169	0.0586026038	0.013886266299999998	-0.0495402518	0.0006556210000000001	-0.0079209045	-0.13532124869999998	-0.0260257775	0.002270427	-0.042539700199999995	0.083108271	-0.014100665	0.005224293499999999	-0.015643296299999998	-0.1458711359	0.0274012565	0.0215979108	-0.0149213624	0.0512816767	-0.0292553033	-0.025761082299999998	-0.042254787300000006	0.05860592360000001	0.11326201640000001	-0.10938732279999999	0.016893248700000002	0.0789101066	7.18212e-05	-0.0518672784	-0.0773359497	-0.09477867039999999	-0.1145633817	-0.0106324482	0.010982807399999999	-0.0624188767	-0.019779878799999998	-0.0879498813	0.1577976858	0.0057095044999999995	0.0859494848	-0.07735593610000001	0.052936824699999996	0.1102854983	-0.111899477	0.0793085243	-0.0352772002	-0.0331431206	0.0395353092	-0.119942818	-0.0730868628	0.040086291499999996	0.027910601200000003	-0.0141859056	-0.0574496269	0.0806892454	0.0755834095	0.0204646125	0.0324818014	-0.0535084312	-0.0455154424	-0.0482251055	0.048344791399999996	0.0139098247	-0.0992045101	0.024184488100000002	0.0788569048	0.041424311400000004	-0.0578190387	0.0076980624	-0.0150086886	0.006137074	-0.021090495600000002	0.0096948467	-0.009710573	0.0171346405	0.1035653325	-0.0127336375	-0.08534637869999999	0.0749533496	-0.0490833101	0.0210907155	-0.0081404787	0.0163439812	0.0063275384999999995	-0.0719990713	0.0400547831	-0.0068008834999999995	0.0049595244	-0.0827046616	0.08418298140000001	-0.06353262400000001	0.050117963200000004	0.0259405138	0.1050736316	0.0251306414	-0.009470655	0.046340225	0.0758310097	-0.0386480395	0.0824897839	0.0074794722	0.023979010499999998	-0.0266724858	0.0027414902	-0.0310399827	-0.08301886230000001	-0.11402549029999999	-0.1219590531	0.0585206624	0.0394809885	0.0775367205	-0.16783472359999999	-0.07000299559999999	-0.0038195865000000004	-0.0861686175	-0.041732038	0.0585184313	-0.0265792395	-0.0621738992	0.0011054917	0.0269769206	-0.11105789630000001	0.0289339381	-0.0184228009	-0.0193335604	-0.13462325279999998	-0.1227696027	-0.0902301749	-0.0390310091	0.0175963484	-0.0307828465	0.0726373215	0.06178889360000001	-0.1085773839	0.0526073205	-0.0316096456	-0.0888111892	-0.0701095784	0.0085117137	0.0	-0.0633908	0.0017796000000000062	0.004018393524639999	3.166976160000022e-06	0.00605991	-0.04467999	3.67225092081e-05	0.0019963015064001	-0.0901667	-0.0028329999999999887	8.025888999999934e-06	0.008130033788889999	0.00324494	0.0003350699999999998	1.05296356036e-05	1.1227190489999989e-07	-0.0005490369999999999	-0.00015421099999999996	2.378103252099999e-08	3.0144162736899995e-07	-0.00132834	0.0	0.0	1.7644871555999997e-06	0.0	0.0	0.0	0.0	0.0	0.0	0.0	0.0	0.0	0.0	0.0	0.0
6637.7182082520285	8.341612140943653	69.58249310993854	44059303.01216052	5541.890446705547	1.0820467452676894	30712549.72328621	1.1708251589444	4762.227156164237	3.8664123053195	22678807.48690812	14.94914411472605	4734.61954601639	8673.100148949356	1.11893	26.791813	0.05412739	0.0262521	-0.017844350800000002	-0.04900139480000002	-0.0934932858	-0.0894232008	-0.0287356769	-0.0808091725	-0.054855323899999996	0.0094374548	-0.0314113033	-0.005951274	0.06606115650000001	0.0019918227	-0.012858115500000001	0.046819055899999996	-0.020356621999999998	0.0084495823	-0.046429377699999996	0.0687385452	0.0594156264	-0.0414506454	0.0292110754	0.0026663081	0.0473616401	-0.0710909614	0.0470305989	-0.051594397400000006	0.0525991388	-0.0462406844	-0.030453469900000002	-0.071481587	0.0399583914	0.0443602134	-0.014675790400000001	0.1007549787	-0.0390529754	-0.0021553078	0.0337033978	-0.043299781100000004	0.0392391425	-0.0138463025	-0.07906269120000001	0.047511831799999994	-0.06242656150000001	0.0210738143	0.0350145001	0.0319184095	0.0462598381	0.0083996144	-0.0551105364	-0.0500066445	-0.0046195332	0.044290285	-0.034457877000000005	0.012957749	-0.00021186540000000002	0.006253137299999999	0.14333604390000002	0.01599372	-0.0400295706	0.1215911521	-0.0637143692	0.0458700857	0.0789913021	0.0214370787	-0.022549110600000002	0.0169150336	-0.0296183381	0.0336488192	0.0105181021	-0.06379406809999999	0.099454066	0.030086050099999997	0.0805696187	0.0358535789	-0.0952238044	0.0153312643	0.0736411272	-0.0355608814	0.038333167599999995	0.0613765924	0.0188691528	0.0373825815	0.0677940014	-0.0723304858	-0.14888331300000002	0.0080099028	-0.08730379810000001	0.10433823539999999	-0.1285301494	-0.1004396229	0.0920473131	-0.0637782855	-0.0778303996	-0.048457678899999995	0.0224453543	-0.0659754264	0.0889710456	0.08427196039999997	0.0099985364	-0.0017433876	0.0798927392	-0.054036170599999996	0.0399967128	0.040215637799999995	0.0025865549	0.0474331633	-0.0712913023	0.051810110300000004	-0.054035932099999996	0.0789736621	0.0048750664	-0.0408552623	-0.0328918842	0.042497228600000006	0.054537086900000004	0.0241930541	-0.0941588934	0.0396464075	0.031779466299999996	-0.0197166574	0.0439579709	-0.0307921606	-0.0099958308	0.0541147549	-0.0575338626	-0.0110240315	0.0760881124	0.0303332586	0.048227957300000006	0.030652553	-0.0201023208	0.0521803928	-0.034703524	-0.0728611629	-0.0075016179	0.0221289231	-0.0125301929	0.055889874400000004	-0.0681501831	-0.11763148679999999	0.019563644499999998	0.15628837539999998	-0.0629456978	0.0049385911	-0.0745921596	-0.0267980706	0.0010228842	-0.0100158975	0.027332880499999997	-0.0049637186	-0.0105218513	0.0776982676	-0.0347851282	-0.0468941309	-0.0036425540999999997	-0.0936984474	-0.0354727869	0.0377878564	-0.0924929244	-0.0730097942	-0.06703270830000001	0.021808993	0.0068198849	0.0553587266	0.0172238482	-0.02943982	-0.0956584316	-0.1361757083	0.1006148797	0.086125214	0.0116126755	0.0165020027	-0.1789169161	0.09626921960000001	0.0475555208	-0.035665546299999996	0.0199585166	-0.0039294116	-0.0059050345	0.1050372461	-0.0941974801	-0.0239453367	-0.0261506793	0.0358884224	0.05718183650000001	-0.0356191817	-0.0011927665	0.0516044709	-0.0338849624	-0.0896745262	-0.066865162	0.0145509244	0.0	-0.0555194	0.0078714	0.00308240377636	6.195893796000001e-05	0.0277374	0.02167749	0.0007693633587600001	0.0004699135727001	-0.0869578	0.003208899999999987	1.0297039209999917e-05	0.00756165898084	0.00344825	0.00020330999999999995	1.18904280625e-05	4.133495609999998e-08	-0.0007098289999999999	-0.00016079200000000001	2.5854067264e-08	5.038572092409999e-07	-0.00126505	6.328999999999992e-05	4.00562409999999e-09	1.6003515025e-06	0.0	0.0	0.0	0.0	0.0	0.0	0.0	0.0	0.0	0.0	0.0	0.0
6633.436167222615	-4.282041029413449	18.33587537758019	44002475.38461706	5550.601331838748	8.710885133200463	30809175.14501008	75.87951980381284	4765.769284369163	3.542128204925575	22712556.871836565	12.546672220129278	4737.711931078004	8733.141393325775	0.960314	22.993896	0.05847025	0.0329652	-0.024882480499999998	-0.0578207506	-0.0188453456	-0.0491727935	-0.0200754486	0.0158796697	-0.0920619951	0.0732183282	-0.0372426351	0.0655125812	0.08023923849999999	0.073101206	-0.043089145599999996	0.0742221943	0.035241224700000004	-0.0011556231	-0.0702699268	-0.054862737	0.0038278083000000004	0.0221385809	0.057551698099999986	-0.019707088600000002	0.0377442558	-0.0559816254	0.0255534662	-0.023252330699999997	0.0510051639	-0.0592257007	0.0043803351	-0.0088059793	0.0091599133	0.0783160721	-0.109044327	0.16752749449999998	0.039451954500000004	0.050539119	0.0747958414	-0.0647276494	0.0912337131	0.107233639	-0.012312003799999999	-0.0383716064	-0.0171669427	0.029450400499999998	-0.0751906125	-0.0900043665	0.013183106799999999	0.0135736485	0.0456576454	-0.1156730856	-0.0484981644	-0.09288826830000001	-0.1363739204	-0.0184131561	-0.0035240489	-0.033177668199999996	-0.0736890647	0.07372295150000001	-0.1260183501	0.0121422397	-0.026927015800000002	-0.0110587945	0.062746132	-0.07289609820000001	-0.126544099	0.0125982266	-0.0139324101	-0.021907809599999998	-0.04286229019999999	-0.0304038943	0.0366808786	0.164543713	-0.1347313059	0.0077976769999999985	0.0351764797	0.0773246629	-0.0009898136	-0.0641412483	-0.0281445701	0.0350017481	-0.0432508634	-0.0985940744	0.0144485369	-0.0277130719	-0.028105076899999998	-0.062442491399999994	-0.0788914919	-0.0367090729	-0.0062270348	-0.0086843322	-0.0384446889	0.009483533399999999	-0.0586958837	0.061522857699999996	0.1164206719	-0.0385889135	0.0951404543	-0.0367768061	0.0114200439	0.0673511966	-0.0845344852	-0.07758015730000001	0.0018618582000000002	-0.0266824442	-0.020175193	0.0388048774	-0.054187039400000005	0.0259581144	-0.0206410297	0.0806825219	0.0155052991	0.0091078671	0.0157605384	0.0087942026	0.07393008870000001	0.1263320147	-0.12769923130000002	-0.0179219507	0.1136108218	-0.011636860800000001	0.095263439	-0.0675896246	-0.1335803938	-0.0594165189	0.026483005499999997	0.0687257282	0.021196169900000002	-0.0051722365	-0.0456800706	0.054413865	0.0340057575	-0.05077052940000002	-0.05955256690000001	-0.1597489177	-0.0347573645	-0.0198271599	-0.1202881978	-0.0129618463	0.0570990771	0.08925208849999999	0.0791726725	0.077853838	0.04359225519999999	0.0014734129999999998	-0.0097088864	-0.06099224900000001	-0.046265372699999995	0.0374540523	-0.007212654399999998	-0.0226677151	0.0759466451	0.0781201602	0.0277701841	-0.0229736829	0.2055545136	0.0972659181	-0.0243278275	-0.0483109675	0.0130176852	-0.09534800539999999	-0.014441928400000003	-0.0164459924	0.0687937877	0.056754804299999996	-0.08600789380000001	0.0255196871	-0.0381573504	0.053392929900000004	0.028401382200000002	0.0547049932	0.0283843986	0.0711111725	0.0328782776	-0.0127834603	0.0621629077	-0.0244332872	0.030559327	-0.1135684919	-0.051248953	0.1026166232	0.0329973664	0.0619388253	-0.0931703999	0.0191087214	-0.022385547999999998	0.0709238522	-0.0018888239999999999	0.0505925538	-0.0361364644	-0.0903960694	-0.0634328049	0.0205262391	0.0	-0.0476632	0.007856199999999999	0.00227178063424	6.171987843999999e-05	0.0567044	0.028966999999999993	0.00321538897936	0.0008390870889999996	-0.08424919999999997	0.0027086000000000328	7.33651396000018e-06	0.0070979277006399935	0.00336358	-8.46699999999998e-05	1.13136704164e-05	7.169008899999966e-09	-0.00055573	0.00015409899999999988	2.3746501800999963e-08	3.088358329000001e-07	-0.00112505	0.00013999999999999993	1.959999999999998e-08	1.2657375025e-06	0.0	0.0	0.0	0.0	0.0	0.0	0.0	0.0	0.0	0.0	0.0	0.0
6622.72733202801	-10.708835194604942	114.67915122520952	43860517.31439085	5552.972567779261	2.371235940513543	30835504.338509	5.622759885583147	4764.1754505354575	-1.5938338337055031	22697367.72348473	2.5403062894643806	4736.6213739397135	8697.143393351438	0.9555	22.878607	0.07879545000000003	0.039382199999999985	-0.0025254907000000003	-0.0409881811	0.0299795048	-0.0164474349	0.0619382218	0.0896546207	-0.0656020843	0.0429547568	0.0652685883	0.047358669000000006	-0.0508910111	0.0499110258	0.0524704493	-0.008734254399999999	-0.025985310299999998	-0.011631530900000001	-0.0498083069	-0.040489996800000004	0.0416563719	-0.0638733598	0.0544854829	-0.0170814267	0.0144357351	-0.0736002568	0.0251363987	0.0610624184	-0.041403466800000004	-0.0109056478	0.0230574003	0.062290293	-0.0312589235	0.0074838388	-0.020270243700000003	0.1359790474	-0.0582992733	0.0296859756	0.0139884428	-0.0695104409	-0.005702645500000001	0.0408775932	0.010752889299999999	-0.025712849	0.0437287887	-0.0250913976	-0.0032198502000000003	-0.0002739668	0.02762105	-0.12746543	0.0088669682	-0.0388349533	0.1138368797	0.0282514443	-0.1295356407	-0.0440776708	-0.057009002300000014	0.0310447767	0.08054387219999999	-0.0434624425	0.0081473183	-0.0502707711	0.0649645017	-0.0285111134	0.045212863	0.055767122300000006	0.0410749895	0.0536483034	0.0609176617	0.036883981	-0.0915633551	0.0099029522	0.021614635899999998	0.0048284860999999995	-0.0248580469	-0.0939094708	-0.1291346067	0.052806118799999996	-0.025900764500000003	-0.10279183929999999	0.060313307999999996	0.030008378999999998	-0.0188880033	0.0532524743	-0.0186300748	0.0662429658	0.1176819143	-0.0920312309	0.048845451	0.0353269159	0.1258351265	0.0659144078	0.0815849474	0.0054526244	-0.0752648692	0.08621788679999999	-0.0863799508	-0.0253033913	0.0406933946	0.0377466013	-0.0697170861	0.0974632369	-0.0367046104	-0.09860019519999999	0.10932791300000001	-0.12312319570000001	-0.0180318685	0.0135759721	-0.07345868629999999	0.0202328019	0.051790864400000004	-0.0359242699	0.0275726681	0.0352137626	0.06410538589999999	-0.029596779700000006	0.0053494274	0.0202968316	-0.1329619456	0.064972152	0.0291874797	0.0159232523	0.06605630259999999	0.0164068847	-0.031079757599999997	-0.0202914659	0.0201187465	-0.0194458333	-0.039897130600000004	-0.0413921192	0.0418356972	-0.0335926037	0.141493809	0.0033635614000000003	-0.051797664199999996	-0.0647117987	0.0783450847	0.13321375130000002	-0.0336218806	0.0162380717	-0.0096671966	-0.022669264100000003	-0.0411597724	-0.0373223159	-0.03441072	0.0178776794	-0.042552891600000003	-0.029068874300000002	0.10062235720000001	0.0221480366	-0.037743347999999996	-0.08949523220000001	0.0163602233	0.0462217189	-0.0328563173	0.0207276607	-0.025064046800000003	-0.0538131901	0.13362453259999998	0.0696094986	0.0579549958	-0.09084209619999999	-0.061796286299999996	-0.024269253199999997	0.0302068799	0.0453921142	0.0657170184	0.0201401446	0.09176682539999999	0.1396420229	-0.057045329299999996	-0.0308129423	-0.042534568499999995	-0.0319656723	0.06077152230000001	0.0377962003	0.0572975437	0.12876224990000001	-0.0786107092	-0.0193470035	0.0502877988	0.0309050996	-0.0949503912	0.083810882	-0.1731764976	0.0566778313	-0.0030077540999999997	0.0170984597	-0.13164741259999999	0.0495717471	-0.0383625694	-0.09097467779999999	-0.0598221543	0.0264114187	0.0	-0.0332667	0.0143965	0.0011066733288899995	0.00020725921225	0.027947500000000004	-0.028756899999999988	0.0007810627562500002	0.0008269592976099995	-0.0983963	-0.014147100000000037	0.00020014043841000106	0.00968183185369	0.00351737	0.00015379	1.23718917169e-05	2.36513641e-08	-0.00055369	2.0400000000000283e-06	4.1616000000001135e-12	3.065726161e-07	-0.0008509810000000001	0.00027406899999999994	7.511381676099997e-08	7.241686623610002e-07	0.0	0.0	0.0	0.0	0.0	0.0	0.0	0.0	0.0	0.0	0.0	0.0
6613.774453886317	-8.952878141692963	80.15402702000365	43742012.52687925	5533.777821674579	-19.19474610468205	30622696.97965745	368.43827802320686	4758.0286904519535	-6.1467600835039775	22638837.01916393	37.78265952415782	4730.349452266135	8554.072323897451	0.9745490000000002	23.334742	0.1040461	0.0550505	0.0311048472	-0.0402201134	-0.047200973	0.020075867600000002	0.020711548700000002	-0.0018283601999999999	0.0208966441	0.0129194083	0.0287220471	-0.0248821541	-0.0767226035	-0.09623519380000001	0.0767544544	-0.0013458709	-0.07493434360000001	-0.11307650220000001	-0.0558098526	-0.09024232789999999	-0.022653598900000002	-0.027633039900000003	0.0667178873	0.0209367991	0.0333715006	-0.0815775929	-0.025792458799999998	0.019656865	-0.0886675349	0.011313456699999998	0.0664223301	-0.0057137291	-0.087593537	-0.1488409367	-0.0783895093	0.0594994229	-0.0077445437	-0.04767056980000002	0.0050405336	-0.0471516525	0.107031536	-0.051212484800000006	-0.0709849607	-0.0174408354	0.0477281451	0.0700007991	0.0461710355	0.0433869754	-0.0081594003	0.043420583799999996	0.1474235537	-0.0228245085	0.08946436529999999	0.0006282668	-0.046000302	0.13667907699999998	0.025493081299999998	0.015872629	-0.0194538054	0.1097544364	0.0167204655	0.0519960758	0.16142970710000001	0.10707789	0.050192821	-0.0861156532	-0.0190093837	-0.0001179698	-0.0270718446	-0.022518933999999997	-0.0388206646	0.1021891586	0.06565768820000001	0.0610253241	-0.0212608173	0.054139394800000004	-0.0381195302	0.0087824001	-0.0476715047	-0.0815571721	0.0289823463	0.0021545242999999998	-0.0728986776	-0.1174292175	0.0110743851	0.014202928100000001	0.0883664808	-0.0112678919	-0.024519735	-0.029575229100000006	-0.0029666906	-0.0581950047	0.1154319109	-0.011346762199999999	-0.0700334118	0.025158665499999996	0.0817907708	0.022387481400000003	-0.0452185675	-0.120302843	-0.09775774039999999	0.0200169137	-0.0484493021	0.11388466550000001	-0.0288305529	0.1515166973	0.021754242599999998	0.0301154886	-0.0835118655	-0.0315649026	0.027617005099999998	-0.09312714300000001	0.047364840899999996	0.0374676744	-0.0392320142	-0.0940406181	-0.1340128937	0.0887420567	-0.0514062731	0.0111017776	-0.0293726314	-0.0175050573	0.0724411391	-0.0994887817	-0.0060514199	0.0797636604	-0.043490378200000006	-0.0238145842	-0.0594286965	0.0366112246	0.0084521226	-0.017059593999999997	-0.0336897326	-0.1403244816	-0.1185378797	0.0471174174	0.035049569700000005	-0.0197816774	-0.1431066962	0.0395164186	-0.0453843808	-0.0070661513	0.1085816028	-0.0129510401	0.0355706089	0.1302074482	-0.1432613848	0.0087649544	-0.0986500561	0.0054653298999999995	-0.046321209800000006	0.029915987999999998	0.0673334336	-0.0458755916	-0.1025738757	-0.0739397621	0.049101535599999996	-0.0104311716	-0.025001794100000002	0.0258706104	0.06381305059999999	-0.0455902246	-0.046932673700000004	-0.0478458624	0.0625502208	0.1066203625	-0.0464496018	0.0518474378	-0.038482493	0.06207665940000001	-0.0218727594	-0.0094095984	0.056655139199999996	-0.09267975490000001	-0.0297106972	0.0359328196	0.07407083910000001	0.0652677072	-0.023824492000000003	-0.0637752384	-0.06029219900000001	-0.0346698116	0.0302978969	-0.09849973960000001	-0.031692062	-0.09950671929999999	-0.0722909357	-0.0303893475	0.05632204070000001	0.048542230199999994	-0.0405617128	-0.0914094366	-0.056043359	0.0321806203	0.0	-0.031493400000000005	0.0017732999999999913	0.0009918342435600003	3.1445928899999697e-06	0.0600367	0.0320892	0.00360440534689	0.00102971675664	-0.0805926	0.017803700000000006	0.0003169717336900002	0.00649516717476	0.00282968	-0.0006876899999999999	8.007088902400003e-06	4.729175360999999e-07	-0.00030295	0.00025074	6.28705476e-08	9.17787025e-08	-0.000741813	0.00010916800000000009	1.1917652224000018e-08	5.502865269690001e-07	0.0	0.0	0.0	0.0	0.0	0.0	0.0	0.0	0.0	0.0	0.0	0.0
6618.087253994239	4.3128001079221585	18.600244770893376	43799078.90148101	5533.453480206856	-0.3243414677235705	30619107.41761336	0.10519738768507994	4754.009143988114	-4.019546463839107	22600602.941122606	16.156753774961462	4725.869065257794	8519.691950004957	0.984749	23.578959	0.03835125	0.0186572	0.037629836800000004	-0.041100762	-0.11916588300000001	0.0524334976	-0.027192909100000003	-0.0817023317	0.030446531699999998	0.008792403399999999	0.0487287259	-0.0871291292	-0.00022079720000000002	-0.0786652749	0.0073997977	-0.0707243488	-0.0142694053	-0.0081806805	-0.07459109929999999	0.0500792692	-0.033686594	0.0533143421	0.030677561000000002	0.060726878399999996	0.0218750429	-0.0459300664	0.009250820699999999	0.0060095645	-0.032009934	0.0121318206	0.0019628558999999998	-0.1404584917	-0.0208003903	-0.0754251297	0.034047501699999996	0.0741028689	-0.0600097976	0.022137256600000002	-0.0035861778	-0.023848841699999998	0.1123116837	0.12523817980000002	-0.033768266	0.0051217353	0.1075058858	0.030069837999999998	0.013404368799999998	0.0304368555	-0.0018095328	0.11995921	0.0236202656	0.079062285	0.1068667647	0.0594303577	0.0100556064	-0.0058585025	0.1246834285	-0.018701745	-0.1125296376	-0.0180127084	0.014045805	0.0197455081	0.0035425643	0.0167633206	0.0316232923	-0.10448351859999999	0.06433550610000001	-0.005358759499999999	0.041481708799999996	0.0021754423	-0.1142160844	0.0111430508	0.0129857653	-0.0848002989	0.0585304038	-0.0060548571999999995	0.0655395033	-0.0024897535999999997	0.049307196799999994	0.0323224162	0.0196576437	-0.0484385134	0.0082594642	0.0804723088	0.0340928122	-0.0732907278	0.0355113514	0.079617075	0.0016991529	-0.0902300819	-0.0525267226	0.0354172806	0.0182025389	0.0559285558	-0.0071588639	0.027620222799999997	0.015565558	0.1297914683	-0.0167824322	0.0395975416	0.0972389372	-0.0574147435	-2.31946e-05	0.0736237403	-0.027230368900000003	0.0432408642	0.0625891048	0.0202212127	-0.049103212599999994	0.0155628837	0.0199316772	-0.0237999917	0.0224268016	-0.048679902000000004	-0.1492604191	-0.0188447983	-0.05748894490000001	-0.0331143677	-0.0736016043	0.0672201721	0.028530709700000007	0.011337395200000001	0.05373771769999999	-0.0569297613	-0.11852087619999999	-0.0403558324	-0.0929254033	-0.0192282173	-0.1043891676	-0.0055125154	0.0196424374	0.030331592799999998	-0.1338252012	-0.0237087183	-0.0323876527	0.1203313001	0.0443371886	0.0627983894	-0.0422433063	-0.10843684320000001	0.0309339224	0.0270843313	0.0055978053000000005	0.019351330700000002	0.0403376534	0.013132482	-0.0049983091999999995	0.1143060976	-0.1075495998	0.0426054555	-0.0017069249	-0.049843534	0.0169033056	0.0026154763	-0.0680324659	0.029163474900000007	-0.11965805130000001	0.0223849829	-0.0021589336	-0.044902077900000004	-0.0391715558	0.017266885	0.0089973976	-0.022448677099999998	-0.0599686889	-0.09861016980000001	0.0109442838	-0.0710767475	-0.009534598	0.024148202599999998	0.0298260367	-0.0088055082	0.1337205507	0.0137689561	0.051718394699999996	0.0112204351	0.042083400199999996	-0.014758748600000001	-0.0649473349	-0.015855516	-0.0492262463	-0.044933481399999996	-0.0005386723999999999	-0.0088283113	0.16936836440000005	-0.0134625829	0.012895473999999999	0.0068019978	0.0792094782	0.0475041838	-0.042732349100000004	-0.0916996582	-0.052107040199999996	0.03780851	0.0	-0.037751	-0.006257599999999995	0.0014251380009999998	3.915755775999994e-05	0.0753765	0.015339799999999999	0.00568161675225	0.00023530946403999998	-0.07864360000000001	0.0019489999999999926	3.79860099999997e-06	0.006184815820960001	0.00295532	0.00012563999999999978	8.7339163024e-06	1.5785409599999944e-08	-0.000364239	-6.128900000000003e-05	3.756341521000003e-09	1.3267004912100006e-07	-0.0008509810000000001	-0.00010916800000000009	1.1917652224000018e-08	7.241686623610002e-07	0.0	0.0	0.0	0.0	0.0	0.0	0.0	0.0	0.0	0.0	0.0	0.0
6645.686382465795	27.599128471555556	761.7118923894287	44165147.494091295	5530.237321115122	-3.2161590917339713	30583524.827854555	10.34367930334308	4755.84270033909	1.8335563509754136	22618039.790368605	3.361928892202275	4728.004998044489	8712.377820481992	1.0063879999999998	24.097097	0.08893020000000001	0.0400793	-0.0123299705	-0.0596333667	-0.1477072441	0.0270144273	-0.021969073399999997	-0.1422218698	-0.0400976894	-0.0168378228	-0.030841269900000006	-0.0366849272	0.054616102	-0.0834124262	0.0550423834	-0.0730562288	-0.055386291100000005	0.028853465	-0.0066591056000000004	0.1455245486	0.08012453929999999	-0.0538229716	0.002548551	0.0673916145	0.0639428834	-0.11349978390000001	-0.015326403600000003	-0.0375985404	0.0725394666	-0.0226688388	0.0643048208	-0.0802498913	-0.047386944699999996	-0.0711788304	0.0525022567	0.0947637834	-0.026748760099999998	0.0808593584	-0.0639544163	-0.0178574586	0.0027178263	-0.0133182212	0.0012808223	-0.0443402006	-0.0331982162	0.0368451989	0.047036234100000004	-0.0013712326	-0.0131177591	0.019896021200000003	-0.09029098599999999	0.0870732416	-0.010370473199999999	0.0203327252	0.057887024400000014	0.042347494400000005	-0.052527951100000005	0.0576351555	-0.031058607599999996	0.06594535309999999	-0.0442398247	0.0960355026	0.0688678632	-0.1023479706	-0.025959158399999998	-0.043452470199999996	0.0420726809	-0.06937475	0.21679160030000005	0.09577106490000001	0.09031557189999999	-0.0602552709	-0.0727148742	0.052018927199999995	-0.0935255112	-0.09817866859999999	-0.0208210341	0.0122305839	0.09259354199999999	0.1121938316	0.1637069409	-0.06203955200000001	0.05485284519999999	-0.0125082186	-0.0246255343	0.0324389125	0.0131486472	0.113110285	-0.0853409983	0.0030895115000000003	0.0063934145	-0.0966196228	0.0135202731	0.0134743494	0.1129610861	0.0026184081	0.0098754904	-0.0002014668	-0.0259534461	-0.07222564320000001	0.0438761917	-0.1347709623	0.0298553099	0.0648645767	-0.1638453286	0.0573914497	0.0679664807	0.06103881570000001	-0.114409472	-0.010611368799999998	-0.028617213	0.0717220826	-0.0212547633	0.030859112799999998	-0.109423359	-0.048964620199999996	-0.059478669299999995	-0.0510651874	-0.0937281623	0.0432281417	0.033024669300000004	0.0951555816	0.024864547799999998	-0.0089532915	0.0251824798	0.0020390427	0.0358122134	-0.0272444131	-0.0064719658999999995	0.0667642351	-0.006719597	0.0065895616	-0.012245098000000001	0.0847814489	0.0403868833	0.0900263318	0.024376071000000003	-0.0287285846	0.0458343246	0.0447184775	-0.0748956796	-0.0008678205999999999	0.0606361514	-0.0093703057	-0.0079688204	0.195409996	0.10470304779999999	-0.0390094889	-0.0423014034	0.0430917388	0.08702465	-0.19067616469999998	-0.06901136769999999	-0.0222399944	0.0439303221	0.030106708700000002	0.1055471622	0.0289836026	0.1511340145	0.026591399900000003	-0.049578001399999995	-0.0340126243	0.11124059019999999	-0.08191798980000001	-0.134242113	0.0384949127	-0.010958029499999999	0.0003388464	0.017002139399999998	-0.1179294292	0.1061756806	-0.0022475689	0.0124837633	-0.1229342858	-0.0267691321	-7.20825e-05	-0.110751944	-0.0231218758	-0.0066012793	-0.0061528138	-0.0231582687	0.0252122294	0.10578079119999999	-0.0849632487	0.16488352480000001	-0.043890646	0.042322009800000004	0.035095660699999996	0.054079237800000006	0.04645779059999999	-0.044872952699999996	-0.09184488380000001	-0.048024261799999995	0.043270374699999996	0.0	-0.0188201	0.018930900000000004	0.00035419616400999995	0.00035837897481000004	0.061241599999999986	-0.014134900000000006	0.0037505335705599993	0.00019979539801000013	-0.0964714	-0.01782779999999999	0.00031783045283999967	0.009306731017959998	0.00334648	0.0003911600000000002	1.11989283904e-05	1.5300614560000017e-07	-0.00016918	0.00019505900000000006	3.804801348100001e-08	2.86218724e-08	-0.0006764680000000001	0.00017451300000000006	3.045478716900002e-08	4.576089550240001e-07	0.0	0.0	0.0	0.0	0.0	0.0	0.0	0.0	0.0	0.0	0.0	0.0
6659.115640279528	13.429257813732875	180.34496542770543	44343821.11061543	5521.450120342456	-8.787200772665527	30486411.43142972	77.21489741913365	4765.6843849901015	9.841684651011748	22711747.65733848	96.8587567699602	4738.309146212733	8943.97674339686	1.075658	25.75569	0.06446698000000001	0.0368089	-0.0763591913	-0.0824433737	-0.08732839449999999	-0.0056921992	-0.0337555657	-0.050580576399999994	-0.052752893700000004	0.0219870598	-0.039365412200000005	0.0335061296	0.1600017766	-0.0501201365	0.006117556800000001	-0.0459109147	-0.0116358733	0.0350502097	-0.0347311954	0.0430369284	0.0041407643	-0.1283618276	0.0278120325	-0.011417761299999999	0.09304789150000001	-0.05872486110000001	-0.0379186844	-0.0184184041	0.11897048019999999	-0.0535180436	0.0693856722	-0.014802316599999999	-0.0416877946	-0.0043387644	0.050968424299999995	0.0604257955	-0.0640393081	-0.025168161	-0.0355694739	-0.0649842262	0.130906084	0.0800418752	-0.075607535	0.0555591133	-0.0124208317	0.0692501371	0.0134650349	0.046055565599999994	0.0529603038	-0.08657724630000001	-0.0799633276	0.0258465937	0.029842100400000002	0.0495310554	0.0286192	-0.1426248782	0.0026358590999999995	-0.0567746682	0.015271192900000001	-0.014491916200000001	-0.0731045701	0.0325985107	-0.0151755752	-0.014346011499999999	0.0817965391	0.023388504700000003	0.0822014064	-0.09580237970000001	-0.06677009219999999	-0.0821728454	0.1281879867	-0.009680294300000001	0.0387624716	0.09289898640000001	0.018611554	0.09796737960000004	-0.0011496097	-0.013210898200000001	0.040020055299999996	0.0315185782	0.0137644872	-0.0159332518	0.0646431683	-0.0026520381	-0.012286333	0.1481110775	-0.1266593044	0.1359359325	0.0079273544	0.1193216699	0.06901058360000001	-0.08986300720000001	-0.09094015949999999	-0.043592276500000006	0.0690454147	-0.11622484300000001	0.0028639242	-0.0791313888	-0.1112091832	-0.039244417000000004	-0.057605505	0.136193901	0.058914990300000004	-0.1192098173	-0.000390111	0.0041844794	-0.012281241200000001	0.0909867372	-0.061459857699999995	-0.0373228085	-0.012943716499999999	0.1210570917	-0.0297031827	0.0641033153	-0.028102609599999998	-0.0407799341	-0.0140644127	-0.0535426859	-0.0616344425	0.0569161931	-0.0316401485	0.0330225899	0.0956763981	-0.1104312767	-0.0856167518	0.012007412299999999	-0.1050706669	0.0172254627	0.0275108021	0.044550142599999995	0.0755030736	-0.00828816	0.043080402000000004	0.0788395039	-0.0040376939	0.008069973000000001	0.011642088100000001	0.0739851769	0.109404314	-0.0404768708	0.046076208	-0.0180846773	0.0130773654	0.11322812289999999	-0.0115534655	0.0283141402	-0.0034863911999999998	0.034726809	0.023754609500000003	0.10296951189999999	-0.018674636	0.0926298789	-0.0860566179	-0.0248990209	0.054402672400000004	-0.08740009509999999	0.0941581861	-0.0587784113	-0.0916743901	-0.018962830400000002	-0.0846662725	-0.06907285190000001	0.0277941967	-0.028769506400000002	-0.060538315	0.007399869200000002	0.116617112	0.1011302916	0.0052329164	-0.2232654684	-0.045352213899999994	-0.029565366200000002	-0.1501498203	-0.084915369	-0.0572667315	-0.0624506876	-0.07969545	-0.0938371044	0.08532996949999999	0.0004899515	0.034909308	-0.09762817359999999	0.0417841725	0.0529555505	-0.1604465059	-0.0792324682	0.09467504789999999	-0.009643943299999999	-0.0433901229	0.045403234199999996	-0.0469820191	-0.09184488380000001	-0.0438064995	0.048542230199999994	0.0	-0.00589917	0.01292093	3.48002066889e-05	0.00016695043206490002	0.0920804	0.030838799999999996	0.008478800064159998	0.00095103158544	-0.100072	-0.0036006000000000093	1.2964320360000067e-05	0.010014405184000002	0.00327313	-7.335000000000024e-05	1.07133799969e-05	5.3802225000000346e-09	-0.000135332	3.3848000000000005e-05	1.1456871040000005e-09	1.8314750224000002e-08	-0.000441533	0.00023493500000000005	5.519445422500001e-08	1.9495139008900002e-07	0.0	0.0	0.0	0.0	0.0	0.0	0.0	0.0	0.0	0.0	0.0	0.0
6655.027244114664	-4.0883961648632985	16.714983200868918	44289387.61990842	5541.581095809858	20.130975467402095	30709121.04143719	405.256173269145	4770.956028397127	5.2716434070252935	22762021.424898885	27.790224210833248	4742.736378527086	8943.497156457175	1.049882	25.138515	0.06614963499999997	0.0372352	-0.0736466063	-0.080491794	-0.0457273297	0.0716297099	0.0871862603	0.04963211519999999	-0.0640797711	0.1472225985	0.0137444016	0.042993569100000004	0.0789246122	-0.0070703684999999985	0.0698646604	-0.0005669428	0.0698946523	0.0516392039	-0.017715610700000002	-0.0493270485	0.0855761643	0.0030491138	0.037006628300000004	-0.0599617678	0.109067604	-0.0713491492	-0.0425244626	0.0633042916	-0.0051379325	-0.0082422594	0.0029844716999999996	0.0662871426	-0.0871007493	-0.05705813360000001	0.0304973757	0.024521399500000002	-0.039066024500000004	0.07807064650000001	-0.0952144518	0.0107038954	0.0552479084	-0.0329674586	0.0342678502	-0.0743785111	-0.0025463929	-0.0189998324	-0.048494358200000004	-0.0418248459	0.093935795	0.052307836100000005	-0.09325554400000001	0.0140759164	-0.0848170656	-0.0045178576	0.0700118025	-0.008163751700000001	0.1483599174	-0.13103070279999998	0.1027878955	-0.0656398035	-0.0496713204	0.021730132599999997	-0.028876669	0.0979088593	-0.0421865134	-0.0340259396	-0.028732814900000007	0.0626675464	0.0511460599	0.0842331396	0.0393373106	-0.0335472473	0.0695012467	-0.034390574	-0.0358185114	-0.0627928287	0.020142518999999998	0.0927167549	-0.0022810861	-0.0234302431	-0.1011346943	0.0369038556	0.0108038341	0.0699252883	0.0489870441	0.024030910200000002	-0.0117382246	-0.0078879702	-0.0175064555	-0.0855570911	0.0662522168	0.0269322367	-0.1364544721	-0.0543428577	-0.0462160731	0.0355685226	-0.0045930565000000005	-0.16093588039999998	0.0003341314	0.0419332586	0.00114638	-0.0336623574	-0.0206326849	-0.1257959136	0.0086567784	0.0896878071	-0.0590375102	0.10890387900000001	-0.0750180949	-0.038179734900000005	0.063964694	-0.0070313099	0.0058849333999999994	0.0094549009	0.0651016275	-0.0907698908	-0.0634291126	-0.033524982099999996	-0.0223445274	0.0285191042	0.016690796100000002	0.09962269189999999	0.0051145338	-0.07539474	0.05718840450000001	-0.024013486400000002	0.0599492191	0.0411698892	-0.016577189	-0.0651964273	0.023471654300000002	0.1161890027	-0.0599343418	0.06529977299999999	0.0806800895	0.0205789375	-0.0564783671	-0.059235465099999995	0.0450356934	-0.054043825999999996	0.1046716781	-0.1561320039	-0.058616267	0.0881553608	0.055166626399999995	-0.0459352947	-0.0762107125	-0.0035378584	-0.0399233143	-0.1194070891	0.042695563	-0.0771993121	-0.0429088787	0.0479773932	0.007879618599999999	-0.0684070469	-0.0057560841	0.011879690900000002	0.0485020975	-0.049492193600000005	0.003768773	-0.0651147655	0.037317862599999994	0.048123917	0.0784134989	-0.0625040734	0.0304766992	-0.005640748399999999	-0.0053836171	-0.0033293613	0.0346171518	0.047324879900000005	0.040192642599999995	-0.0058162794999999995	0.106034924	-0.0913549758	0.017345370500000002	-0.0533253467	0.0997835161	0.0008388533	0.1200211053	0.06192576480000001	-0.0100157623	-0.0035536688	-0.0775969854	0.1354864757	0.0664693141	0.0759728573	0.0407398671	0.0443407	-0.049058066100000006	-0.0916996582	-0.0394656084	0.05360092650000002	0.0	-0.00387743	0.00202174	1.50344634049e-05	4.087432627599998e-06	0.0597152	-0.0323652	0.003565905111039999	0.0010475061710399998	-0.0943979	0.005674100000000015	3.219541081000017e-05	0.008910963524409999	0.0029149	-0.0003582299999999997	8.496642009999999e-06	1.2832873289999981e-07	-2.25141e-05	0.00011281790000000001	1.272787856041e-08	5.068846988099998e-10	-0.000390809	5.0724000000000045e-05	2.572924176000004e-09	1.52731674481e-07	0.0	0.0	0.0	0.0	0.0	0.0	0.0	0.0	0.0	0.0	0.0	0.0
6651.6965628985645	-3.3306812160999466	11.093437363281023	44245067.16487657	5543.125124729746	1.5440289198877508	30726236.14841016	2.3840253054497342	4763.326907139427	-7.629121257699808	22689283.22427846	58.20349116468709	4735.690834578111	8949.230108804504	1.014689	24.295855	0.05938446499999999	0.033025900000000004	-0.0727682763	-0.054164594	-0.07630995019999999	0.0560161291	0.1295587274	0.0247303697	0.0006189236	0.0562118029	0.0963559334	-0.0020763441	-0.0531736783	-0.12237310439999999	0.1005265305	-0.0309601236	-0.042606226500000004	0.0416228645	0.009867645999999999	-0.026408628700000002	-0.0013646054	0.0005321411	-0.053171043700000004	-0.016270985	0.0588359268	-0.0627487173	-0.0236100783	0.0043261751	-0.0400251315	0.051468525999999994	0.015093656	0.0097304138	-0.09697318140000001	-0.0614555589	0.0807683887	0.0781723579	-0.043615456500000004	0.1146095895	-0.013701735500000001	0.0756882772	-0.0358785488	-0.0482456856	0.027971064599999998	0.0558409846	0.0741961611	-0.1193452749	0.0447480651	-0.0626076619	-0.0845424573	0.0670233735	0.036079272200000005	0.1456424224	-0.1241424485	0.033522513999999996	0.1115782957	-0.038968937	-0.0070814769	0.0300999455	0.0950264356	0.022049367599999998	0.0175068372	-0.0306244279	-0.0388947523	0.0524323606	-0.027474514900000004	0.1140081792	-0.07663452030000001	-0.08436949390000001	-0.0036185673999999998	0.0844464605	0.08392740720000001	-0.058408303200000004	-0.0184402104	-0.0644878537	-0.10767345619999999	-0.0770498948	-0.036859610200000004	-0.0019299185	0.0502101733	0.00039001589999999994	-0.0185295937	0.0282255473	-0.1283667134	-0.0598057193	-0.0855514071	-0.012102191299999999	-0.0029579296000000004	-0.0718377447	0.05665124940000001	0.1108527292	0.0128083903	0.0862324413	0.053740276600000005	-0.0007224469	0.0750586843	-0.0057282708	-0.0319684655	-0.056232773	0.0076557693	-0.0315709794	0.0670185655	-0.0622414126	0.09854632220000001	-0.057779389	0.055178799199999996	-0.0255585144	-0.0163466973	0.0556973229	-0.064017659	-0.030904447	0.0047856934	-0.0756669563	-0.0196850919	-0.0057172727000000005	-0.0134602733	-0.1038555568	-0.0728413	-0.0828679373	-0.0924783525	0.050087312800000006	0.0707694272	0.0682006378	-0.0921827268	0.0228288422	0.057661333899999986	0.0129366774	-0.0209613481	-0.09589368359999999	-0.0498759634	-0.0721076269	-0.1386776332	0.013566488799999998	-0.051549684400000004	-0.0439059938	0.158834675	0.0742120211	-0.0405754635	-0.0123568809	0.1477852105	0.0400329987	-0.0760584693	-0.034918828799999996	0.036708408	0.0010287446	0.0074827775	-0.07987646849999999	-0.0061226874	-0.0828173581	0.08684029900000001	-0.029725	0.1211084987	0.0517499741	-0.0807882152	0.0040354565	0.061122599000000014	-0.0227506147	0.0296432487	0.050743638099999995	0.1164583626	0.0214101015	-0.0182992663	0.0368044468	0.037491010400000004	0.0034850809	0.1026734225	0.123042397	-0.029990476600000007	-0.0647968429	-0.0183544099	0.0182513944	-0.037918702799999995	-0.0622971206	-0.07967721309999999	0.060159829299999995	-0.033039578	0.0730372129	-0.065504395	0.08184256990000001	0.0067412038	0.0225938821	0.0553408913	0.0061573577	0.06204683	0.0381278827	0.0314302106	0.09067577560000001	0.050642539	-0.0698021261	-0.0640620578	0.043270374699999996	-0.0510996347	-0.0914094366	-0.0350137895	0.0584242501	0.0	-0.00588695	-0.0020095200000000003	3.46561803025e-05	4.038170630400001e-06	0.0391044	-0.02061079999999999	0.0015291540993600005	0.0004248050766399997	-0.11163	-0.0172321	0.00029694527041	0.0124612569	0.00323229	0.00031738999999999986	1.04476986441e-05	1.0073641209999991e-07	-9.5765e-05	-7.32509e-05	5.36569435081e-09	9.170935225e-09	-0.000390809	0.0	0.0	1.52731674481e-07	0.0	0.0	0.0	0.0	0.0	0.0	0.0	0.0	0.0	0.0	0.0	0.0
6656.916786709826	5.220223811261349	27.250736639659962	44314541.10517907	5522.3427407683375	-20.782383961408414	30496269.346516754	431.9074831194056	4758.763847011491	-4.5630601279362955	22645833.3516236	20.821517731162007	4731.128500749876	8922.899146811491	0.9513760000000002	22.779871	0.036076420000000005	0.0249537	-0.0729247954	-0.0754381158	-0.11399809300000001	0.027429782000000003	0.0597378823	-0.0328067145	0.0008983003	-0.0324375258	-0.027492449900000004	0.0169850498	-0.0006760714999999999	-0.1012861922	0.0931947735	-0.0347624933	-0.0253351133	-0.060937840199999996	-0.0992933712	-0.059204852999999995	-0.0472194275	-0.0061453831	-0.105297645	0.036884369300000004	0.0700027778	-0.0635854773	-0.0519603113	-0.0283167786	-0.044450656399999997	0.0956772948	0.10317127050000001	-0.0080438113	-0.0124655548	-0.062031606600000004	0.06493947900000001	-0.0460300899	-0.020810008799999998	0.0366123443	-0.0576998918	-0.046945681600000004	-0.1071636986	-0.0829655338	-0.0138498897	0.1400207227	-0.0015339541	0.2031010368	-0.0028424161	-0.1139535591	-0.12248894269999999	0.0364076339	0.0088717222	0.0062505838	-0.059780822000000004	0.0056443086	0.0587188991	-0.0240678934	0.0400458111	0.1995047192	0.0661206905	0.0114512318	0.0838027038	-0.135031479	0.0423888907	-0.0579207257	-0.0501525525	-0.0348427625	0.0212201214	-0.011548565	-0.0347959299	-0.0396320988	-0.0087788417	-0.058739986699999996	-0.0298840386	0.0043343597	-0.042958995199999996	0.033145544	0.0488674142	0.0681744299	-0.020328930800000002	-0.0152420433	-0.0028971813	0.0312847398	0.018021193	0.0662307087	0.0788255742	-0.080232058	-0.0873522895	-0.0057775173	-0.015870873400000002	-0.0063821902	0.0095221927	-0.13888729119999998	-0.0792500366	-0.0206809058	-0.04472638650000002	0.1009643191	0.0763112719	0.0163911379	0.2071851473	-0.026916205699999998	-0.10257197359999999	0.029628181099999998	-0.0210569602	-0.0852564932	0.030825072400000007	-0.1130955797	0.0372278112	0.0665619506	-0.0660138161	-0.064789982	-0.034837516400000004	-0.09110355369999999	-0.0433529567	0.0826518997	-0.0568217771	-0.0231804395	-0.0437249079	-0.0707975503	0.0401548433	0.028525258799999998	-0.0053162085999999996	0.049484021100000004	0.0485851445	0.084339044	0.11046898390000001	0.0168920022	-0.0793810921	0.121335684	-0.0160196732	0.1790315759	-0.1887787132	-0.0178647099	-0.014454694399999999	-0.0050078838	0.0032996816	-0.006500179599999999	0.007002716	0.0102789294	0.0714526258	-0.015228521200000001	-0.1617380863	-0.0417978468	0.0062864977	-0.2139714875	0.0505788823	-0.0620963124	0.023408811800000002	-0.0219422638	-0.0273129386	0.0163587658	-0.0018598051999999998	0.015316469099999999	0.0036082571	0.022705138	0.0543789331	0.015245073100000001	-0.0177782696	0.023144362999999998	-0.0393399604	-0.0408288165	-0.0098524102	-0.048247852300000005	-0.0384386269	0.034605464	-0.0271967277	-0.029947181200000002	0.010381387800000001	-0.0501237492	-0.0355398262	-0.0024515857	0.0618143554	0.037910736800000004	-0.0430880869	0.025894607200000003	0.022244666899999998	-0.0761961013	0.0681115144	-0.0732550069	-0.013938435	-0.0890155569	-0.07220452150000001	0.2660416493	-0.0163269851	-0.0182443474	-0.0790897422	-0.023957317599999996	-0.054668109400000005	0.026169418599999997	-0.0797348074	0.0421924464	-0.053105289900000005	-0.09097467779999999	-0.030463555899999998	0.0629910206	0.0	-0.00588742	-4.69999999999811e-07	3.46617142564e-05	2.2089999999982218e-13	0.06323250000000001	0.02412810000000001	0.003998349056250001	0.0005821652096100003	-0.116429	-0.004798999999999998	2.3030400999999975e-05	0.013555712040999998	0.00331232	8.003000000000002e-05	1.09714637824e-05	6.404800900000005e-09	-0.000105155	-9.390000000000003e-06	8.817210000000005e-11	1.1057574025e-08	-0.000337252	5.355700000000003e-05	2.868352249000003e-09	1.1373891150399995e-07	0.0	0.0	0.0	0.0	0.0	0.0	0.0	0.0	0.0	0.0	0.0	0.0
6660.446534713629	3.5297480038034337	12.459120970354324	44361548.0417788	5524.444146412176	2.101405643838916	30519483.12682776	4.415905679958049	4759.444618425026	0.6807714135356946	22652313.075854946	0.4634497174873877	4731.533251596794	8965.09258341823	0.982952	23.53594	0.042036690000000015	0.0203787	-0.0772807034	-0.11431101070000001	-0.11368774150000001	0.0631386575	-0.0358720248	-0.04802931269999999	0.0247112678	0.0054849159	-0.0891455004	0.06456626389999999	0.0920320268	-0.1451141934	0.054860993399999995	-0.033691544	-0.0174224408	0.0159957376	-0.0185890475	0.032268103900000004	-0.0002988237	0.0690077777	-0.0027445169	0.0420421053	0.1091876491	-0.06419544860000001	-0.0423057032	0.014158619499999999	0.0496866169	0.0230222039	0.18087794210000002	-0.06686137860000001	-0.08405904609999999	-0.0319298768	0.1050938032	0.0242393713	-0.0827504246	0.027433985	0.018254613200000002	-0.07485022969999999	-0.0655987859	-0.0023506441	-0.0086162069	0.0700740763	-0.0207405663	0.0842815587	0.0315315557	-0.008522820799999999	0.11025443289999999	0.035993771	-0.10974434779999999	-0.030552807999999997	-0.006493271	0.0850864544	-0.0363098678	0.0763258322	0.07300622150000001	0.007870536	-0.0719093381	-0.0243653563	0.07239719139999999	0.1108005491	-0.0198476672	0.0022039732	-0.0077904012	-0.005751056700000001	-0.0890324906	0.06387546969999999	-0.1671844515	-0.0890488199	-0.011755151699999999	0.0804632221	-0.064391215	-0.0015379954	0.0019009575	0.039714331400000004	0.0659296249	-0.0868933668	-0.0522527504	0.0614202583	-0.0128534622	-0.0606305924	0.1314866134	-0.0857900294	0.0387992976	0.0453972273	0.0278871456	-0.0444884487	0.0376555564	0.006736456700000001	0.037816296	0.14010542199999998	0.055406216200000004	0.0591080598	-0.0128005124	-0.026842231600000002	-0.034956899900000005	-0.0541122488	0.000899231	-0.06684546450000001	-0.020347951	0.062365615599999986	0.0080710548	-0.1434272007	-0.013086190400000001	-0.1143404501	0.0420691197	0.10552057529999999	-0.06534798650000001	-0.0540125812	0.0187689921	0.0242315427	-0.0365984825	0.1590690307	-0.12783875320000002	-0.09709457960000001	-0.023525768199999998	-0.1065066143	-0.0215950569	0.0721894658	0.0382697566	-0.005719410500000001	0.062307482000000004	0.0708857586	0.0557666914	0.0010199035000000001	-0.0782790986	0.046712275	0.0266259465	0.0723864712	0.0754271913	0.1183245455	-0.0258699543	0.1123322108	-0.06075152230000001	0.0482457966	-0.0527857019	0.0230705445	-0.0884491624	-0.0082143838	0.0040310949	0.0113488772	-0.0309992885	0.047511938200000006	-0.0751488793	-0.0353499807	-0.0472441129	-0.042339179299999995	-0.09047417390000001	-0.0499591893	-0.0832251242	0.15422472380000002	0.055618994299999995	-0.0485756004	0.0073150169	0.0653400184	0.0327910509	0.0436410687	-0.0692410887	-0.027032465099999996	0.0665900643	0.1025726906	0.0210122619	0.0033375341999999997	-0.10529554880000001	-0.0698247384	-0.060447990300000004	0.1390615324	0.0176153453	0.043534826299999996	-0.0620847585	0.011155389299999999	-0.0360845306	0.0278521469	0.0054385983	0.0472705941	0.0424805378	0.0960040467	-0.0312463483	0.0572012812	0.049549935999999996	-0.0201653473	0.1046209047	0.0507126849	-0.10073594539999996	-0.016368336	0.06477593129999999	0.028145568399999998	-0.11732473480000001	0.0411071044	-0.05507362230000002	-0.0903960694	-0.0258276969	0.06728118429999999	0.0	0.00592312	0.01181054	3.50833505344e-05	0.0001394888550916	0.06731439999999997	0.004081899999999972	0.004531228447359998	1.6661907609999772e-05	-0.103568	0.012860999999999984	0.00016540532099999956	0.010726330624000002	0.00329464	-1.7679999999999953e-05	1.08546527296e-05	3.125823999999983e-10	-0.000215233	-0.000110078	1.2117166084000001e-08	4.6325244288999996e-08	-0.000199345	0.00013790699999999994	1.901834064899999e-08	3.9738429025e-08	0.0	0.0	0.0	0.0	0.0	0.0	0.0	0.0	0.0	0.0	0.0	0.0
6663.809861514365	3.3633268007361035	11.311967168549756	44406361.870416105	5517.668407851118	-6.775738561058461	30444664.65899829	45.91063304781458	4766.829513219616	7.3848947945898535	22722663.608101565	54.53667112716033	4738.863505375435	9052.800934679057	1.131922	27.10289	0.06206293	0.0326948	-0.0890641178	-0.0879265943	-0.041799096200000004	0.08897669230000001	-0.0278502958	-0.013979278000000001	0.0833842716	0.10421804650000001	0.013384363	0.0516156216	0.13021866740000002	-0.09669609300000001	0.0337441794	-0.1301029028	-0.0375236767	0.1042874754	0.0661076911	0.0474400367	0.0028056385	0.014545656799999999	-0.0668781051	-0.015137061399999999	0.07091357150000001	0.0029018452	0.0030125489	0.08410343029999999	0.0429958754	0.0018412553	-1.68405e-05	-0.1224294982	-0.0043035135999999995	-0.0714382562	0.0563455324	0.1383091454	0.046590252	-0.0395797893	0.1080260338	-0.05667157990000001	0.0379517122	0.050514505599999995	-0.0349484428	0.0065882948	-0.0158224639	0.0224292304	0.0405129724	-0.0064714496	0.1590497276	-0.0019455501000000001	0.11951487390000001	0.0767710848	0.0244867198	0.0203979213	0.033860266	0.0499089012	0.044717067699999995	-0.0853126734	-0.0381373251	0.0049516484000000005	0.0944636326	0.0676915122	0.06213582700000001	0.0025335888	-0.061362983899999994	-0.0001585857	-0.052824992	-0.0052804275	0.0518601294	0.1286082073	0.1257294673	-0.0024142902	0.049615335999999996	-0.0065413054	-0.0387224491	0.1349059291	-0.0555578785	-0.0045386422	-0.0211596609	0.1242319924	0.0270790385	0.0173185433	0.0197197274	0.0228225125	-0.11432651490000001	0.2249023984	0.037947454500000005	0.0011469277	0.2161327007	-0.0187780627	-0.07668168389999999	0.0100341768	-0.08312303	-0.0870524713	0.0875151412	0.044508663600000005	-0.0670332245	0.0859514715	0.0006599317999999999	-0.044046761600000005	0.1144284627	-0.0277541348	-0.07512397280000001	0.0402218602	-0.0178997384	-0.0502344688	-0.0161241562	0.0694093103	0.0018617445000000002	0.0083513266	0.0966411556	0.03058005	-0.019120140900000002	-0.018927500700000002	-0.1146187282	-0.007141223299999998	-0.0525969672	-0.0389098047	-0.1471485532	-0.0600241426	0.0432716964	-0.1131608011	0.0516366895	-0.0042881588	-0.0432539273	0.0192099577	-0.0622834483	-0.0193855873	0.0258533292	0.0141736376	0.11162625949999999	0.1154764981	0.0399835943	-0.1134121465	0.029433982200000007	0.1321801289	-0.0116622986	-0.0023744034	-0.011222955900000001	-0.0372973575	0.0834975031	0.0124056149	0.0120677122	-0.0176235664	-0.070782862	0.0308751747	0.0030745614	-0.0853965543	-0.0577930537	-0.1261944875	0.034064923	-0.0538428207	-0.09622792150000001	-0.038910864100000005	-0.0090439727	-0.10080061109999999	0.0282784426	0.0164791046	-0.0906970631	0.16461839050000002	-0.0122828011	0.0212778944	0.0785318087	0.010908299	-0.0519671984	0.0080716951	0.0685790622	-0.0139724225	0.17087187480000002	0.0067727815	-0.2631119146	-0.03317881	0.036207276000000004	0.0411192855	-0.08271611179999999	-0.153249752	-0.0724607743	0.0301694277	0.02022832	0.045945928899999995	0.0127313904	0.00973923	0.10215810980000001	0.05174668599999999	0.1255623202	0.0487833529	-0.1058359	0.0732553363	0.0257597306	0.0400145395	-0.0570032484	-0.0896745262	-0.021119243	0.0712759023	0.0	-0.00589571	-0.01181883	3.4759396404100005e-05	0.00013968474256889998	0.0426894	-0.02462499999999998	0.00182238487236	0.0006063906249999991	-0.103557	1.1000000000011e-05	1.21000000000242e-10	0.010724052249	0.00298383	-0.00031081000000000034	8.9032414689e-06	9.66028561000002e-08	-0.000205345	9.887999999999997e-06	9.777254399999995e-11	4.2166569025e-08	-0.000390809	-0.00019146400000000002	3.6658463296e-08	1.52731674481e-07	0.0	0.0	0.0	0.0	0.0	0.0	0.0	0.0	0.0	0.0	0.0	0.0
6669.990720856731	6.180859342365693	38.203022210109275	44488776.2163149	5529.224776112937	11.556368261819445	30572326.62478116	133.54964740278774	4764.865567636607	-1.9639455830092634	22703943.877648924	3.8570822530215936	4737.37783167851	9172.730212151018	1.094708	26.211826	0.06507078000000001	0.0437168	-0.11205390259999999	-0.0501129771	-0.0445077794	-0.040942551800000004	0.035128904700000005	0.045561934400000004	-0.0424169366	0.0017924276999999999	0.0384340978	-0.0394190732	0.0756198161	-0.057970742900000004	0.0244124761	-0.09269400970000001	0.021689874700000004	0.0213518261	0.12194205400000001	0.027436420899999998	-0.0376759613	0.0397710847	-0.0136917861	-0.0143132154	0.0665792771	0.0056789893	-0.0325322333	-0.08567662949999999	0.061017222999999995	0.0026453964	0.0025887123	-0.0087374628	0.0001929532	0.0192168099	0.0685295128	-0.0293877822	0.039596292799999995	-0.005951610699999999	-0.024484014	-0.0818886554	-0.0901397174	-0.1133925525	-0.0781933153	-0.10360859380000001	-0.0873335349	0.0752714483	-0.0021463565	-0.006140820999999999	0.1037494091	0.0450008319	0.0479553328	0.1038585481	0.031403195099999996	0.0435893066	-0.0924298273	-0.0613150485	-0.071610763	-0.013714210400000001	0.0367281942	0.046913868	-0.017036546	-0.0413989621	0.0185384804	0.0455835462	0.0155483245	-0.0878714875	-0.0051325751	0.0248684086	0.0664753724	0.022924523399999997	-0.006184999599999999	0.020661321	-0.0823401713	-0.055842458399999996	0.1564105857	-0.10919802810000001	-0.0954052209	-0.0313386857	-0.0087733621	0.057855722699999994	-0.0136608921	-0.0381526295	-0.015145377	0.061229437699999986	-0.1102154281	-0.17630241149999998	-0.07523835200000001	-0.11398266050000001	0.0440629482	-0.009240858499999999	0.0287271679	-0.0516430626	-0.0400388292	-0.0465969129	-0.0073193014	0.0635073155	0.041235619300000005	0.09099206650000001	0.0739277658	-0.0272072096	0.0795801625	0.0133727394	-0.0321695226	0.0041921454	0.0697868264	0.0047554951	-0.014526351100000001	0.0647829559	0.0046032987	-0.0354673088	-0.07964939530000001	0.0435285893	-0.039689805099999996	-0.0070088458999999995	-0.0216895196	0.0023910512	0.0035211763	-0.0633783334	0.019197169	-0.05560839099999999	-0.0182067685	-0.0026089087	0.0578623643	0.0525631349	0.088714156	0.1343669849	0.1128359792	0.0309284152	0.0683219184	0.072320478	0.0789894105	0.0973482408	-0.0027277121000000002	-0.0684506293	0.052228377400000005	0.011936615	0.0860011806	0.12068877019999999	0.009323438199999999	0.0771619853	0.032248691	0.0250190022	0.0594821098	-0.0027990955	0.0683261834	0.022151635	-0.042336029299999994	0.0307017745	-0.0380505687	0.009239823199999999	0.02599439	-0.1035432438	0.0098460804	-0.029926805	0.0163184254	0.1154096553	-0.11496386439999999	-0.12667786039999998	0.055089426500000004	0.08465536539999999	0.015852903999999998	0.0141332523	0.000859857	0.08888175470000001	0.0039492375	-0.049531773	-0.08907848970000001	-0.1792746276	0.0053825117	0.0162921706	0.0148728949	0.014934416899999999	-0.1023358068	0.033417322400000005	0.0195653098	0.0012391046	0.0820992925	-0.009923934	0.06483179139999999	-0.054088478899999994	-0.062307944800000015	0.0329074417	0.041997363499999996	0.07058056509999999	0.0417730147	0.0467821603	-0.08572852019999999	-0.0386633118	0.0613237036	0.0389149436	-0.058892812	-0.0888111892	-0.0163514282	0.074957633	0.0	-0.00589614	-4.3000000000004845e-07	3.4764466899600004e-05	1.8490000000004165e-13	0.0538686	0.0111792	0.00290182606596	0.00012497451264	-0.145054	-0.041496999999999985	0.0017220010089999994	0.021040662916	0.00301356	2.9730000000000378e-05	9.0815438736e-06	8.838729000000227e-10	-0.00030295	-9.7605e-05	9.526736025000002e-09	9.17787025e-08	-0.000270261	0.000120548	1.4531820303999999e-08	7.304100812100001e-08	0.0	0.0	0.0	0.0	0.0	0.0	0.0	0.0	0.0	0.0	0.0	0.0
6662.867411522183	-7.123309334548138	50.741535875660645	44393802.14352431	5504.7615253266285	-24.46325078630889	30302399.45071635	598.4506390338424	4767.544289424235	2.678721787628092	22729478.551621635	7.175550415513442	4739.770014385797	9127.967101689157	1.124162	26.917072	0.07490271000000001	0.0424907	-0.1025281611	-0.06972192519999999	-0.0034854609000000004	0.0089326953	-0.0778783829	0.0180807752	-0.0080470349	-0.007112141800000002	-0.1126732708	-0.0338989638	0.0964558386	-0.0324573443	0.0498869803	-0.0466542441	0.012138413	-0.041266385600000004	-0.0731239133	-0.00034931919999999997	0.00490381	-0.0231189846	0.1088849094	-0.0227238871	0.08711452089999999	-0.0260665644	-0.0267890538	0.026409807799999997	0.0385641552	-0.07631421570000001	0.1121776695	-0.061090575700000004	-0.0672442392	0.0572565515	0.1797085822	0.012244743700000001	0.023432701	-0.015075417800000001	-0.033019773599999996	0.0764386628	0.0324054916	0.017826349	0.011214207	0.0439636046	-0.0323894702	-0.14183038039999998	-0.024599324500000002	-0.1087246055	-0.0444679992	-0.0504041553	0.0405770652	-0.0241977139	0.041398803399999996	0.053143088899999996	-0.0394662029	0.0539659825	0.013708885	-0.0024605472	-0.03375516	-0.0094417957	-0.10346321380000001	0.036057847999999997	0.1146689579	-0.1852676067000001	0.0064470458	-0.1228361909	-0.110621458	0.0051641114	-0.087493612	-0.0467202304	-0.08216133190000001	-0.0743421776	0.1035498576	0.0108747916	0.0932946706	-0.068564613	-0.016146441100000002	-0.0782527914	-0.0507145851	-0.0605115571	0.0113750595	-0.0282340302	0.12056826009999999	0.059690767400000004	-0.0131348698	-0.0424020191	0.0788921763	0.1359887554	0.052922122599999996	-0.0173541079	-0.041724185	0.0690186616	-0.0955695017	-0.1068637693	-0.0108309878	-0.060673782999999995	-0.0387010818	0.0324995606	0.0460626938	-0.045590276500000006	0.0218992746	0.0882313592	0.0095237585	0.2241974788	0.0217357179	-0.075086939	-0.0232982211	0.0836153807	-0.0276644481	-0.0187366096	0.0365745584	0.0742589706	0.0400452112	0.09188888619999999	-0.0792974427	-0.07005586559999999	0.0532271074	-0.1789317395	-0.0265513221	-0.044930005700000004	-0.033119898599999996	0.0327318069	-0.08233353809999999	-0.0295300602	-0.030455239	-0.026824213700000002	-0.0172686614	-0.0545964711	0.0751081479	-0.11563785369999999	-0.1073002232	0.0118729367	0.05776205	-0.0269133802	-0.069900266	-0.006825035300000001	-0.0287373689	0.042173431	-0.0502773462	0.011983244799999999	0.0427404975	-0.0087930721	-0.032473849900000004	0.04832257400000002	0.0355162676	0.061073086	0.0990364301	-0.13712943789999998	-0.1681292706	0.1071732429	-0.0315862361	0.0051220495	0.1220493681	0.1486194069	0.0007612989999999999	-0.013032499199999999	-0.053116647999999995	-0.08948398769999999	-0.0249943976	0.0285882668	0.07359137639999999	0.054431342199999996	-0.1560185441	-0.0172452453	-0.0615939909	-0.0984089996	0.0224233824	0.019413613899999998	0.0371238203	-0.05493955650000002	0.014919581699999997	-0.1690869963	0.0656232677	0.0205200882	0.0359827215	-0.023452344700000002	0.0096499739	-0.0053950584	0.0815608191	0.0806766622	0.0114167488	0.0254007302	0.006351425	0.084720984	0.0156644405	-0.1070882722	-0.1408197487	-0.1239376884	0.0508883651	0.03780851	-0.0607409853	-0.0878074234	-0.011537653799999999	0.0783102091	0.0	-0.00589965	-3.509999999999972e-06	3.48058701225e-05	1.23200999999998e-11	0.0806612	0.0267926	0.006506229185440001	0.00071784341476	-0.156951	-0.01189700000000002	0.00014153860900000044	0.024633616401	0.00362701	0.0006134499999999998	1.31552015401e-05	3.7632090249999964e-07	-0.000227665	7.528500000000002e-05	5.6678312250000036e-09	5.1831352225e-08	-0.000234804	3.545699999999997e-05	1.2571988489999978e-09	5.513291841600001e-08	0.0	0.0	0.0	0.0	0.0	0.0	0.0	0.0	0.0	0.0	0.0	0.0
6651.417649857784	-11.449761664398466	131.09704217152873	44241356.752839655	5530.151466020724	25.389940694095454	30582575.237131163	644.6490884496845	4771.364761481998	3.8204720577632543	22765921.68711217	14.596006744149795	4743.3767818506785	9053.635164165024	1.29322	30.965034000000006	0.11361372000000006	0.06816710000000001	-0.081014086	-0.061214570499999996	0.022315583700000002	-0.0318953425	0.0592996329	0.0825000143	0.0259911582	0.08869588800000001	0.0146995576	-0.1126590341	0.0910646883	0.0051953575	-0.0311306432	-0.0059124077	0.0367939025	0.0285987241	0.009036934699999999	0.0419226675	0.0158850746	-0.0660037121	-0.06058370990000001	-0.0618404946	0.0719825729	-0.0064468928	0.0304740063	0.0102383159	-0.0091866859	-0.0089681134	-0.0540549091	-0.07746543980000001	-0.0712471625	-0.042906119699999995	0.0826926775	-0.0190091716	0.0964439457	-0.0934118891	-0.0430947582	-0.0548122144	0.0017277454	-0.1219210451	-0.0723418646	-0.0219800404	-0.1052745764	-0.012552046599999998	0.0109243117	-0.0435123882	0.0238716889	0.0683533502	-0.0508755336	-0.0315117293	-0.078101625	0.0233675002	-0.0292009398	-0.0647941544	0.009124149	-0.026255141699999998	0.1223073487	-0.0058845639000000005	0.10174727720000001	-0.1136160618	0.0702755127	-0.021870252799999997	-0.0167729402	-0.0258900069	0.09907967890000001	-0.0298856035	-0.0716144495	0.0629720376	-0.0366566078	0.090160984	-0.0439848684	-0.0382963298	-0.1182658865	-0.0060129211	-0.0712534098	-0.11539594619999999	0.0470476586	0.0359058399	0.0961694791	0.0788474695	0.020114822	0.0160885458	-0.0103369567	-0.0398256437	-0.028652578300000002	0.0719314617	0.0165159286	-0.024132097999999998	-0.06842908980000001	0.0727487686	-0.1046298067	0.0998017164	-0.0455815885	0.026731789900000004	0.0010503404	0.0162998075	-0.17131651620000002	0.059626165	0.0148677631	-0.0457934995	-0.0669706055	0.0543970835	-0.0119310571	0.0724583999	-0.062008281900000004	0.0710044949	-0.007880871999999999	0.0383594506	0.0197591679	0.0067998124	0.0218176531	-0.0772679711	-0.06841084929999999	-0.0623859575	-0.0277414915	-0.0786695979	0.0018050634	-0.111065425	-0.0788071075	-0.0228439639	0.0473625781	-0.0297940838	0.06227925700000001	0.1218294975	0.0411879679	0.0024921818	0.085039108	0.0148991201	-0.032743059399999996	0.0826879391	-0.0328954314	0.0501591845	0.030734343100000002	-0.0768445759	-0.023262931400000002	0.0452065783	0.0633540744	0.043672263499999996	0.0042036863	-0.09050126539999999	0.0031841562	-0.1460164369	0.0410193857	-0.0234715356	-0.0293698504	0.0294412561	-0.006497029200000001	0.0004787984	-0.08826450359999999	0.08311377980000001	-0.0633107148	-0.0746450021	-0.0609086226	0.0268648773	-0.0025527716	0.0808360649	0.1387988682	0.1044676141	-0.0288443707	0.0165076324	-0.0546033721	0.0159572855	-0.11599296070000001	0.046115795300000005	0.0241039462	0.0093905263	0.0153414054	-0.023185472999999998	-0.0186084644	-0.0117060906	0.0972616268	0.1025512901	0.0472453525	-0.0167789053	0.0318482531	-0.14762582259999998	-0.0338005514	0.0064376552000000005	0.07038220490000001	-0.13598474859999998	-0.0405507861	-0.0713469064	0.060318552000000004	0.0398189373	0.010396709399999999	0.0326207448	0.0905763959	0.0366954331	-0.0625464692	-0.08666481599999999	-0.00669145	0.0813189087	0.0	-0.00591122	-1.156999999999981e-05	3.49425218884e-05	1.3386489999999558e-10	0.0193168	-0.06134439999999999	0.00037313876224000014	0.00376313541136	-0.14622099999999996	0.010730000000000043	0.00011513290000000095	0.021380580840999988	0.00303851	-0.0005884999999999999	9.2325430201e-06	3.463322500000001e-07	-0.000377742	-0.00015007699999999998	2.2523105928999998e-08	1.42689018564e-07	-0.000142826	9.197800000000002e-05	8.459952484000003e-09	2.0399266276e-08	0.0	0.0	0.0	0.0	0.0	0.0	0.0	0.0	0.0	0.0	0.0	0.0
6632.191519857089	-19.226130000695775	369.6440748036541	43985964.35606428	5544.76591097824	14.614444957515845	30744429.00754635	213.58200141626025	4764.0737739581455	-7.290987523852892	22696398.92371581	53.15849907297852	4736.111753311117	8803.399573536599	1.252043	29.979076	0.16722503	0.08668580000000001	-0.0198697029	-0.0638876746	-0.032767761299999996	-0.0684827298	0.1204049792	0.0596413185	-0.1156430741	-0.0053864415	-0.1420245815	-0.0882740717	0.0383993825	0.022799545600000002	0.060961858	0.0724113277	-0.012310248400000001	-0.08414692210000001	0.1313748158	-0.023535429700000002	0.071617356	0.0292801688	-0.0073945012	-0.0153578574	0.08446514390000001	-0.010066300799999999	-0.0004408449	-0.0678238721	-0.056031357000000004	-0.0256655268	-0.023088130699999997	0.06794703049999999	-0.012402342700000001	0.0293960275	0.0975434709	-0.013342165500000001	0.0301802994	0.0130581268	-0.0356057673	0.0213259485	0.1502856166	-0.0821408572	0.10481802779999999	0.004623533	-0.0736888225	0.0023083307	-0.0518345134	0.0333537196	-0.0754442048	-0.0112445735	-0.0184952263	0.0395598824	-0.0353711893	0.1145573472	-0.0243803172	-0.0001583757	0.0782401678	0.011105221100000002	-0.1222007782	0.061978570999999996	0.053053055999999994	-0.1051539373	-0.0193845969	-0.0743450308	-0.038453629700000005	0.027665804	0.0303184081	-0.0830788371	-0.037696513	-0.051156020700000006	0.0236783709	0.1259104583	-0.0352134008	0.10692295869999999	0.0654931659	-0.0121942271	-0.022658236000000002	-0.1301596818	-0.0823874827	0.1441084772	-0.1480500775	0.0283330341	0.022942427999999997	0.0506718991	0.0359730257	-0.028762647599999996	0.0056627411	-0.051425622000000004	0.0338204471	-0.010544604099999999	-0.0892224812	0.027416148300000002	0.0509163308	0.0785486566	-0.0095462103	0.0924201209	-0.0187625545	0.0633813699	0.0109008301	-0.0414689261	-0.069433149	-0.11909630859999999	-0.118430204	0.0232029441	0.0687064557	0.1210298353	-0.0151911526	0.08660490480000001	-0.0106595209	-0.0111634061	-0.07727823610000001	-0.023995724500000003	0.05706946860000001	0.0006938217	0.0708492016	-0.00612639	0.0214152476	-0.0903379566	0.0045802034999999994	-0.0375966063	-0.0022014510999999997	0.0207729006	-0.0006518683999999999	-0.1649433549	0.0930870891	-0.0694417718	0.030643290400000002	-0.005959541	0.0539871354	0.0107985893	-0.0101048151	-0.0690316772	-0.0342621282	0.0365993065	0.015165274	0.0599688596	-0.0948453801	0.1213908248	-0.0369705929	-0.0509194889	0.0079395287	0.044282344800000005	0.0427503789	-0.09006918800000001	0.035394461099999996	-0.0387396485	0.12118619480000001	0.0324967669	0.014090843	0.08557037099999999	-0.015470754299999999	0.10234150859999999	0.058506743300000004	-0.129061209	-0.0794251584	-0.0014766304000000002	0.0730976275	-0.052102742599999995	-0.0227107658	0.028749712799999997	0.0448542439	0.1527621781	0.04921381440000002	0.2034544572	-0.017777589099999998	-0.10031539710000001	0.0006827836	-0.013224439	-0.0002299548	0.053274050999999996	0.0026526799	0.0404654276	0.0340232862	0.0491001467	-0.0514714467	0.0074643146	0.029911223799999997	0.026280681	-0.0984835275	0.0016146453	-0.034382688700000004	0.0141090122	0.034829728	-0.1252634979	0.0266229767	0.1054836185	-0.0323941281	0.0460350807	0.0756611812	0.0355759084	-0.0643079948	-0.0853851737	-0.0018264382000000002	0.08397052	0.0	-0.0129368	-0.00702558	0.00016736079424	4.93587743364e-05	0.0792365	0.0599197	0.00627842293225	0.0035903704480900003	-0.177274	-0.031053000000000025	0.0009642888090000015	0.031426071076000005	0.00410027	0.0010617599999999997	1.6812214072899995e-05	1.1273342975999994e-06	-0.00030295	7.479199999999996e-05	5.593843263999994e-09	9.17787025e-08	-0.000390809	-0.000247983	6.149556828900001e-08	1.52731674481e-07	0.0	0.0	0.0	0.0	0.0	0.0	0.0	0.0	0.0	0.0	0.0	0.0
6632.980953769089	0.7894339120002769	0.6232059014160609	43996436.33306349	5534.089898128821	-10.676012849418841	30626151.000571463	113.97725036095615	4760.8922992162625	-3.1814747418829934	22666095.48473671	10.121781533239462	4732.98193848582	8884.094411186188	1.2859459999999998	30.790859	0.1846329	0.103857	-0.0161674744	-0.030558210699999998	0.045143343600000004	0.1050447463	0.1401201718	0.12176303109999999	0.0017445521	0.0607764671	-0.01862108	-0.0231279408	-0.1042809349	-0.0315512753	-0.016405491	-0.0900560898	0.1358107165	-0.023224596299999997	-0.0690804467	0.0001396166	0.0463380962	-0.1158713874	0.0538905955	0.0211063128	0.0579431236	0.057106242599999996	-0.1247378119	0.08441700349999999	-0.0690275144	-0.0016562007	-0.0008891178999999998	0.0211401858	0.0628558254	0.1341095608	0.078052056	-0.040728011200000004	-0.055937071	0.0502615636	0.0718837724	0.0664290933	-0.0613249384	-0.0791228918	-0.1598814301	-0.056125813	-0.0259864153	0.0245244876	-0.0125506927	0.0120775426	-0.0100293044	-0.1096775785	-0.0259202858	-0.011069458300000001	-0.0820460354	0.09549262380000001	0.0080474064	-0.1673182348	-0.0649906327	0.079349716	0.0410398416	-0.0181302392	0.1710010455	0.0359767144	-0.0774828753	-0.0224333353	0.055856290499999996	-0.0019135806	0.0062552353	0.0462938097	-0.003465029	0.043154998300000004	0.0359202983	-0.1221954715	0.022796005299999998	0.063315993	-0.0646482738	0.046572493300000004	0.0401875383	-0.06761506610000001	0.1078589885	-0.051357799	0.022264290099999997	-0.0353075463	-0.2164914771	-0.0207412782	0.0312843758	0.067054403	-0.044774953	-0.10598163740000001	-0.02986453	-0.0022091157	0.1004207385	0.044199256799999996	-0.1064755366	-0.0413955052	-0.0080169579	-0.0068831443	-0.0288355657	0.0968375299	0.042356781100000004	0.061633483899999994	0.0167328063	0.0282914698	-0.0077556262	0.1106416977	-0.1358797076	0.0808885899	0.0198410585	0.0606650508	0.0633971323	-0.1221133773	0.0836823684	-0.040673182599999996	0.0362642469	0.0025970942	0.0268572715	0.06599325519999999	0.1252743719	-0.09055703470000001	0.0477505496	0.0650941764	0.08716648199999999	-0.0227626079	-0.0729149907	0.0094041808	-0.013773663500000002	0.18562282309999997	0.047578458	0.0631557129	0.011704629099999999	0.0373915433	0.0259667066	-0.0287532443	0.1073503441	0.0496213768	0.017465163500000002	-0.0638514761	-0.0615668729	0.09383706359999999	0.1576030559	-0.0188870473	-0.1017345311	0.030486099500000002	0.0427546963	-0.0463478124	-0.162245033	-0.10690408050000001	-0.0590303048	-0.005839906	-0.0088749773	-0.022657847400000004	-0.0535533629	-0.0328199752	-0.034407338100000004	0.0627441088	0.04505731599999999	-0.022372601800000003	0.0751807541	0.025335561	0.0325483009	-0.0134815434	-0.17062116670000002	0.0577413668	-0.0082351072	-0.1368108268	0.0411347042	0.0820413647	0.0624510185	-0.0745097154	-0.08371649889999999	0.0879320616	-0.0158524521	0.061220308200000004	-0.07983464650000001	0.06655609400000001	0.0276342008	-0.0635594917	0.020593000900000002	0.0130351043	0.0741128133	0.0423853115	-0.013918743300000001	-0.006916755699999999	-0.0334185491	0.0236249637	0.0762900168	-0.10925478779999999	0.0229129167	0.06275552870000001	0.1744280334	0.034450132599999995	-0.0660243242	-0.08397052	0.0030437071999999997	0.0862533992	0.0	-0.0236563	-0.010719499999999998	0.0005596205296899999	0.00011490768024999995	0.08999299999999999	0.010756499999999988	0.008098740048999999	0.00011570229224999975	-0.13839200000000002	0.03888199999999997	0.001511809923999998	0.019152345664000002	0.00240637	-0.0016938999999999995	5.790616576900001e-06	2.869297209999998e-06	-0.0007346969999999998	-0.00043174699999999963	1.8640547200899978e-07	5.397796818089998e-07	-0.00075066	-0.000359851	1.2949274220100002e-07	5.634904356e-07	0.0	0.0	0.0	0.0	0.0	0.0	0.0	0.0	0.0	0.0	0.0	0.0
6638.810290968313	5.829337199224027	33.98117218225703	44073802.079466775	5548.145603583112	14.055705454290544	30781919.63855861	197.56285581777303	4761.333348112526	0.4410488962639647	22670295.25184844	0.1945241288956615	4733.7677420452555	8838.552417328969	1.041583	24.9398	0.09660485000000002	0.0582175	0.0067307585	-0.032179691499999996	0.0798248632	0.0329270679	0.0928353686	0.1028748939	0.0203060824	0.0412936662	0.019883506000000002	-0.1767713577	-0.0727226102	-0.092652995	-0.043473520300000006	-0.0197454428	0.0332738722	0.0455673058	0.0768189896	0.0486762567	-0.0342631798	-0.0254592359	0.028074999500000003	0.0260000551	0.0535927751	0.05310612940000002	-0.038446099500000004	0.05630276820000001	0.0126684201	0.1021692169	-0.06423694190000001	0.0123217103	0.0406409023	0.08718121220000001	0.030705685899999998	-0.0333083574	0.0188862227	-0.0630197017	-0.07813275139999999	-0.0376459139	0.0110322708	-0.1600266213	-0.0016591014000000002	-0.0403382647	-0.0403865466	0.0465507966	-0.022814984700000002	-0.11111369460000001	-0.0895300852	-0.047835713099999996	0.0475658354	0.06375071139999999	-0.09045395640000001	0.0075321651	-0.0059729529	-0.0194458115	0.046604296600000004	-0.0428045642	0.0821863805	-0.0723273246	-0.008468033100000001	0.036950798300000004	-0.100651794	0.0459119553	-0.0484649713	0.0163014037	0.024147042999999997	-0.0212997837	0.1172407935	-0.0175555504	0.055605910300000005	0.1318528812	-0.015421086799999999	0.016339911000000002	0.0316454038	0.0051069909	0.0447903292	0.0459526372	0.043891934400000006	-0.1291539551	0.1243216177	0.00022718939999999998	0.0334187945	0.0257700247	-0.012700509799999999	0.0177809235	0.0446083489	0.013752568799999998	-0.0251368017	-0.0041272146999999995	0.0418322863	-0.0349455495	-0.027878565299999998	0.0207856426	-0.051640535099999996	-0.0399358942	0.0968559405	0.0501467402	0.0820571963	0.048914088200000004	0.0015001133999999999	0.1551683376	-0.015575491399999999	-0.0313335194	-0.0779860605	-0.024821919799999998	0.025794451200000002	0.051155597000000004	0.0487745063	-0.0388951928	0.041137579199999996	-0.0581113699	-0.0960996016	-0.061210017400000004	0.0247406493	0.052204727	0.0858130974	-0.0386440255	0.025378391099999998	-0.0308150746	-0.0785366916	0.026568586800000002	0.041026172799999996	-0.07234631309999999	0.11340656390000001	0.098284455	0.0973836341	0.0388445264	0.021402268999999998	0.040285688199999996	-0.14017453529999999	0.0132883653	0.046261616500000005	-0.0645807356	0.1014450551	0.01565798	-0.0663458206	0.037509932	0.029283442000000007	-0.015948581899999998	0.0265247937	-0.09075355619999999	-0.0827497171	0.0671836826	-0.037607443500000004	-0.0174990513	0.0230750644	0.0489021764	0.0424494042	-0.0596207465	0.0526015478	-0.0521309733	-0.0039767417	-0.1481663648	-0.0086776341	0.0114649496	-0.0083212533	-0.0329396904	-0.0324149612	-0.0947392172	-0.0081954053	-0.08847202189999999	-0.058128896900000004	-0.0827493769	-0.0240499071	0.0592245687	0.0136984799	0.0313442795	0.056038501	0.0207934674	0.0289052754	-0.0241807695	-0.0099970615	-0.0346126152	0.039259821800000004	0.059440868499999994	0.011182377	-0.0463838904	0.0352088511	-0.0187783071	-0.16370810619999998	0.0393286387	-0.0650439778	0.1424388574	-0.1202919709	-0.0548890007	0.0389779948	0.0716404373	0.009540927099999999	0.0333183036	-0.067694251	-0.0824230915	0.0079052975	0.0881575217	0.0	-0.0236516	4.699999999999843e-06	0.0005593981825599999	2.2089999999998525e-11	0.0381683	-0.05182469999999999	0.00145681912489	0.002685799530089999	-0.150851	-0.012458999999999998	0.00015522668099999994	0.022756024201000005	0.00273422	0.00032784999999999976	7.475959008399998e-06	1.0748562249999984e-07	-0.000623027	0.0001116699999999998	1.2470188899999954e-08	3.88162642729e-07	-0.000543851	0.000206809	4.276996248099999e-08	2.95773910201e-07	0.0	0.0	0.0	0.0	0.0	0.0	0.0	0.0	0.0	0.0	0.0	0.0
6641.565259933917	2.7549689656043483	7.589854001443093	44110389.10196108	5545.120233590042	-3.0253699930699436	30748358.40496968	9.152863594968032	4763.439618384043	2.106270271516223	22690356.997990716	4.4363744566730245	4735.467695602313	8807.087570973708	1.201355	28.765404	0.10570007000000003	0.0487985	0.0105320307	-0.065732507	0.0899319356	0.083537149	-0.0768867135	-0.0539748987	0.0792904933	0.09241687119999999	-0.0983138434	-0.040640724100000004	-0.0436456138	-0.08135953900000001	-0.049093571100000004	0.1410618456	-0.0013906323	0.0054975812	0.0152645551	-0.0238182969	-0.0572538471	-0.10402828859999999	0.0403244189	0.0193236938	0.0665670976	0.0429396805	0.0551949246	0.103974256	0.08727801630000001	0.0268424232	0.0401509924	0.043461747599999996	0.0555597781	-0.0303123718	0.0381845011	0.07923097400000001	0.0747353538	-0.086774387	-0.019890333700000002	-0.031357206	-0.0593142613	-0.034692706499999997	0.0822764448	0.0299216021	0.04385212980000002	0.0747978971	-0.0897044431	-0.0334110255	-0.0628870691	-0.0849724041	-0.0129327511	0.046670406100000006	0.09235819640000001	0.0292761398	-0.1006882784	-0.1339574526	0.0038766140000000004	-0.10097648029999999	-0.0282499017	-0.0716471053	-0.0094990744	-0.1191256309	0.0465598428	0.056015183499999996	0.062553677	-0.0618443209	0.0626026191	-0.01629005	0.0594257082	0.0867736818	0.012774804399999999	-0.09725749550000001	0.0671785708	-0.0908709353	-0.0401110917	0.0518856748	0.0096533781	0.0585588814	0.011387758999999999	0.06538201639999999	-0.1738444993	0.0443373629	0.0254331381	-0.0022352695	-0.0065951374	0.022059804	0.0288526967	0.009869291899999999	-0.12477227	0.09393293220000001	-0.047893340300000004	-0.0581442451	0.0009750911999999999	0.0737043757	-0.05365094769999999	-0.0262228772	-0.052336109900000004	0.0110936699	-0.0135067951	0.08586365800000001	-0.040028901	-0.0390336616	0.0949217461	0.0032855915	0.0940505727	-0.005505993000000001	0.0191135799	0.0687117941	0.0413985375	0.0615486142	0.1022834649	0.042537850499999995	-0.0774030284	0.0533037529	0.0195889398	0.052422863	-0.0321325613	-0.0237889339	-0.0818215335	-0.07339564900000001	-0.0746408445	-0.0399378211	0.0368790711	0.033416228900000004	0.042775292699999995	-0.0586360662	0.036148650299999995	0.1000068224	-0.045130827400000004	0.0267193343	-0.0818657294	-0.09398803970000001	0.0783090136	-0.0003428343	-0.0200560306	-0.0228802836	0.0769535919	0.17624283440000002	0.0330055298	-0.011238488999999999	0.1319050671	0.0464549412	-0.0304277582	-0.024208039900000002	0.0695279879	-0.05450455	-0.0978794786	0.0749920884	-0.0189338639	0.0488249833	0.0010708921	-0.05975030820000001	-0.0807734576	0.0825205368	0.0121312034	-0.1143073261	-0.0548251237	0.0605813233	0.0246868815	0.0256263344	-0.0558310968	0.0135381945	0.11872621970000001	0.041942570400000004	0.1274169863	-0.0258609124	0.041436904100000005	0.0724458335	0.0607914506	-0.0176855051	0.1325795241	0.0337912889	0.0242924177	0.029744954900000002	-0.0923485525	-0.0233794875	0.039478524300000005	-0.0695425727	-0.1081987269	0.0044098751	-0.0028953119	-0.0073449696	-0.0602678098	-0.0101769654	0.0030104807	0.0463098107	0.046827305599999994	-0.11827331199999999	-0.050820614400000005	0.0321806203	-0.0693166017	-0.0807453353	0.0127446681	0.0896745262	0.0	-0.00623403	0.01741757	3.88631300409e-05	0.0003033717447049	0.010464	-0.0277043	0.000109495296	0.0007675282384900001	-0.13188200000000005	0.018968999999999958	0.00035982296099999837	0.01739286192400001	0.00329634	0.0005621200000000002	1.08658573956e-05	3.159788944000001e-07	-0.000506005	0.00011702199999999995	1.3694148483999985e-08	2.56041060025e-07	-0.000390809	0.00015304200000000004	2.3421853764000014e-08	1.52731674481e-07	0.0	0.0	0.0	0.0	0.0	0.0	0.0	0.0	0.0	0.0	0.0	0.0
6633.752278172642	-7.812981761275296	61.04268400202042	44006669.28816072	5537.327861688968	-7.7923719010732375	30661999.847836927	60.721059844635754	4760.4417920337355	-2.9978263503071503	22661806.055341367	8.986962826595889	4732.771313010898	8842.605508934625	1.1648120000000002	27.890408	0.08078159000000001	0.0530151	0.0117612895	-0.07461604299999999	0.1001627672	-0.067138469	0.0148915865	0.0401815524	0.0099910941	0.0380434134	0.0799787359	-0.0577540888	0.0508997535	-0.0757605323	-0.050969795199999994	0.021670530499999997	0.037726352799999995	-0.0379919358	0.0701087556	-0.010395805	0.0265885448	-0.06475776150000001	-0.0261404742	0.0190758464	0.049725682699999996	0.0327589913	0.050046941799999994	-0.0287139798	0.0317907616	0.0476342258	-0.0376321867	-0.06581626269999999	0.038652567	-0.059498368499999996	0.0120638125	0.0297767759	0.1147899887	-0.161726457	-0.0006275712999999999	-0.0263700526	-0.10573056300000001	0.0189207938	-0.0220348383	0.061221768600000004	-0.0070515633999999995	-0.0853673806	-0.0469637753	-0.068132183	0.07246749450000001	-0.0944548069	0.0709268329	0.062315774500000004	0.0579322944	-0.0168597856	-0.07460664269999999	-0.0995674144	0.0740053392	-0.028952845499999998	-0.0241354062	-0.0345204634	-0.058058815	0.09768308	-0.0677718498	-0.09925059359999999	0.1214795029	0.0315839002	0.024863711	-0.0019978726999999997	-0.012618135400000001	0.09189522720000001	0.0110462001	0.020880679699999998	-0.0861306632	0.0790846434	-0.1423658279	-0.0268841785	0.1132257393	-0.045575401200000004	-0.055947721500000006	-0.0501472092	-0.0196187706	0.0669523442	-0.1263101318	0.0524350991	0.10089204859999999	-0.1172772761	0.06817777009999999	-0.0131133529	0.0068983936	0.0215177529	-0.0521645394	-0.122964268	0.1405756824	-0.035283576000000004	0.11815867529999999	0.0324417414	-0.0034416934999999997	-0.0091601291	-0.0452876758	0.0732026392	0.0417113707	0.1151008188	-0.0205517477	0.0685872801	0.0130682754	-0.0365559358	0.0176350331	0.048912465499999995	0.0310337533	0.0506700886	-0.031571782	-0.0063230191000000005	-0.0526073204	-0.059421213099999995	-0.06880771940000001	0.0413381261	-0.044137973399999995	0.007909043900000001	-0.0467115829	-0.1259934322	-0.1312811647	-0.0783624898	0.018658891599999998	0.1073347301	-0.0274544134	0.0266439846	-0.0121023075	0.038281100299999996	0.0450479224	-0.0747615191	-0.0295589237	0.0387383343	0.1311506017	-0.0624833306	0.0444573992	-0.006453931899999999	0.0633940974	0.11033961099999999	-0.0199340202	-0.10783784619999999	0.0283229408	-0.0018576825	-0.0204300851	0.1136726082	-0.060696692999999996	-0.0356886193	0.06440377559999999	-0.0371335854	-0.0012502313	0.0872832339	-0.052474225	-0.0171544782	-0.1509169925	0.006219865	-0.0672736287	0.059999264800000014	0.1294573696	0.132210374	0.008450332	-0.0891734299	0.0415280645	0.0412292601	-0.0473536165	0.057205293899999995	0.0475367825	0.0686256316	0.0114290648	-0.1140846667	-0.0622711168	0.105990869	0.0715429762	-0.0427378408	0.027909702	-0.1017007276	-0.0971510081	-0.0255830273	-0.0910847501	0.05831145400000001	-0.0433811155	-0.09410745050000001	0.0277746096	-0.022110351099999998	-0.1221974948	0.0076706654	0.0266695479	-0.0832632017	-0.0989105748	-0.018171104599999998	0.0397677217	0.0310372824	-0.070890236	-0.078939904	0.0175482166	0.09079775109999999	0.0	-0.00873627	-0.002502240000000001	7.632241351290002e-05	6.261205017600005e-06	-0.0058993000000000006	-0.016363299999999997	3.4801740490000014e-05	0.00026775758689	-0.14293800000000004	-0.011055999999999984	0.00012223513599999962	0.02043127184400001	0.00421772	0.0009213800000000004	1.7789161998400007e-05	8.489411044000007e-07	-0.000601826	-9.582099999999996e-05	9.18166404099999e-09	3.6219453427600005e-07	-0.000390809	0.0	0.0	1.52731674481e-07	0.0	0.0	0.0	0.0	0.0	0.0	0.0	0.0	0.0	0.0	0.0	0.0
6607.689226624124	-26.06305154851816	679.2826560207149	43661556.91564451	5534.677255996845	-2.6506056921234626	30632652.32804877	7.0257105351173035	4758.937023728991	-1.5047683047441751	22647481.59581855	2.264327650962658	4731.054970089861	8628.761279336562	1.131811	27.10022	0.0549945	0.0397155	0.06249284860000001	-0.1243290316	0.0668730771	-0.0911511711	-0.0044161037	0.0299047819	-0.10790079949999999	0.0043985036	-0.0999533901	-0.0402381558	0.040406136	-0.0198813857	0.0226660458	0.071540683	-0.0342554289	-0.1259588064	0.0269193239	-0.0485427934	0.0201224951	0.0802954111	0.0130401263	0.0394371317	0.087610141	0.014335147	0.0753822011	-0.0714872931	-0.0066060345999999995	-0.0329924763	0.0353380617	0.0339599129	0.0083551757	-0.0394428701	0.0097155132	0.08231184429999999	0.04978344269999999	-0.005918289100000001	0.0447207381	0.088660297	0.029359874100000002	0.0040927457	0.0238982358	0.0009365818	0.0531929918	0.0688356123	-0.0430082896	0.0438762666	0.0035427538	0.0400335144	0.0782199062	0.0582193435	0.0057974233	-0.0085579445	0.0314840602	-0.0755505675	0.024255512400000002	-0.035113236	0.0331202099	0.0034326407	-0.0118259303	-0.0339344383	-0.10048779099999999	-0.0840428357	-0.0093000076	0.1727167682	0.022058005099999996	-0.0254099044	-0.1151769045	0.0437185743	0.0417160018	-0.12784893220000002	-0.0052402009	0.0218490764	0.097070807	0.08213802440000001	0.027462416400000002	-0.020541381799999998	0.0378140558	0.01839304	0.10241860380000001	-0.0383697777	-0.022061145499999997	-0.007671806	-0.0299288117	-0.1525973968	0.045321819699999995	-0.0641483356	-0.0559738988	-0.0582313219	-0.0027209867999999997	0.0864684786	0.0050252561	-0.0452461311	-0.089877101	-0.0207770473	-0.111745796	0.0296907827	0.0706201404	-0.0179068979	0.0874089129	-0.09141815140000001	0.077461288	-0.0143218968	0.0082873556	-0.143776709	0.0383901303	0.0898762233	0.012573105400000001	0.0680952771	-0.0805447864	0.0110917741	0.0316721367	0.0447984992	0.0251415823	0.004361244	-0.0377314014	0.0087264354	-0.0900432502	-0.0456283687	0.0174897607	-0.0524832007	-0.0674321703	-0.0458422096	-0.0008200727	-0.0347561043	-0.0048168	0.07401595379999999	-0.0587765146	0.0341072275	0.0228224355	-0.028671412599999998	-0.046151018499999995	-0.09460818230000001	0.0571028552	0.011324828799999999	0.034116425	0.0271564112	0.054489888	-0.0384667906	0.013208235	-0.0276838328	0.029768548199999998	0.014492813799999999	-0.0283999547	-0.0743176871	0.0886560625	0.0016991863	0.1466218799	0.025419238900000002	0.003826523	0.0826710509	-0.0793128517	0.13165015160000001	0.0108811106	0.0398360044	0.0115469527	-0.0611966657	-0.1192978743	0.0577645015	-0.0631488149	0.052236281600000004	0.021273733700000002	-0.060550323899999994	-0.073856725	0.0286159097	-0.1036956226	-0.10129190269999999	-0.0336992112	0.055483209000000006	0.08862412130000001	-0.0151274262	0.0467180633	0.0407749929	0.04970247269999999	0.0668083345	0.0880903875	0.0715772823	0.051992526799999994	0.1465212931	0.0408016103	0.0525557966	0.0031109593	0.0299914944	0.0897006541	0.0403308157	0.0040957966	-0.0387481029	-0.1518954804	0.029888491099999998	-0.072414048	-0.0770096525	0.022302441699999998	0.0915222642	0.0	-0.00517247	0.0035638000000000006	2.6754445900900006e-05	1.2700670440000004e-05	0.032341	0.038240300000000005	0.0010459402810000002	0.0014623205440900005	-0.14702499999999996	-0.004086999999999924	1.670356899999938e-05	0.021616350624999992	0.00408311	-0.00013461000000000026	1.66717872721e-05	1.811985210000008e-08	-0.0005543680000000001	4.74579999999999e-05	2.25226176399999e-09	3.073238794240001e-07	-0.000390809	0.0	0.0	1.52731674481e-07	0.0	0.0	0.0	0.0	0.0	0.0	0.0	0.0	0.0	0.0	0.0	0.0
6587.243206680893	-20.446019943230567	418.03973151898214	43391773.06396358	5540.448626231372	5.77137023452724	30696570.9799091	33.308714383987	4754.123319015127	-4.813704713864353	22601688.53240341	23.171753072279905	4726.176476571351	8488.527825326586	1.169249	27.996645	0.08313622999999998	0.0440962	0.1127371488	-0.0787900569	0.0731543557	0.0398872033	0.0328159524	0.0868315859	-0.032722503199999996	0.0722115787	-0.030944517999999997	0.0600339559	-0.050977568499999994	0.0292299516	0.0576401618	-0.0909012902	0.11192759470000001	-0.11529325509999999	-0.0073931742000000016	-0.0132791323	0.033560946	0.0781539025	-0.0604404703	0.064026165	0.0876221915	0.045453000199999996	0.054071603200000005	0.0308395533	-0.0917054316	-0.0725234503	-0.000959	0.0372539646	-0.0007314561	0.0181809211	0.0423892476	0.0199319384	0.09713984839999999	0.11671893259999999	-0.061779952400000004	0.0491537541	-0.0881410302	-0.0322622634	0.041162451600000004	-0.1489287933	-0.1446379476	0.0394701488	0.0277417031	0.0673433955	0.049198192	-0.0600724581	0.17398380370000002	0.061225992199999996	0.11873310109999999	-0.155255473	0.0868833691	0.028770456200000002	-0.0545542764	-0.0242075037	-0.1206202562	-0.0795855504	-0.0664242581	-0.0457546569	0.0141407863	0.0802485324	0.0443184097	0.0207389926	-0.1250377183	0.0053680648	0.015658497099999998	-0.0001458208	-0.13475052199999998	-0.0595221448	0.06036451950000001	0.0107385542	0.0803661047	-0.0059770901000000005	0.0342608934	-0.0235947022	-0.0440503555	-0.0020187476	0.0122411664	0.0012714616	-0.108824324	-0.0835561001	0.0296186743	0.08531405789999999	0.0191040366	-0.06928785679999999	-0.0518984459	-0.0780274455	-0.0808821572	0.0717886773	-0.0134294371	0.2053919907	0.011834715400000001	0.0427704287	0.0448026327	0.0359522352	0.0079862663	0.1144146964	-0.051448531299999996	-0.0320528246	0.0920825543	0.053420423700000004	0.0522443978	-0.0194333572	0.0643712773	0.087582424	0.043671360199999995	0.046939006299999995	0.028502302799999997	-0.0477138175	0.1074903509	0.020414004	0.0538322075	0.0070691176	-0.0018541991	-0.048550009299999995	-0.0218139389	-0.09735239820000001	0.0785060859	0.1214283339	-0.0604277369	0.0505957055	0.0353198215	-0.0060295677	0.1636294664	-0.0238878602	0.09271372050000001	0.0637416032	0.1053277675	-0.0593281491	0.0763395982	-0.1828744571	-0.049283024	0.0990228338	0.1267121313	-0.1603414457	-0.029845275600000002	-0.05090782889999999	0.05109698309999999	0.138303475	-0.0774894976	0.053122582800000005	0.0704571889	-0.021827202	-0.0595327391	0.006781098	0.0344573886	0.020157906	0.056054161	0.0045718124	0.1313030947	0.1151003872	-0.0430187448	-0.0056136749	0.020166663799999998	-0.013657466799999999	-0.0237056887	-0.0057536874	-0.0115762965	0.0822359422	0.045118385999999996	-0.0768091593	0.0327478296	0.0200423581	0.045140193499999995	0.0209624448	-0.0432266642	0.1244172425	-0.0706569011	0.12854358189999998	0.09819156789999996	0.1041195793	0.0571500874	0.0292354752	-0.0609498696	-0.07702791980000001	-0.1309199998	-0.0696311044	-0.0198802519	-0.047946875	-0.0769637614	-0.0227954413	0.039581505	-0.020359656599999998	0.0770715262	-0.1018119189	-0.037943737400000004	0.028734448	-0.0738869668	-0.074957633	0.0269939802	0.09184488380000001	0.0	-0.0144387	-0.00926623	0.00020847605769	8.58630184129e-05	0.056442999999999986	0.02410199999999999	0.0031858122489999987	0.0005809064039999995	-0.139889	0.007135999999999949	5.092249599999926e-05	0.019568932321	0.00347028	-0.00061283	1.20428432784e-05	3.755606089e-07	-0.000592942	-3.857399999999988e-05	1.4879534759999905e-09	3.5158021536399993e-07	-0.000592045	-0.00020123600000000004	4.049592769600002e-08	3.5051728202500005e-07	0.0	0.0	0.0	0.0	0.0	0.0	0.0	0.0	0.0	0.0	0.0	0.0
6591.536799590403	4.293592909509243	18.434940072588052	43448357.38035449	5541.487064039803	1.0384378084308992	30708078.88092048	1.0783530819787688	4751.4861461278615	-2.6371728872654785	22576620.596845	6.95468083732814	4723.466473089601	8323.338272724728	1.083215	25.936646	0.06803124999999999	0.0418786	0.1468420912	-0.0709324306	-0.021445275299999997	-0.018798123400000002	0.044388477999999995	-0.0592023192	-0.0319546503	0.06803381019999999	0.029120435400000002	-0.0824318091	-0.1277409613	-0.0192685994	0.0091987577	-0.0397440822	0.0172094019	-0.0613806795	-0.0184156761	0.0363910378	-0.07052632240000001	0.0316274827	0.0189315225	0.09822448269999999	0.0639496413	0.0476243437	0.0380789916	-0.08664552800000001	-0.049728361	0.0364802196	-0.10980119699999999	0.049533897199999996	0.0370301023	0.010606503	0.057028588	0.022847992799999998	0.0402318989	0.0006839519	-0.0750806294	-0.0036163273	-0.0929882059	-0.0343090947	-0.0231344777	0.030058687999999997	0.041716643500000004	-0.0562240766	-0.023753908599999998	-0.1226882367	-0.019756300900000003	0.0528836588	-0.0153371998	-0.0648211161	0.0729226435	-0.1385288564	0.1000017948	0.07695149379999999	-0.021480674300000002	0.0002690703	0.042151576600000004	-0.0018712041	0.0473385776	-0.0262932205	-0.060530022	0.0495512096	0.015481253300000001	-0.020640613000000002	0.008625718000000001	-0.0575944801	-0.0938906424	0.0133313405	-0.020445106799999998	0.10838306710000001	-0.0223077931	-0.0866688884	0.0824841992	-0.012222727	0.0134831806	0.030854692000000006	-0.0261300416	-0.06072134360000001	0.0359273311	0.0769341244	0.1015485875	-0.0396401693	0.1421689917	0.0319132385	0.028020271200000002	0.0202392047	0.0133400343	-0.10350553	0.0762470663	-0.0399900808	-0.1608434294	0.0393507862	0.042094026	-0.045224142099999996	-0.0845899852	-0.07393834099999999	-0.0404122259	0.043721404400000004	0.0357400779	-0.031069519900000002	0.031855150299999996	0.0038987340999999997	0.0391913452	0.0061106911	0.0988096475	0.0651820803	0.0440698676	0.030743157000000007	-0.0930767154	-0.0627193165	-0.0057628982	-0.0950825392	0.07330772	0.0412153736	0.0034872543	-0.0682242836	-0.0271930763	-0.045071518899999996	-0.022116913399999997	0.059196912000000004	-0.0087295062	0.09358748859999999	0.0323156342	0.020804386499999997	-0.0133524026	0.0261320417	-0.0108440272	-0.077137148	-0.1199576976	0.0397914839	-0.01371717	0.0214496419	-0.0694658442	0.0068320867	0.09811132880000001	-0.17916389230000002	-0.011609251000000001	0.0310943992	-0.0042379942	-0.0201474475	-0.0094195931	-0.0172020188	-0.0223203479	-0.0714001676	-0.020452739299999998	0.036474478500000004	-0.0066088026	-0.0095755117	0.050872489800000004	0.10784093619999999	-0.042051110700000005	-0.052897288	-0.052281966500000006	0.0515376066	-0.1214223733	-0.0365577387	-0.029924914500000007	-0.0374871528	0.0558741332	-0.0774074932	-0.062042750599999995	0.0171589045	-0.0583368562	-0.0017646258	-0.0015850584	0.1285655098	-0.046003120700000004	0.0793322978	0.0126814666	0.0355545159	0.015346738200000001	-0.0795043038	0.0940384157	-0.11154639779999999	-0.0499979074	-0.13963377470000002	0.0318669119	0.0893746915	0.0516383736	-0.016353923200000002	0.0059390623	0.0016812019	-0.013328082	0.06502882530000001	0.0673810956	-0.0244427744	0.0945954615	0.027575356000000002	-0.07530795700000001	-0.07278709	0.0316096456	0.0917641935	0.0	-0.0189455	-0.004506800000000001	0.00035893197025	2.0311246239999998e-05	0.0564009	-4.209999999998937e-05	0.0031810615208100004	1.7724099999991049e-09	-0.15970299999999998	-0.019813999999999967	0.0003925945959999988	0.025505048208999997	0.00413164	0.0006613599999999997	1.7070449089599998e-05	4.3739704959999963e-07	-0.0006037130000000001	-1.0771000000000133e-05	1.1601444100000281e-10	3.644693863690001e-07	-0.000390809	0.00020123600000000004	4.049592769600002e-08	1.52731674481e-07	0.0	0.0	0.0	0.0	0.0	0.0	0.0	0.0	0.0	0.0	0.0	0.0
6619.967482856377	28.43068326597404	808.3037509701362	43823969.47407579	5554.136381281101	12.649317241298375	30848430.94187033	160.00522667100842	4761.955230434221	10.469084306359946	22676217.61665984	109.60172621367212	4734.034733643592	8533.2569680161	1.086342	26.011509	0.07058354999999998	0.042963199999999986	0.0940966162	-0.0291877482	-0.029416793700000006	0.0039110015000000005	-0.0008352283	-0.1139158245	-0.002157746	0.0059513787	-0.046033802400000004	-0.0219373752	-0.0526921187	-0.0178904137	-0.0267853996	-0.0019667434	0.0348683393	-0.0091768353	0.050151304800000004	0.0590676867	0.0012302843	-0.0976509841	-0.1474471393	0.036642473700000004	0.0502206639	0.0440753107	-0.0408845296	-0.059142324800000014	0.0120799799	0.013002253	-0.050584843399999996	0.0416513378	0.0391004811	0.0567708223	0.0075373923	0.023226277099999998	0.0469052872	-0.0937819551	-0.026963450099999998	0.020415705	-0.0408910704	0.0029920771999999997	0.006279173000000001	-0.0059857459	0.1471245605	0.0471714913	-0.0500976555	-0.044217452000000004	0.0590528711	-0.1079874066	0.061047322599999995	-0.005443284699999999	-0.0323369741	-0.1300183528	-0.0125309908	-0.06573791059999999	0.0330704152	0.030882164500000007	-0.0023648436	-0.0406518462	-0.121565666	-0.0510790447	0.044969643499999996	0.0083651187	0.0343432804	-0.02757056	0.040937116	-0.0825768633	-0.09238627070000001	-0.021933044300000003	-0.0171509619	-0.0032505653999999997	-0.0280702333	0.0404213944	0.0440258138	-0.011916427299999999	-0.053467399900000004	0.1555912518	-0.1323492544	-0.0894895508	-0.0250297403	-0.0363439761	0.009879144599999999	-0.0843878954	0.1300069791	-0.0346132314	0.0063340539	0.015893163000000002	0.0839919544	0.0384145321	0.0473245371	-0.0169592746	0.08736488529999999	0.0283993473	-0.055663437999999996	-0.0205259687	-0.0091870125	0.0139629209	-0.030325323900000006	-0.05292138440000002	0.1076240534	-0.059348188600000004	-0.031193814700000006	0.052693135599999996	-0.018352508400000002	-0.048743643899999994	0.0371147733	0.051836846299999996	0.0444243037	-0.0393509561	-0.0606742235	0.020047125	-0.0140280146	-0.0298542962	0.0501004549	0.0366946633	0.0509534841	-0.0041357857	-0.0185433739	-0.0337371909	-0.08028298099999999	-0.0377375977	-0.0069331808	0.028308207400000007	-0.00755454	-0.0153066902	-0.0058849976000000005	0.10821185119999999	-0.1462049968	-0.0080038147	-0.0187121692	0.0029586556	0.1445000443	-0.059637564299999994	0.0660745093	-0.0680901905	0.045522910800000004	-0.0440293208	-0.0101461372	-0.0707369349	-0.0034920112	0.012984016200000002	-0.029621603399999998	0.0224550096	0.1199718761	0.0375912127	0.0035275077000000007	0.0503532497	-0.0162627676	0.08358098559999999	0.029251703700000006	0.0666171737	-0.0496750556	0.0724555138	-0.012763045	0.035012727599999995	0.0418241404	-0.0417288715	-0.06151154	0.0078471923	0.1471433959	-0.151649891	-0.0489804221	0.0106133254	0.0741446117	-0.0587352933	-0.0145863079	0.1017453075	-0.1423551709	0.0252129172	-0.0452139626	-0.0499366112	-0.05797947	-0.0650650272	0.0159101702	0.024197526299999998	0.0584127996	0.0167560367	-0.0442621795	0.0343559782	0.0101385793	-0.0484035976	0.0283059802	-0.018068278700000003	0.1126489021	0.0166279796	-0.0640340401	0.022177360400000002	-0.012199739199999999	0.0264114187	-0.07667602009999999	-0.07050145570000001	0.0361364644	0.09128054740000001	0.0	-0.013692500000000002	0.005252999999999999	0.00018748455625000005	2.7594008999999988e-05	0.0906218	0.0342209	0.00821231063524	0.0011710699968099998	-0.184467	-0.02476400000000004	0.0006132556960000017	0.034028074089000014	0.00402042	-0.00011121999999999956	1.61637769764e-05	1.23698883999999e-08	-0.000619406	-1.5692999999999892e-05	2.462702489999966e-10	3.83663792836e-07	-0.000390809	0.0	0.0	1.52731674481e-07	0.0	0.0	0.0	0.0	0.0	0.0	0.0	0.0	0.0	0.0	0.0	0.0
6626.447127704581	6.479644848204772	41.985797358866634	43909801.53626429	5517.02245047422	-37.1139308068814	30437536.71903657	1377.4438599379807	4772.484555016171	10.529324581949368	22776608.8278679	110.86667615204323	4743.887399129788	8692.197400653029	1.047853	25.089918	0.06181451999999996	0.032634	0.052027248	-0.059564176399999995	0.0279594317	0.0159986195	-0.060745487699999996	-0.0370236994	-0.012878085800000001	0.0721493614	-0.0367301022	0.0632131792	0.06831979769999999	0.0019096285	-0.0025787864	0.0187706293	-0.0041116803	-0.042431571900000006	-0.029793339300000006	0.010410499699999999	-0.0773126825	-0.10640215019999999	0.058506380499999996	-0.0516751421	0.08259212839999999	0.005808158000000001	0.0049451682	0.0015584483	-0.053911875199999994	-0.0808377792	0.032915260099999996	0.0854742726	0.0144837226	-0.0583608679	0.047643271200000004	0.0009816411	-0.0184952274	-0.0516687043	0.0058400212	0.011086891000000001	0.0013543510999999998	-0.0255196303	0.040541621800000004	0.0689456301	0.0097771592	0.011869384699999999	0.0019654795	-0.07248466070000001	-0.0393922939	-0.11401376949999999	0.024444939199999998	0.0020819442	-0.0531637654	-0.106537739	-0.048708273200000006	0.0099466803	-0.1056991402	-0.0209615339	0.0339566763	-0.0019846107999999998	0.029741236400000006	0.0522814133	-0.0262270306	-0.0121940804	-0.07188210910000001	0.1122014728	-0.037164812799999995	0.1046020191	0.09054551429999999	-0.08495608199999999	-0.1145630461	0.0957739183	-0.0684768221	0.0137681227	0.0286534071	0.0222822292	0.08486067189999999	-0.028581178399999997	0.007036288199999999	-0.013055257399999999	-0.0799398683	0.1824248748	-0.0026935513	-0.0058639875	-0.0034994349	0.05023352440000002	-0.0750501104	0.043264061799999996	-0.0987968151	0.0363358635	0.1254859409	-0.10186143939999999	-0.0230584925	-0.025549306	0.046398376	-0.0791538034	-0.1351129625	0.0093837361	-0.030039155699999997	-0.0410527839	0.027084614	-0.0389655823	-0.0214112894	0.0585692271	0.12635210130000002	-0.0006197242	-0.0513070354	0.0836861078	0.0052449217	0.0074506284	-0.0007318191999999999	0.0078310936	0.09777821130000001	0.0495895234	0.0568768688	0.012082884399999999	-0.0585354698	-0.0385023783	0.0016216429	0.0092058261	-0.053218167000000004	-0.0449145201	0.0090430896	-0.022470408799999998	0.0206399668	-0.052346015999999995	-0.0135424277	0.0365646354	0.0116938718	0.0167420252	-0.09349990300000001	-0.0255830648	0.1190004462	-0.0279194661	0.064950294	-0.08994216390000001	0.031202236	-0.05452401900000002	-0.0136904288	0.061440344699999996	0.0057199995	0.0203724562	-0.0386903885	0.023731594900000003	-0.0851854782	0.0222124237	0.0148827729	-0.027541327999999997	0.09882130970000001	-0.052950045	-0.051268164500000005	0.0040353263	0.1773770778	-0.0623148885	-0.0585121922	0.0742158562	-0.0449450719	0.064328981	0.0062648605	-0.1258574981	-0.0765856175	0.051290234500000004	0.0301902805	0.09375554650000001	0.0468517955	0.1359670346	0.0238893131	0.07826209940000001	0.024557388	-0.0673367178	0.060047435499999996	0.0481396038	-0.10182430199999999	-0.1077109168	0.0445170598	-0.1465581786	-0.020997905	-0.0099703793	-0.0158931366	0.0896606898	0.0062918492000000005	-0.0201643973	-0.0029053165000000004	0.0008319238000000001	0.0449292295	0.0613123279	-0.1359870037	-0.10340424050000001	-0.035816143700000004	0.0252428406	-0.07799019459999999	-0.0681043441	0.0405617128	0.0903960694	0.0	-0.00568338	0.008009120000000002	3.23008082244e-05	6.414600317440003e-05	0.0626225	-0.027999300000000005	0.00392157750625	0.0007839608004900003	-0.173878	0.010589000000000015	0.00011212692100000032	0.030233558884	0.00410492	8.44999999999995e-05	1.6850368206399994e-05	7.1402499999999165e-09	-0.0004614930000000001	0.00015791299999999992	2.4936515568999972e-08	2.1297578904900005e-07	-0.00032888	6.192900000000001e-05	3.835201041000001e-09	1.081620544e-07	0.0	0.0	0.0	0.0	0.0	0.0	0.0	0.0	0.0	0.0	0.0	0.0
6612.6344197006665	-13.81270800391485	190.79090240141332	43726933.96860997	5549.438881116184	32.416430641964325	30796271.89524405	1050.8249755652837	4771.22862971902	-1.2559252971504975	22764622.63705044	1.5773483520225655	4742.984323026745	8637.266049415028	1.1218610000000002	26.861992	0.05678637999999999	0.0250496	0.074295961	-0.0658158751	0.053160113499999995	0.0258408873	0.058723510199999995	0.0508567833	-0.0399145453	0.131901694	0.0738618531	0.0370332048	0.062226553	0.006120986899999999	-0.0090005377	0.0687829579	0.033871467	-0.0677498503	-0.054271588899999994	-0.0517234198	0.013010051299999999	-0.0782448321	-0.15468661150000002	-0.0529088844	0.122015054	0.0340752169	-0.029565020299999998	0.0200467199	-0.0898156566	-0.0620317332	-0.1036011913	-0.019465920600000002	-0.044320510800000004	-0.0747624232	0.0015890414000000002	-0.0029465027000000004	0.055635298300000004	-0.0357488664	0.057567009	0.0673448749	-0.0650635014	-0.015028998200000001	0.0136423477	-0.172571702	0.0166094401	0.0358751076	0.0911638345	0.015608336	0.017981421299999998	-0.0442381085	-0.0519395713	0.0242310385	-0.192782575	0.0143317996	0.041848393	0.0030121079	-0.1966267854	-0.049925815	-0.012571939399999999	-0.083369681	-0.022674476000000002	-0.046877100899999996	0.045246809699999994	0.0880228203	-0.05260084860000002	0.07687458259999999	-0.1070381106	-0.0238348584	0.08580404890000001	-0.10643558560000001	0.0121180171	0.0458952214	0.0979516327	0.0917414047	0.0944627024	-0.009937041	-0.0644582209	0.1054544927	-0.026153867799999998	0.0099580892	-0.051805192300000004	0.0007164675999999999	3.4974899999999996e-05	-0.0596928929	-0.0005798131	0.014294018799999999	0.0531194292	0.057014028200000004	-0.0584071332	0.0042944265	-0.1032461353	0.0016144160999999998	0.0296815525	-0.0010471903	0.021098963999999998	0.013216675700000001	-0.0338305717	-0.1439238424	-0.0269976406	-0.0866633547	0.0637512574	-0.048817343	0.0336342534	-0.0469812581	-0.1383562386	0.0159626015	-0.05292481190000002	0.1225681843	0.033105290499999995	-0.023506587599999997	0.0308431997	-0.043799436	0.10543426300000001	-0.1109644065	0.0046314825	-0.0363772719	-0.07706379669999999	0.0017931857000000001	-0.0004749977	-0.0582163782	-0.0001507286	-0.0598718142	-0.0824402624	0.0085467636	-0.013191969199999999	0.038189532400000004	0.1609715011	-0.0367570086	-0.0732588933	0.09310690099999999	0.05054682059999999	0.0337793839	0.0537605341	0.0310736701	0.0976296834	-0.0330635875	-0.11012886570000001	-0.0810447077	0.1046151889	0.1287371149	0.0208996313	0.1175753027	-0.1146816474	0.026483800699999997	0.0163925111	0.0508704841	-0.08078716379999999	-0.0079196019	0.094022858	-0.0396940639	0.06767325240000001	-0.0087538848	0.1917963659	-0.0370914002	0.0019867372	-0.0936177236	0.051890360700000006	-0.11376439449999999	-0.0269642962	0.0105993794	0.0558151967	-0.0724728407	0.0717088789	0.0219546955	0.0717577108	0.0241982226	-0.0377366284	0.060485055999999995	-0.0414720709	-0.0442429527	0.0428301001	-0.0202607326	0.0752856995	-0.0326123388	-0.0349460622	0.0424071989	-0.0636943103	-0.0008850128	0.014779686	0.0132863904	0.1022149982	0.0553492386	0.0924027143	0.0136923493	0.0378810564	-0.0479344855	0.0666998136	0.0898525091	-0.0647639354	0.0240698272	-0.0792495569	-0.0655995455	0.044872952699999996	0.0891146434	0.0	0.0013481500000000006	0.007031530000000001	1.8175084225000015e-06	4.944241414090002e-05	0.0752272	0.012604699999999995	0.005659131619839999	0.0001588784620899999	-0.164797	0.009081000000000006	8.246456100000009e-05	0.027158051209	0.00383088	-0.0002740399999999997	1.46756415744e-05	7.509792159999982e-08	-0.00030295	0.00015854300000000006	2.513588284900001e-08	9.17787025e-08	-0.00045768	-0.00012880000000000004	1.6589440000000012e-08	2.0947098240000006e-07	0.0	0.0	0.0	0.0	0.0	0.0	0.0	0.0	0.0	0.0	0.0	0.0
6613.142208226739	0.5077885260725452	0.2578491872109279	43733649.86623003	5533.835058404178	-15.60382271200615	30623330.453623176	243.4792832277189	4765.0560845455875	-6.172545173432809	22705759.488864925	38.100313918068665	4736.924355695437	8546.134554326674	1.815879	43.479637	0.13362629000000004	0.06652430000000001	0.1003713926	-0.1379371833	0.0208217185	0.0166272095	0.050280243499999995	0.0039774178	-0.0569922467	0.0821824974	0.0718621504	0.0052184148	-0.0806605091	-0.0306647887	0.0742712445	-0.0586502401	0.0197378689	-0.1249568658	-0.06956946809999999	0.0596623545	-0.032042056299999996	-0.049439688200000005	0.0665973246	-0.0052382132	0.10792982710000001	0.0393210098	0.055043960999999995	-0.0393661162	-0.1265183622	-0.0021804752	-0.0483742909	0.0543840054	-0.0403342352	-0.0006672175	0.1276150709	-0.017842356599999998	-0.0644492852	-0.0209617221	0.08714044619999999	-0.050337651	-0.0516675771	0.0773824775	0.0226705769	-0.0319078018	0.2004106135	-0.0309232015	-0.0041307996	0.1488083058	-0.08691984289999999	0.0070359892	-0.0237030243	-0.0645307787	-0.041979639000000006	0.0003706961	-0.009266309	0.1299377567	-0.0611390912	-0.1001074289	-0.10529047789999996	0.0990918872	0.033199472599999995	0.0004881619	-0.1390219348	0.048315017	-0.1390755541	-0.10335385789999996	-0.0028405505	0.1262784404	-0.1788216528	0.0964428574	-0.0217174064	-0.0019823329999999998	-0.0413474331	-0.1025769917	0.0743708796	-0.0623148225	0.053989565999999996	0.0016855318	0.06392098709999999	0.0935480184	-0.011152428999999998	0.0950489329	-0.0320112526	-0.0322394362	0.0350264569	0.10738847970000001	-0.0180527263	-0.0047566495	-0.0599135411	-0.029337044500000006	0.042942277300000005	0.0300758815	0.11887140289999999	-0.0397414554	0.0424143418	0.030057205400000002	0.023249899900000003	0.0156692955	0.022020169300000003	-0.1457241193	0.04717846269999999	0.1037092666	0.036735298199999995	-0.0615926667	0.051596221100000006	0.0641959237	-0.0034976593	0.1107634909	0.031634222000000004	0.049308489500000004	-0.0443996147	-0.10164738960000001	0.071556567	-0.0403653945	0.0612679477	-0.0374613368	-0.0109278975	-0.1384273176	0.0213053004	0.0818560038	0.0074968728	-0.0765629248	0.0458168625	0.09051551960000001	-0.0714690289	-0.0220589233	-0.0252238456	-0.0221081841	-0.17001057690000002	-0.0541019566	0.061437826699999996	-0.1626635856	-0.0658817803	0.025132124	-0.008264801899999999	0.0032884763	-0.1039504753	-0.0946803027	-0.0685228712	0.13553638869999998	0.11856357320000001	0.0643027575	0.1508339241	0.020951116699999998	-0.0001510757	-0.1057654993	0.0666239566	0.0584612867	-0.1023699253	-0.17230635379999998	-0.04588959	0.06810322690000001	-0.0186271238	0.0851111783	-0.0128622174	0.0920225579	-0.1179078643	-0.0398766867	0.0382088409	-0.10673080730000001	-0.0083915892	0.0250168994	0.0742297851	0.0554390134	-0.0374482623	0.0875950258	0.0081829099	0.0575926471	-0.043591106	-0.0049743893	0.0030004369	0.0556485161	0.029049472000000007	-0.0422747259	-0.0312343301	-0.0157752067	-0.020564501000000002	0.18192552239999998	-0.0319294249	-0.0512745877	-0.046180528	-0.0555638046	0.1558627528	0.11655104849999999	-0.1041552458	0.031865691099999996	0.0509064151	-0.0192166495	0.06903310139999999	0.0228925844	-0.0804532217	-0.0629910206	0.049058066100000006	0.08744189640000001	0.0	-0.0094859	-0.01083405	8.998229881000001e-05	0.00011737663940250004	0.0759992	0.0007720000000000088	0.00577587840064	5.959840000000135e-07	-0.121193	0.04360399999999999	0.0019013088159999991	0.014687743249000003	0.00477781	0.0009469300000000003	2.2827468396100006e-05	8.966764249000006e-07	-5.99381e-05	0.0002430119	5.9054783541610014e-08	3.59257583161e-09	-7.92971e-05	0.0003783829	1.4317361901241002e-07	6.288030068410001e-09	0.0	0.0	0.0	0.0	0.0	0.0	0.0	1.0	0.0	0.0	0.0	0.0
6627.764997168163	14.622788941424005	213.8259564254322	43927268.8576875	5565.769065182383	31.934006778205003	30977785.28694118	1019.7807889104432	4765.932439807173	0.8763552615855588	22714112.020806354	0.7679985445086931	4738.522983117084	8617.377087325041	1.502364	35.97280900000001	0.23510789000000004	0.11172	0.0803013105	-0.10568289410000001	0.0041295843	0.0983778846	0.1173933593	-0.045857448499999995	-0.0328708304	0.030971339700000006	-0.0318945948	0.0540033733	-0.1053502618	-0.035521542	-0.0363212963	-0.0279027545	0.1188711741	-0.040080186600000005	-0.0148246701	0.0393588016	0.0219367317	-0.0414902267	-0.1835896506	0.0133810896	0.0811044919	0.0969334099	-0.0883330302	0.020707193999999998	0.0114893674	0.0655289097	-0.1047262959	0.010526125400000001	0.047343808099999996	-0.007080733000000001	0.0343506581	-0.057760015	-0.020546104	0.07001334299999999	0.0044306043	-0.0705010954	-0.0779643716	0.0273446231	-0.1434782626	0.11771572970000001	0.1366959906	-0.0308275169	0.0279246525	0.2033268359	-0.0382337979	-0.0327992096	0.0203894909	-0.0653967549	0.0424618184	0.07573924480000001	0.0406352401	0.06655667929999999	-0.15490927880000002	0.22869915940000002	-0.0632435988	-0.014745978799999997	-0.0905512723	-0.0013690395	-0.0429555447	0.17275955910000002	0.049678559000000004	0.0403312569	0.0589887273	0.0581479015	0.045219941799999996	-0.042236463700000004	-0.0809198839	-0.048303213600000006	-0.1134326428	-0.0337382619	-0.0487796768	0.0508263551	0.0140603006	-0.0979281548	-0.060185232699999994	-0.1186711644	0.0038705945	-0.0308543713	0.0759298024	0.0843709027	-0.124010346	-0.06863162860000001	0.0153141827	0.1134923988	0.0500545619	0.0023160458	0.0980099377	0.0556871921	-0.0390089004	-0.0810483639	-0.0180489491	0.0106466608	0.0730097724	-0.08913554259999999	0.0161368981	0.051391926399999996	0.0505526547	0.0715507741	-0.1180820964	0.0794469156	0.033506826	0.1040709052	0.0131653757	0.08079976559999999	0.09793601119999999	-0.08496050570000001	0.0271335544	-0.0220895125	-0.061710367599999996	-0.0825340539	0.0267228072	0.0602792958	-0.0202955712	-0.045477768700000004	0.0697536049	0.0326388086	0.0727314779	0.0310685399	0.0487166584	0.1349118659	-0.0325509485	0.10014694810000001	-0.1638294721	-0.0077036081	-0.0745047274	-0.0374364864	0.11583029289999999	-0.16215210019999998	0.0081218222	0.0191357952	-0.0974556382	-0.003021485	-0.021027116600000003	-0.024017032599999998	-0.0175601825	0.0725585443	-0.265538577	0.14482748550000002	-0.035376354900000004	0.0597252072	0.0726080251	0.0453950925	-0.061017310899999996	0.1143208968	0.0938364244	-0.04537752230000002	-0.0009481332	-0.0600481592	-0.005796905	-0.0317666078	-0.0011143204	0.1025799473	-0.0444690025	0.0787457924	-0.06460680349999999	-0.014157006100000001	0.014926180800000001	0.0705372971	-0.1478074881	0.006986757099999999	0.0349566892	-0.0404838347	0.0364868484	-0.0101863058	0.1075351715	-0.1209075124	-0.0033674826	-0.1516855154	-0.0215087296	-0.0118961572	0.1204658838	0.0838184234	0.019794559	-0.0026507768	0.0904668258	-0.0419641714	0.0653853546	0.010625948100000001	-0.08892962480000001	0.0633987446	-0.0282017768	0.0539171842	-0.1069510935	0.0035194548	0.1271522694	0.0217113192	-0.0816003433	-0.060282893899999995	0.053105289900000005	0.0853851737	0.0	-0.0337717	-0.024285800000000003	0.0011405277208900002	0.0005898000816400001	0.0847465	0.0087473	0.007181969262249999	7.651525729000001e-05	-0.175534	-0.05434099999999999	0.0029529442809999983	0.030812185156	0.00322149	-0.0015563200000000006	1.03779978201e-05	2.4221319424000013e-06	-0.000448551	-0.0003886129	1.5101998604640998e-07	2.01197999601e-07	-0.00108904	-0.0010097429000000002	1.0195807241004104e-06	1.1860081216000003e-06	0.0	0.0	0.0	0.0	0.0	0.0	0.0	0.0	1.0	0.0	0.0	0.0
6667.604656501314	39.83965933315085	1587.1984557815133	44456951.85539801	5551.825107628737	-13.943957553646214	30822762.02569684	194.4339522578873	4769.371202455099	3.4387626479256137	22746901.666807994	11.82508854876838	4741.141294751706	8923.364006465259	1.854338	44.40052	0.2161305	0.127746	-0.003138696	0.1067324372	-0.0275884952	0.09337991039999999	-0.0650444894	-0.1052313937	0.0541923003	-0.0325063086	0.0006332721	-0.0339091655	-0.10324121289999999	0.10744596099999999	-0.0651375177	-0.0730308977	-0.013205858700000002	0.0986841178	-0.0861534048	-0.0055326268999999996	-0.0913098288	-0.026670695499999997	-0.0675593536	-0.009992806	-0.0951939006	0.1495902807	-0.0340538461	-0.0076989373	0.0941180876	0.0180365694	-0.0466522537	0.0412439123	0.0359140181	0.0686716729	-0.0317608083	0.022299354900000002	-0.0203621388	-0.0740642801	0.0931312341	-0.08634717039999999	-0.0297738074	-0.0527521968	-0.0515732698	0.034663381800000004	-0.0414574827	0.0637222326	-0.0121877283	0.09931137609999999	-0.0022184114999999997	0.0979000916	-0.0636748124	0.0040751295	-0.055520783600000005	-0.0177730038	0.027798343599999997	0.022101985	-0.12001677919999999	-0.0716635369	-0.037898297000000004	0.015539482	-0.06744732440000001	-0.031891517599999995	0.1338225454	-0.1721485134	0.0949246841	0.0388681382	0.0339202954	0.0568037741	-0.0185028816	-0.0117749095	-0.08727538359999999	-0.0152475364	-0.0811810162	-0.0643152031	0.014766121200000001	-0.015413903500000001	-0.028468234	0.0120142421	0.1408785978	0.1277827594	-0.0604053461	-0.1101971427	-0.0735081338	-0.2455402907	-0.0661476456	0.0160292177	0.0183161302	-0.059684684400000014	0.0214892532	0.05185561599999999	0.0597944938	0.0124258783	0.0460665124	0.1148190681	-0.0100777661	0.047676378600000006	0.09345540109999999	-0.035748416400000003	-0.0031969407	-0.0124489164	0.0732702003	-0.048903208499999996	0.1008631059	-0.0860474099	0.0491871163	-0.0031339963	-0.0097402879	-0.0910136107	0.1536829012	-0.0255659994	-0.006819033	0.0712224481	-0.0774328903	-0.030082283199999997	0.0610871931	0.0396472298	0.06600115940000001	0.0294267254	-0.0118213401	0.0213392665	-0.0115713699	-0.12102548	0.073423741	0.0356660897	0.0300722494	0.0743660893	-0.0349654767	0.0298647732	0.050790044900000005	0.0422264487	0.0581986238	-0.0349067443	-0.1147776495	0.0270275373	-0.001224192	-0.0207072446	-0.0150793019	-0.0500877341	0.036367408999999996	0.1190253101	0.056844933099999995	0.07200120809999999	-0.014067838300000001	-0.033261178599999996	0.0436740177	0.10364626130000001	-0.0057176883999999996	-0.08618176150000001	0.0423584651	0.17115481800000001	-0.13251941539999998	0.0013280613	0.0245010818	0.08838600619999999	-0.006553519	0.0549682064	-0.053758352300000006	0.0543411062	0.10525017880000001	0.048733410199999994	-0.09615095650000001	0.0358230489	0.2092696782	-0.0548969667	0.030562263	0.008298319699999999	-0.1630568758	0.0729343716	-0.0639766485	0.0313792932	-0.0836038175	-0.0340388947	-0.08288075730000001	-0.0062559953	-0.026144234500000002	0.1087846774	0.0083248597	0.0005944923000000001	-0.0621151294	-0.09754537419999999	-0.008766017099999999	-0.0262422837	0.0760244514	0.0520828847	0.0411633861	0.0363609348	0.1141931427	-0.0186082368	-0.0384888256	0.0205262391	-0.0826901155	-0.0574794475	0.0570032484	0.082953507	0.0	-0.039091	-0.005319299999999999	0.001528106281	2.829495248999999e-05	0.0205917	-0.0641548	0.0004240181088900001	0.00411583836304	-0.277528	-0.101994	0.010402776036	0.077021790784	0.00375272	0.0005312300000000002	1.40829073984e-05	2.8220531290000017e-07	-0.0004001430000000001	4.8407999999999954e-05	2.343334463999995e-09	1.6011442044900006e-07	-0.00140265	-0.00031361	9.835123209999998e-08	1.9674270225e-06	0.0	0.0	0.0	0.0	0.0	0.0	0.0	0.0	0.0	1.0	0.0	0.0
6700.561833025289	32.95717652397525	1086.1754844324653	44897528.878195226	5534.342012294908	-17.483095333828715	30628941.50905245	305.6586224517434	4784.2062992589445	14.835096803845772	22888629.913868964	220.08009717947502	4756.086401399708	9279.698765408051	1.407917	33.711349	0.09998542999999996	0.0484126	-0.0975667527	0.06896808980000001	0.022890417200000002	0.0491675321	-0.14167529939999998	-0.0917488416	0.0268936977	-0.0316857871	-0.0184847171	0.0628962075	0.0351919885	0.11168197490000001	-0.0661944103	0.002198443	-0.0406429428	0.1405469165	-0.0769386475	-0.0146187125	-0.10622085519999999	-0.1795337174	0.08038692559999999	-0.1040858732	-0.10865216789999999	0.0226883194	-0.0053034275	0.056630541799999996	0.1700905218	-0.0838999041	0.0929371916	0.046515395300000005	0.0361297695	-0.0278803089	-0.0266161668	0.0066456868999999995	-0.0373349908	-0.1114010817	0.0963461817	-0.0217514618	-0.0441646741	0.0872429768	0.036767539	-0.0485573075	0.022908804700000004	-0.07735597030000001	0.1120274594	-0.047206367	-0.11217906009999999	-0.0377725697	-0.0262675124	0.0389165438	0.0619068084	0.0633273759	0.045958679	0.0027931643	-0.0024639404	0.0524604708	0.1090285648	-0.1002589105	0.1357958716	-0.051231965899999996	-0.12915205429999999	-0.0867771366	-0.0410808048	-0.0706159136	-0.0457097962	0.0042997927	-0.023412999900000002	-0.1147087313	-0.12417642820000001	0.0255311177	-0.0358781313	0.0600204816	-0.035180293700000004	0.0772076382	-0.0854739462	0.0572054454	0.1055349363	-0.0249980077	0.0246458661	-0.0303446073	0.0108229826	0.062043130700000004	-0.0597623611	0.0301559504	0.1554267333	0.0261612327	0.005745335	-0.0032075569	-0.060533665300000004	0.046037651900000004	0.10734800380000001	0.0089916319	-0.0499285779	0.0716852341	0.0384413364	-0.1267189078	-0.1362526837	0.0195211409	0.08914195650000001	-0.059146853099999994	0.0143392997	0.0207207731	0.0226441085	0.1254959169	-0.1035872943	-0.10552039279999999	0.0240399538	0.0123684065	0.0684328553	0.18501816350000005	-0.0376047979	0.1068475753	0.0074273787	0.0314094397	-0.0363466343	0.0217861605	-0.00704861	0.06096339200000001	-0.0643099243	-0.1186612082	0.0195611688	0.0656863822	-0.09575235380000001	-0.0315517333	0.0575722809	-0.1396357916	-0.0558621322	0.014145579299999999	-0.0986260008	-0.0468573727	0.0353841206	0.0481263953	-0.0194068474	0.0394418513	0.0225512755	0.0203286354	0.0698311814	0.0038925518	-0.0863076596	-0.0812401431	-0.0881181607	-0.0553042019	-0.12036648359999999	-0.1305798414	0.0651337338	0.0553869375	-0.06861543070000001	0.0073365766	-0.0614858324	0.044019691	0.1705464167	-0.0474203646	0.0036386646999999996	0.09042120880000001	0.0239551806	0.0159262219	-0.023227179700000003	0.05901988110000001	-0.0665252059	-0.1480976758	0.023212922900000002	-0.0465121832	0.0262378852	-0.015070146599999999	0.0229919857	0.0142562626	0.0990933633	0.0107008691	-0.0015008702	-0.053198126299999995	0.1512390837	-0.049204571600000004	-0.0351525775	0.1367123688	0.027914059900000003	0.053785748	-0.0120916986	-0.079603149	0.14756567810000001	-0.1056937082	-0.0010512949	-0.022331639700000003	0.0572149283	0.06816039759999999	0.0701106178	0.0075665406	0.0911568119	0.0193375523	-0.0837217722	-0.054585114299999994	0.0607409853	0.0801575741	0.0	-0.049074	-0.009983	0.002408257476	9.966028899999996e-05	0.00982217	-0.01076953	9.64750235089e-05	0.00011598277642090005	-0.301743	-0.024214999999999987	0.0005863662249999994	0.091048838049	0.0042565	0.0005037799999999997	1.811779225e-05	2.5379428839999965e-07	-0.0009321310000000002	-0.0005319880000000002	2.8301123214400017e-07	8.688682011610004e-07	-0.00146724	-6.459e-05	4.1718681e-09	2.1527932176000003e-06	0.0	0.0	0.0	0.0	0.0	0.0	0.0	0.0	0.0	0.0	0.0	0.0
6677.536545789218	-23.025287236071566	530.1638523036	44589494.3203506	5539.895337845252	5.553325550343288	30690440.354279555	30.839424668095585	4788.483921819346	4.2776225604011415	22929578.26952238	18.29805476925282	4760.8101926109275	9340.384209774775	1.267921	30.359266	0.09276797000000002	0.050318	-0.1053852335	0.0791214393	0.1104176467	-0.0492318084	0.0107735754	0.0892184634	-0.07565219690000001	-0.0315969881	0.1490621217	0.04468888	0.048887611500000004	0.12100169570000001	0.0195277513	0.0298525859	0.0193851736	0.10301422699999999	0.045137308499999994	-0.02665431	-0.021129531200000003	0.042904799400000006	0.0636502971	-0.1656666206	-0.07888666009999999	0.0274059143	0.0515470898	0.0057762188	0.0365455228	-0.0012914528	-0.0761759208	-0.043266460199999995	-0.0300028187	-0.0140678185	-0.10658959380000001	-0.1386404027	-0.013014598200000001	0.0220233658	-0.0877502514	0.0070718047	-0.060208498	0.0229910533	-0.0012130446000000001	-0.0813426842	-0.0215876662	-0.0012223719	-0.0616245526	0.0152893605	-0.0701307593	0.1084730835	0.0179856575	-0.0255902779	0.0382149967	0.008929865	0.0327222911	0.0348045573	0.08945980529999999	0.055594211	0.0028562225	-0.0045305726	0.0952525541	0.0143417671	0.0847289366	-0.0908136682	-0.0687020845	-0.049453683	-0.09667813210000001	-0.0120387523	-0.0528384567	0.0612998101	0.006804461600000001	-0.0021284958	-0.08946954369999999	0.0846551258	-0.0752571983	-0.0221649439	0.1292990647	0.0450452308	0.00117002	0.0694319129	0.050216363099999994	-0.0369268298	0.070553422	0.029655256600000002	0.1143835172	-0.0157713261	-0.0080574706	0.008703717	0.010711601599999999	0.1022068937	-0.1027094225	-0.0949758281	-0.0005099475	0.0005630388	-0.0225944532	0.044825291100000005	-0.1679632481	0.0133119526	0.0307038731	0.1334912323	-0.07940683009999999	0.0089347113	0.0515945704	0.0394343094	0.0317804374	0.0906051972	-0.1661082162	-0.0790803403	0.0233258992	0.0659362479	0.0096399713	0.027567141400000002	-0.0184599103	-0.0833113738	-0.023039845099999998	-0.0217974654	-0.0199838144	0.0912840343	0.14092472	0.0275466926	-0.033104746000000004	0.0909212414	-0.0168382399	0.0526970249	-0.0114761738	0.0123398466	0.0828349507	0.0259458293	-0.010443879	-0.023872648399999998	-0.0284660525	-0.027194676299999998	-0.12828604970000002	-0.033819847400000005	-0.0398687582	0.044024141399999994	-0.0028435212	-0.0113634552	-0.0043033076	-0.0604188213	-0.021929820299999996	-0.039439885699999996	-0.0296077041	-0.1516644624	-0.0253751525	0.017008661100000003	0.0279544239	-0.1031254777	-0.13451488179999999	-0.0432224504	0.0191714504	0.0175341343	-0.0374803536	0.0074075745	-0.027306070499999998	0.10690748650000001	0.1084964928	0.035519325899999996	-0.033967918300000004	-0.0659589297	0.0509918459	-0.015430727	0.0140227966	-0.023723040299999998	-0.1225115743	-0.06647435900000001	-0.0006127122	-0.0194524648	-0.020191636399999997	-0.0079877177	0.0712428288	-0.007268816999999999	0.002931908	0.0158729625	-0.19163059489999998	-0.09771391730000001	-0.0145442813	-0.0166399941	-0.1193889751	0.0699049631	0.0501089317	0.06971265230000001	-0.123987562	-0.059422638099999994	-0.005410231	0.007640774300000002	0.056414646799999996	-0.0418162386	0.0584068436	0.0181454677	-0.08469458839999999	-0.0516044709	0.0643079948	0.0770096525	0.0	-0.0461362	0.0029378000000000047	0.00212854895044	8.630668840000025e-06	-0.019378	-0.02920017	0.000375506884	0.0008526499280288997	-0.315607	-0.013864000000000043	0.0001922104960000012	0.099607778449	0.00492558	0.0006690799999999997	2.42613383364e-05	4.476680463999998e-07	-0.000789361	0.00014277000000000018	2.0383272900000047e-08	6.23090788321e-07	-0.00159071	-0.00012346999999999987	1.5244840899999966e-08	2.5303583041e-06	0.0	0.0	0.0	0.0	0.0	0.0	0.0	0.0	0.0	0.0	0.0	0.0
6654.014038262915	-23.522507526302434	553.3083603249546	44275902.82139995	5547.104440216127	7.20910237087537	30770367.670665476	51.97115699376089	4784.178937787973	-4.304984031372442	22888368.10877406	18.53288751037172	4756.476534705781	9096.35830799093	1.436167	34.38776	0.21248605	0.101901	-0.0410838017	0.10711197509999999	0.061986646	-0.1581538273	0.108777851	0.1425519595	-0.0935894499	-0.1431150195	0.0531147254	-0.08354025400000001	-0.1333547728	0.0187938856	0.1062705573	-0.0108768249	-0.0387869889	0.1438469012	-0.0310388768	-0.0173346348	-0.0237841944	0.09852625470000001	-0.0732078994	-0.1403262402	-0.1128302054	0.0192125784	0.021531706400000003	-0.1273222802	-0.0139569355	0.1476811135	-0.0051905378000000005	-0.006053637299999999	-0.17557925510000005	0.012851567099999999	0.018812182	-0.0361190796	0.0781853339	-0.0639660614	-0.0175064046	0.1666957718	-0.0330027733	0.117499539	0.0933882159	0.004607233	-0.0354897223	-0.0588064606	-0.0521436914	0.0300391147	-0.004036685999999999	0.0612757897	0.0270290179	-0.0720400574	0.06747846730000001	0.0002920793	0.0120035028	0.0042265456	0.018798031899999998	-0.0612213387	0.0707910866	-0.0382317821	0.0714962	0.0392621443	0.127670716	0.0677714128	0.0155135636	0.023092739100000002	0.0551510068	0.1068308883	0.0505872218	-0.1035790266	0.1019453808	-0.010593014199999999	0.0163750301	-0.0017591324	0.0038021543	0.049915490599999994	0.0666271469	-0.022583379	-0.0203947596	-0.0488067746	-0.024000098199999997	0.008480376	0.06434374179999999	0.0078093053	-0.0012317816000000001	0.0465888971	-0.0207182331	0.0314140531	-0.0174727374	-0.0033731921	-0.025092999100000003	0.1027034158	0.058659481799999996	-0.078046997	0.0672099514	-0.04206557599999999	-0.020326181699999998	-0.0166299805	0.034175865699999995	-0.0174985709	0.048102334000000004	-0.0920848925	-0.0341436326	-0.041084317	0.0171973786	-0.0175739616	-0.1410250522	-0.1136666611	0.0212535198	0.0051854197	-0.1319871734	-0.08529562140000001	-0.09724101310000001	-0.0217220978	-0.016306504	-0.1775783257	0.0165065942	-0.0238149953	0.0155544037	-0.0868767712	-0.0765305162	-0.0034401335	-0.1756564978	0.033461571600000004	-0.07846384690000001	-0.1257674843	0.0174637639	-0.0110303118	0.0295254991	-0.0706818164	0.0273377715	-0.0042345462	-0.069709838	-0.0412883562	-0.08813306259999999	-0.015749186499999998	0.017345579	0.012863011200000002	0.0188588552	-0.022908092400000003	0.0415189617	-0.0777756013	-0.057115895599999994	-0.057013084900000004	-0.0465603405	0.0887207137	-0.12604183	0.0120824566	0.027334174300000003	-0.0566070242	-0.0977524102	-0.0394887659	-0.013040705	-0.0534680191	0.0777323788	-0.06886768559999999	-0.0140817169	0.0053163318999999995	-0.09513806080000001	-0.048786460999999996	0.0088185893	0.050252511900000005	-0.04252731	0.0133581838	-0.006622029200000001	-0.0331630804	0.023544860299999998	0.0633757631	0.0110319631	-0.052311086	0.0174687733	0.0084796071	0.011976913300000001	0.0181123722	0.0055253123	0.023274434500000003	-0.0944722949	0.1018272502	0.0720169277	0.07008945700000001	-0.0118224904	0.0164959141	0.019666418600000003	-0.0058189436	0.0716577124	0.052347874800000006	-0.0249628111	0.029321322900000002	-0.08426844630000001	0.0169501947	-0.08560788050000001	-0.048542230199999994	0.067694251	0.0735235656	0.0	-0.0156592	0.030476999999999994	0.00024521054464000003	0.0009288475289999996	-0.0298207	-0.010442700000000001	0.0008892741484899998	0.00010904998328999998	-0.377968	-0.06236099999999994	0.003888894320999993	0.14285980902399995	0.00570755	0.0007819699999999999	3.25761270025e-05	6.114770808999998e-07	0.000181586	0.000970947	9.42738076809e-07	3.2973475395999996e-08	-0.00115952	0.00043118999999999986	1.8592481609999996e-07	1.3444866304e-06	0.0	0.0	0.0	0.0	0.0	0.0	0.0	0.0	0.0	0.0	0.0	0.0
6630.4069563384555	-23.60708192445964	557.2943169881488	43962296.40666138	5506.674867430354	-40.42957278577251	30323468.09558911	1634.550355640077	4767.892444437573	-16.286493350399727	22732798.3617249	265.2498656526144	4740.171221586451	8880.588604528048	1.325061	31.727446	0.11465733000000004	0.064027	0.0101064637	0.1325886618	0.0048251991	-0.1108257915	-0.0427966529	0.044880785199999995	0.1305805972	-0.1881592704	-0.08820341279999999	-0.0284799443	-0.0056820659999999995	-0.056353984100000004	0.1249165607	0.09456143970000001	-0.0410959975	0.1198147783	-0.0710308617	-0.1348671517	-0.028761646600000006	-0.0246043849	-0.09617455609999999	-0.025362352799999998	-0.0833689668	0.058280728899999995	0.0229657293	-0.1166290739	-0.0694212256	0.0369592584	0.1270162144	0.0381695044	-0.122982946	0.040111886400000005	-0.0423257703	-0.059066686500000014	0.13543924699999998	-0.0318798922	-0.0625849871	0.1656985769	0.0053684066	0.057086167199999996	0.1023755208	-0.0067932727	-0.021719802200000003	0.031012475	-0.085224211	0.0586737579	0.0317578345	-0.0882711376	-0.020781324099999998	0.058548280999999994	-0.046839543899999996	0.0083884513	-0.0413905133	0.011114421299999998	0.10436317980000001	0.0678989184	0.046184559800000004	0.014659871299999997	-0.0460228696	-0.0606830982	-0.0362324698	0.11608113490000001	0.0585407735	0.0535013342	0.0364624714	-0.0101197023	0.0852036279	0.1078829392	-0.012725641499999999	-0.14113157070000001	0.0143073374	0.023083984900000003	-0.037190973700000005	0.0842838861	-0.0557523221	0.022737689199999998	0.0160661431	0.018993650900000002	0.0347432776	-0.07388126190000001	0.0738505993	0.1214604532	0.0392097767	-0.0035854945	-0.043014139900000005	-0.0323429329	0.0064551115	0.1384386779	0.0768457361	-0.0458035438	0.0653157842	-0.0684705211	0.0411740647	0.0326615097	0.0518197983	0.0038832525	-0.0107803068	0.011555408400000002	-0.0653244901	0.0150668998	0.029784832200000007	0.09544334130000001	-0.0102060062	0.0254059671	-0.025267459	-0.0834415965	0.0586049592	0.0039831483	-0.123755233	-0.0759168031	0.0193296613	0.1239880033	0.008576261	-0.13397086460000002	0.0457598272	0.041413813199999996	0.0421591813	-0.13139255689999998	-0.0794919938	0.036818283199999996	-0.1576418233	-0.0143137478	-0.0199218841	-0.1284953311	0.021764390800000002	0.0613062315	0.0038234913	0.0117665203	0.0523620447	-0.0641831284	0.0266133067	0.0203514551	0.09094366029999999	0.0424685313	-0.0408534444	0.051302368499999994	-0.0652384871	-0.0646967556	-0.0694713183	-0.058677596100000014	0.0082419724	0.0009388225	0.0683616567	-0.056580100599999995	-0.0675773039	0.024125921600000003	0.0747544592	-0.024649534	0.08960036460000001	-0.10750734869999999	-0.0887527639	0.06808860530000001	-0.0326926347	-0.0098760028	0.044010666399999995	0.0395825721	-0.0335305999	0.07105145410000001	-0.0821128134	-0.0683271202	-0.0266757942	-0.010479006899999999	-0.0214438641	-0.0758286387	0.1276188239	-0.026387389900000002	0.016298069499999998	-0.0544695649	0.0736967199	-0.0012102848	-0.1489790441	-0.0204855236	-0.045526862800000005	0.057939616299999996	-0.0174354819	0.048340937800000004	0.0069513548	-0.0996363026	0.0037257991999999998	0.0084496562	-0.0655882424	-0.062303473	0.0086245969	-0.0305845421	-0.042638805	-0.0695742835	0.0275289076	0.0157519435	-0.0864610066	-0.045403234199999996	0.070890236	0.0697146213	0.0	-0.0303001	-0.014640899999999997	0.0009180960600099998	0.00021435595280999982	0.0182344	0.048055099999999996	0.00033249334336000005	0.0023092926360100004	-0.377743	0.0002249999999999752	5.062499999998885e-08	0.142689774049	0.00653501	0.0008274600000000002	4.27063557001e-05	6.846900516000007e-07	8.51094e-05	-9.64766e-05	9.307734347559998e-09	7.243609968360001e-09	-0.00127031	-0.00011078999999999992	1.2274424099999986e-08	1.6136874961e-06	0.0	0.0	0.0	0.0	0.0	0.0	0.0	0.0	0.0	0.0	0.0	0.0
6632.117124038595	1.710167700139209	2.924673562599432	43984977.54696597	5533.72467328281	27.049805852455396	30622108.75969894	731.6919966555299	4761.016270325476	-6.876174112097032	22667275.92630391	47.28177041987342	4733.753235243354	8873.089328018517	1.237951	29.64167	0.13295871999999995	0.0703256	0.0205524202	0.1133403234	0.0303445814	-0.0034493367999999997	-0.0328643357	0.06011111650000001	0.1675510866	-0.0544998621	-0.0423930895	0.0008346544	-0.0193173099	0.05155968599999999	0.0094408605	0.0312365008	0.0313758487	0.09787299880000001	0.007438798199999998	-0.1151514167	0.1760629128	0.0610088457	-0.1420251239	0.0409843757	-0.1335898777	0.0152494613	-0.0375511359	0.08417750480000001	-0.0810454124	0.0884179675	0.0042668782	0.0323333754	-0.1762721767	0.0187783059	-0.0592412039	0.020627631299999998	0.136349983	-0.050675761	0.0104000666	0.12334153949999999	0.0431043012	0.0182772983	0.0119279647	-0.0353337465	0.0319394749	0.049107599	0.074684268	0.07788623559999999	0.0165475873	-0.018998246200000003	-0.0365403214	0.08678307689999999	0.0789830527	0.0326987699	-0.0377406706	0.0476901759	0.014698975100000001	-0.0755723151	-0.011837109699999999	-0.0492987346	0.1198233513	0.0420279784	-0.0748774351	0.0211589911	-0.006270330699999999	0.0405046703	0.0939582552	-0.027783181	-0.029494421099999998	-0.0897109314	-0.025321500499999997	0.0075723553	0.0486869743	0.0778068113	-0.130733615	-0.092890696	0.0007678583000000001	0.059590541799999994	-0.09596842	0.045433471100000004	-0.040370982799999997	-0.0254008981	0.0021044289	0.0440804126	0.02393746	-0.0779166236	-0.0354993582	-0.022304591000000002	-0.0821109787	0.06706983400000001	0.0512588075	0.0487847875	-0.0895202856	-0.04720770480000002	-0.0624471567	-0.0511599688	-0.0648070842	-0.15259760949999998	0.0868049987	0.0681468808	-0.06307262849999999	0.024386094900000002	0.0426776304	-0.0170110667	-0.0193381994	0.0328683796	0.040678976400000004	-0.1351570419	0.021014454900000003	-0.0420857801	0.0839502255	-0.1146443043	-0.019803874	0.0023546416	0.030617871600000002	-0.1711085655	0.036639178	0.0532724464	-0.0298535818	-0.1280803342	-0.0394700898	-0.016243823799999998	-0.1154282264	-0.0422240968	-0.042746262300000004	-0.007283561899999998	-0.0128731551	-0.055778413799999996	-0.0775465238	0.066740361	0.0860639483	-0.043966341799999996	-0.0065982370999999995	0.0316176329	-0.0003644008	0.0939256767	0.0596878484	0.040565034	-0.0380922608	0.0006029923	0.021298556099999998	-0.0228850182	-0.0291924888	-0.0035664838	-0.1505368651	-0.0249586111	0.0046691312	0.1337141027	0.0204248055	-0.0171857729	-0.0677378759	0.050723505999999995	0.042363216399999994	-0.0026331806	0.0150295778	-0.0728221731	0.12143660449999999	0.0443914901	0.0852429486	-0.0489508225	0.1047889044	-0.0264483221	0.031853146	0.0373707785	-0.0044774853	-0.0512541521	0.0189118957	-0.0052152938000000005	-0.0152747807	-0.047636854299999996	0.1230663714	0.0070097473	-0.0640190478	0.07597893879999999	0.0405949925	0.0053234152	0.0493382673	-0.0418440633	0.0773629162	0.07415576509999999	0.1176385212	0.0707126862	-0.0914861835	-0.0267804427	-0.053832747400000006	-0.0080697068	0.0186032946	-0.0130755223	0.0179858788	0.0145509244	-0.0872533671	-0.0421924464	0.0738869668	0.0655995455	0.0	-0.0459127	-0.015612599999999997	0.0021079760212899994	0.00024375327875999996	0.0214256	0.0031911999999999947	0.0004590563353599998	1.0183757439999968e-05	-0.34897	0.028772999999999993	0.0008278855289999996	0.1217800609	0.00546882	-0.0010661899999999998	2.99079921924e-05	1.1367611160999997e-06	-0.000233449	-0.0003185584	1.0147945421056e-07	5.449843560100001e-08	-0.0015932	-0.00032289000000000016	1.0425795210000009e-07	2.5382862400000004e-06	0.0	0.0	0.0	0.0	0.0	0.0	0.0	0.0	0.0	0.0	0.0	0.0
6642.300393832	10.183269793405088	103.6989836852765	44120154.52190074	5500.133526904796	-33.591146378013946	30251468.81378219	1128.3651149891593	4761.618785680061	0.6025153545842841	22673013.460141256	0.3630247525098256	4732.444743859718	8893.023659650593	1.420926	34.022846	0.11801119999999996	0.0661388	0.00029249150000000004	0.1251972399	-0.06110367570000001	-0.10470304109999999	-0.14501318400000002	-0.0675402912	0.0700781664	-0.08512815369999999	0.0107118779	-0.151077643	0.0163964997	0.1754015849	-0.0088930698	0.0151852176	0.0214484444	0.11927765230000001	-0.058210694699999996	-0.1408320656	0.0539129766	-0.0039984176	0.10460378529999999	0.0494334555	-0.11115595119999999	-0.0260541177	-0.0179948894	-0.0168222586	-0.0332208843	0.0793643541	-0.0202425675	-0.0507888207	-0.1395743068	0.27542570969999997	0.0154963573	-0.0412882215	0.1114520636	0.0058178944	-0.0422840652	0.0004042747	0.0262557784	0.07341837150000001	0.1591274629	-0.0457843358	-0.0293633514	0.071518307	-0.0370310555	-0.19379538640000002	0.0572588956	-0.008947400999999999	-0.0314727509	-0.1098160991	0.0131722221	-0.0896543382	-0.0349423711	0.13172293289999998	-0.0708567421	0.015532488600000003	-0.0240638739	-0.0490300341	0.0019649946	0.12796496710000002	-0.2503979124	-0.0434994805	0.0518007214	0.036782873	0.096078878	-0.15496249269999998	-0.030410423500000002	0.0333906196	-0.0723841439	0.08453601390000001	0.08857473199999999	-0.0696684679	0.11184019630000001	-0.019394293899999998	0.010146005100000001	0.1075590022	0.1655411216	0.0429208643	-0.0920418774	0.0050779155	-0.0150319175	0.0312582305	-0.14563754980000002	0.0123215257	0.0495442883	0.059551003099999986	0.0425267932	-0.054495515099999996	0.046661099299999995	0.08927359779999999	0.0578918645	-0.010948988400000002	0.0399507173	-0.0493050644	0.059120745	0.024391836899999998	0.0717890097	-0.1323537555	-0.0518123028	-0.007742112	-0.0150997777	0.0197597747	-0.0300070003	0.0652706626	0.0505120508	-0.10855582359999999	-0.017401648000000002	-0.0185294974	-0.031068923	-0.0435082667	-0.0322637032	-0.0496919308	0.0031208073	-0.147026878	0.2985504601	-0.015963981000000002	0.047126214699999995	-0.11463706189999999	0.0051476956	0.0403414356	0.0150985768	-0.038386751000000004	-0.0196122703	-0.1823718549	0.09353516960000001	0.0738395394	-0.001624912	0.035202925499999996	-0.0667314417	0.1398150167	0.0507768168	0.0336082236	-0.0567743005	-0.0522148452	0.0113520872	-0.1134264724	-0.1317965875	0.0742371394	-0.0176989241	0.0092784706	-0.059738749199999996	0.12234979720000001	-0.19014801879999998	-0.06518732440000001	0.1375823897	0.08692779460000001	0.023131323199999998	0.0702061287	0.1301886702	0.0697899832	-0.0572624242	-0.00034964839999999996	-0.0716683781	-0.0639536088	-0.1297095368	-0.0712054653	0.0686987919	-0.1016501706	-0.1276098407	-0.0959408616	0.10444978710000001	0.0148787873	0.0578788883	-0.046178640199999996	-0.0446226738	-0.0095541454	0.1049498907	-0.0175961673	-0.0882028468	-0.0661615337	0.0736034891	0.0643282673	0.0861622583	0.0643852078	-0.0080521367	0.1120763576	0.0105344276	-0.004349534	-0.0482836947	0.0235984052	0.1157260151	-0.0603304453	-0.0379990587	-0.0832622074	-0.0382119454	-0.0274472463	0.0325229404	0.013347348700000001	-0.087984405	-0.0389149436	0.07667602009999999	0.061196408499999994	0.0	-0.06330169999999999	-0.017388999999999998	0.004007105222889999	0.0003023773209999998	-0.0076676	-0.0290932	5.879208976e-05	0.0008464142862399997	-0.403475	-0.05450499999999997	0.002970795024999997	0.16279207562499998	0.00561671	0.00014788999999999948	3.1547431224099995e-05	2.187145209999985e-08	-0.00027105900000000004	-3.7610000000000014e-05	1.414512100000001e-09	7.347298148100003e-08	-0.00174818	-0.00015497999999999987	2.401880039999996e-08	3.0561333124e-06	0.0	0.0	0.0	0.0	0.0	0.0	0.0	0.0	0.0	0.0	0.0	0.0
6656.386521674972	14.086127842972019	198.41899760855156	44307481.52593623	5518.757268492768	18.623741587972287	30456681.78854176	346.8437507355686	4768.111561402632	6.492775722571423	22734887.86198145	42.15613658361286	4739.3184209648025	9046.327342372375	1.452581	34.780788	0.12303971999999998	0.068603	-0.022417589900000003	0.1538153118	0.0275752914	0.0436084218	-0.1080700742	-0.033422003900000004	0.0630465873	-0.1619603024	-0.1435053281	0.14314179400000002	-0.0712024762	0.19188690670000005	-0.0320484582	-0.0974477323	-0.013516236599999999	0.1779170647	-0.0038373005	0.0209075461	0.1529902499	-0.11684454789999996	-0.0249147053	0.0150678808	-0.1527689842	0.046342734299999994	0.0152024029	0.1010484034	0.090460494	0.0354108598	0.0673845177	0.0266394482	-0.1015525698	0.1826198963	0.0175331218	-0.0838472535	-0.0803030268	0.016304143	-0.09090581560000001	-0.11664760310000001	-0.0170993607	0.0663719136	-0.0372752831	0.0489688224	0.0637582371	0.0470487174	0.0677585364	0.0438421055	-0.056792919500000004	0.0283287003	-0.0671582028	-0.08262983230000001	-0.07181463889999999	0.0360288398	-0.08953586050000001	0.0708815549	0.12065952710000001	0.047497773300000004	0.1009144793	0.054761785599999994	-0.0968609346	0.1297558962	-0.0380154109	0.08991066699999999	-0.0579685666	0.11708898029999999	-0.005442527	-0.0272484739	-0.024745485499999997	0.0168606698	-0.0048903557	-0.039050773500000004	0.1180075011	-0.0767424003	-0.0371707357	0.0199945143	-0.1681521407	-0.0489390944	-0.0685597867	0.0709455435	0.0201943793	-0.0718192094	-0.09922467800000001	-0.0595722389	0.0024499481	-0.08156022809999999	0.103539656	-0.037696025699999997	-0.027528325099999997	-0.1888757685	-0.043017710099999995	-0.1163124023	-0.0888888714	0.0612466278	0.0775863286	0.0527501598	-0.0386326227	0.0056928417	-0.014318547	0.0529008179	0.017708968000000002	0.047460811799999995	0.0291086892	0.0364276158	-0.0006138684	-0.0248252589	0.016613538799999997	-0.1480585563	0.0549117583	0.0186808365	0.0764307274	0.058362953899999986	-0.09158358109999999	0.0858452809	0.049974988899999996	-0.1018678746	0.2003403968	-0.0363154628	0.10689173490000001	0.0772517271	-0.0346152479	0.0979870645	0.127254752	0.0456295457	-0.0280383823	0.0121652057	-0.09321124509999999	0.009623043199999999	-0.063659547	0.08438095529999999	0.0145114978	-0.0082684664	-0.0553238617	0.0832170087	0.0208360034	-0.0668350408	-0.1098398733	0.0044758454	-0.137899076	-0.0325321836	-0.0998151206	-0.1396597759	0.0525973811	0.13808008289999998	0.0016618159	0.0486337854	0.0080104522	0.0049949792	0.08986993630000001	-0.10611695730000001	0.0666837886	0.0788735244	0.008872984300000001	0.0277209331	0.0234531757	-0.09552820140000001	-0.044084537199999996	0.022149573	0.0556343273	0.2406208394	0.0732665433	0.08163472150000001	0.045035179800000005	-0.0355717683	0.0142340204	-0.0022886381	-0.10270393929999999	-0.1050659061	-0.0521389176	0.1119904701	-0.0104085624	0.026850498700000003	0.1349351249	-0.0761062478	0.059188267	-0.0805528794	-0.08114479299999999	-0.10460779769999999	-0.0177098733	-0.021211463700000002	0.024026809700000002	0.0319828558	-0.0721898438	0.06457529299999999	0.0410082081	-0.06960031030000001	-0.032300842	-0.0353187478	-0.0676155316	0.0121414276	-0.0886536067	-0.0355759084	0.0792495569	0.0565245452	0.0	-0.06664919999999999	-0.0033475000000000037	0.004442115860639999	1.120575625000002e-05	-0.00204323	0.00562437	4.1747888329e-06	3.16335378969e-05	-0.357514	0.04596099999999997	0.002112413520999997	0.127816260196	0.00489677	-0.0007199399999999996	2.39783564329e-05	5.183136035999995e-07	-0.000823156	-0.000552097	3.04811097409e-07	6.77585800336e-07	-0.00183828	-9.010000000000009e-05	8.118010000000013e-09	3.379273358400001e-06	0.0	0.0	0.0	0.0	0.0	0.0	0.0	0.0	0.0	0.0	0.0	0.0
6656.103550507659	-0.2829711673130077	0.08007268153048623	44303714.47508066	5588.613334188616	69.85606569584797	31232598.9990708	4879.8699145026285	4772.761209889319	4.649648486686601	22779249.566624153	21.619231049747	4745.737293219468	9048.76043252749	1.54151	36.910118	0.05590783	0.025811700000000003	-0.0164750287	0.056368683899999994	0.0563581295	-0.11269412919999999	-0.0106786121	0.0214347966	-0.0858124182	-0.0925809092	0.0339134295	-0.011501996899999999	0.07397006910000001	-0.0054646728000000006	-0.18274539829999997	0.083423907	0.084384893	-0.0112486138	-0.010985875	-0.0926896327	0.12520754779999999	0.21238903239999998	-0.0709723458	-0.0282936971	-0.10239996529999999	-0.036341704100000004	-0.0325212364	-0.0829840298	0.0902056863	0.0546476242	-0.0731751792	-0.028570069700000002	-0.0226087714	-0.0309473927	-0.1352721911	0.0135329757	0.034812599799999996	-0.0020821387	-0.0701819582	-0.0696186335	-0.050706049100000004	-0.0268365129	0.1239688694	-0.0206459171	-0.12005941939999999	-0.02371282	-0.079909776	0.0399893267	0.0965851366	-0.0241677683	0.0521011905	-0.0427394972	0.021720378	0.048986902699999994	0.0338557532	0.0095256425	-0.1576890437	0.028688741099999998	-0.0676915844	0.0204373344	0.0609222988	0.1134657981	0.11267913380000001	-0.044625655800000004	-0.1376671865	0.1127687056	-0.0211992771	0.0691298694	-0.0994271242	0.0313840376	0.0880009999	-0.1113285119	0.1142507619	-0.0034992546	-0.0593862161	0.0007604527	-0.0196971122	0.0170860704	-0.0787137042	0.051586594699999995	-0.0244931886	0.0636385481	0.0840775606	0.09347131859999999	0.022205989300000003	0.0058186157999999995	0.065330442	-0.010227962	-0.0462788796	0.0108669398	0.0284230481	-0.0443766954	0.0004470996	-0.0003987585	0.056406827199999995	0.0307330886	0.1141324826	0.0476451517	-0.0253853626	-0.011445965700000001	0.0685406489	-0.0030691843	-0.15626989630000002	-0.0551188952	-0.0423710337	0.0201041497	-0.0282497011	-0.1020028226	-0.0325736389	-0.0356818166	-0.0686026116	0.0470997728	-0.08582157039999999	-0.0748340544	-0.0113690074	-0.0203432752	-0.0321054247	0.14245881470000002	-0.0166498651	-0.05181074150000002	-0.0461662256	0.0547661917	0.0452129444	0.0581565222	0.1137977836	-0.0867103484	0.05461979980000002	0.0161215621	0.10575750460000001	-0.038929335600000003	0.1359935195	0.0050745654	0.0503802044	-0.0261693898	-0.0828686558	0.0352464492	-0.024224097200000003	0.0107887308	0.055123095700000006	0.052895018099999996	-0.0126024214	0.10410868779999999	-0.0137235978	-0.0982059608	-0.0964645425	0.1274443441	0.0809158784	-0.1352099054	0.025990993100000002	-0.1703063773	-0.0237899865	0.0841205501	-0.0395421621	0.12933727679999998	0.0492896735	-0.10855950560000001	0.008561025	-0.005322080600000001	-0.0292220906	0.0344444583	0.0520194055	-0.0016824718	-0.0112135198	0.0938579658	-0.041295186	-0.0318456925	0.0593666717	0.0015558785	0.07149510099999999	-0.0032866081	0.0799601362	0.0168291197	0.021299465	-0.0455190528	0.0005933666	-0.012616440100000001	-0.013942103999999999	-0.0294602123	0.019593552900000002	-0.1121958824	-0.0653156523	-0.0519070163	0.0531046415	0.031605493	0.0227638604	0.0650342059	-0.0698811521	0.16443559119999998	0.0555188978	0.0109333732	-0.0892605018	-0.0321806203	0.0816003433	0.0516044709	0.0	-0.06347219999999999	0.0031769999999999997	0.00402872017284	1.0093328999999996e-05	0.0104729	0.01251613	0.00010968163440999999	0.0001566535101769	-0.34236500000000003	0.015148999999999968	0.000229492200999999	0.11721379322500003	0.00504521	0.00014843999999999968	2.54541439441e-05	2.2034433599999907e-08	-0.000511782	0.000311374	9.6953767876e-08	2.61920815524e-07	-0.00187978	-4.149999999999987e-05	1.7222499999999892e-09	3.5335728484e-06	0.0	0.0	0.0	0.0	0.0	0.0	0.0	0.0	0.0	0.0	1.0	0.0
6635.225268810145	-20.878281697513557	435.9026466407296	44026214.36785667	5532.984684135856	-55.62865005276036	30613919.51488196	3094.546706692474	4770.773055597426	-1.9881542918928967	22760275.5480144	3.9527574883721472	4742.331627680168	8933.156226376852	1.213585	29.058241	0.044204849999999934	0.0283143	0.0082910506	0.09154821310000001	0.0350862666	-0.1182245869	-0.0941653744	-0.0100941923	-0.0459719812	-0.0878590208	-0.0406581179	-0.0011508128999999998	0.0236297883	0.0748151229	-0.0524168181	0.026409047	-0.0583121779	0.028720528999999998	0.0908535985	-0.08337099519999999	-0.0657156015	0.0036744454	-0.0107883031	-0.0326739478	-0.08828157199999999	0.0196931724	-0.036438222299999996	-0.1130840431	-0.0023140573	-0.09344238560000001	0.0550116143	-0.0502481338	-0.0160760032	0.0817921797	-0.12229958210000001	-0.0246343595	0.0187850525	-0.0559218266	0.0171011975	-0.09803119589999999	0.0912011841	-0.025341320499999997	-0.032581884	-0.0799822206	0.015203143799999999	0.011604639	-0.0857991713	0.030562794900000002	-0.0304033689	-0.019850591100000002	-0.0156399719	0.0844403301	0.0083702642	0.0352319654	-0.0379892896	0.0022710729	-0.035302053	0.0323373277	-0.015118711200000001	0.0679347283	-0.049304415	-0.0030292509	0.0367733811	0.0329064899	-0.10784155279999999	0.023231498399999998	0.0064631256	-0.0584831683	0.1044006592	-0.050016285300000005	0.0689882846	0.0011623601	0.0040123774	0.0928569301	-0.015625916200000003	-6.70143e-05	0.0537517145	0.0382422399	0.0499428125	-0.048559059	0.034905237799999995	-0.038990748900000004	0.022937350800000002	-0.0513853387	0.013984473	0.09255867	-0.0780040484	-0.0366384146	-0.0020733414	-0.0771612552	-0.027813072299999998	0.0106835693	-0.005216443	0.0484424656	0.022252562400000002	0.0011017409	-0.07539052019999999	0.021371733900000002	-0.0150045525	0.09895785439999999	0.1324265623	0.1362414554	0.0539278782	-0.0139006474	-0.0073765378	0.0052383166	-0.0330472723	-0.0874766597	0.024196214900000002	-0.0299152147	-0.10160813390000001	0.0761183689	0.091117572	0.0243728138	-0.0539623495	-0.0271410988	0.08350175530000001	0.1315549859	0.0359553894	-0.0175342936	-0.0178352673	-0.046440899699999996	0.1136727818	-0.0896895823	-0.025631222999999998	0.048884169500000005	0.0745658443	0.042724667	-0.015163752800000001	-0.0323623056	-0.0080425249	-0.053594659	-0.008394901	0.0071592143	0.0466822286	0.056102409699999994	0.0197794443	0.0782636896	-0.0048219884	0.0269448145	-0.011113356999999999	0.026048164	0.047986271399999995	-0.0280768977	0.0678519009	0.1055435335	0.0431527475	0.0004709887	0.0458052337	-0.0451254955	0.0786389951	-0.053074662	0.0520089314	-0.0627739968	0.0338207975	-0.0454268964	0.1050118118	-0.0270247843	-0.024181435	-0.0704684248	-0.0355526182	-0.0312395119	-0.0065373784	-0.0907176733	0.0110060847	-0.0102097353	-0.034489126	0.0275287183	-0.007483958499999999	-0.0178893469	-0.0652152422	0.1098396733	-0.0020112632999999998	-0.0002243801	-0.0205809461	-0.037606152999999996	-0.0393043264	0.0022008338	-0.0297254988	0.0808903246	0.030181200699999997	-0.016836951399999998	-0.0549759071	0.16700875880000002	0.0306079121	-0.0287372093	0.0812513521	-0.0080680048	0.0788466856	0.0097233977	-0.0898046638	-0.028734448	0.0837217722	0.04645779059999999	0.0	-0.0634835	-1.130000000000575e-05	0.004030154772249999	1.2769000000012995e-10	0.0361247	0.025651799999999995	0.0013049939500899995	0.0006580148432399997	-0.332298	0.010067000000000048	0.00010134448900000097	0.110421960804	0.00502609	-1.9119999999999207e-05	2.526158068810001e-05	3.6557439999996967e-10	-0.0004947069999999999	1.7075000000000076e-05	2.915556250000026e-10	2.44735015849e-07	-0.00201308	-0.00013330000000000004	1.776889000000001e-08	4.0524910864e-06	0.0	0.0	0.0	0.0	0.0	0.0	0.0	0.0	0.0	0.0	0.0	0.0
6614.294554597222	-20.930714212923704	438.0947974630863	43748892.45497446	5537.492757981386	4.508073845529907	30663826.04469629	20.322729796750806	4763.022440400724	-7.7506151967018	22686382.76776087	60.07203592734489	4735.3484297576815	8695.412699719674	1.135349	27.184942	0.0917585	0.0616785	0.0791315289	0.060617288	0.0676684954	-0.0106019197	-0.0953840869	0.0371356992	0.06023327	0.0523813236	-0.0454125036	0.054732948200000006	0.0109325464	0.0912117189	-0.0390431921	-0.0208067103	-0.0286664664	0.011825348400000001	0.0633534925	-0.0466359371	0.0103161055	0.0416075791	-0.045748094100000004	0.024545850499999997	-0.0345015693	0.0495590058	-0.019259003	0.022854873799999998	-0.0517204844	-0.1084511537	0.011640363400000001	-0.0481989818	0.046862875	0.0480113796	-0.1610778559	-0.0760855885	-0.0679446443	-0.062256762599999994	0.0106677145	-0.0846571726	0.0813140136	0.0223646263	0.0179700468	-0.0044788885	0.0417925221	-0.08124668019999999	0.1152439705	0.0603864551	0.014600256499999999	-0.0656314755	0.0366739047	-0.10748252429999999	0.12204986	0.0123539773	-0.0029524290000000003	0.0329988835	-0.0972772689	0.0082263017	-0.1110456316	0.1601201191	0.051399389000000004	-0.0150980135	-0.08809039789999999	0.0691588955	0.015468551200000001	0.051342461299999996	-0.0536249172	-0.076935198	0.0202311394	0.1035680728	0.16807831469999998	0.1048117831	0.0118078201	0.0118028959	0.0051892538	-0.0896356679	-0.0144428381	0.0054011754	0.0533148888	-0.0763716455	-0.12291044150000001	-0.0567607797	0.13497189980000002	0.1015192237	-0.0112827654	0.0026533665999999997	-0.0967103483	-0.0524698392	-0.029017799700000006	0.0293813403	-0.0915109446	0.0635295562	0.06558533030000001	-0.03474414	-0.0713824875	0.0355619462	-0.0185114128	0.06433142230000001	0.0130074352	-0.0219816548	0.011652803500000001	-0.09801848210000001	0.1138467356	0.043925276799999996	0.0505186458	-0.076994271	0.023770405	-0.0324024314	0.0518704545	-0.0100541967	0.037447506	0.028148698599999997	0.1178559607	0.0014931139000000002	-0.0250436666	0.047968929400000006	0.0506241941	0.15571761039999998	0.0766348837	0.05481351809999999	-0.0555102794	-0.025607081400000002	0.0633009276	-0.0302322575	-0.030315730099999997	0.0117334326	-0.0407713097	-0.1720459393	-0.0173331773	-0.0610514045	0.0763633983	-0.046901509800000005	0.0628220611	-0.0034345641	-0.1449115368	0.012307747800000001	0.0208246131	-0.0388743797	-0.0456983296	0.049981670199999995	0.040683085699999996	0.10841559769999999	0.1383331552	0.0099539163	-0.0306825374	-0.0594781254	0.01791021	-0.06956491320000001	0.0768328268	-0.0456487372	0.13583377300000002	-0.0143860516	-0.1221750132	-0.17880971710000002	-0.023442133799999997	-0.0250092916	0.0262211931	-0.10999291300000001	0.0619790289	-0.06026282650000001	-0.0018845126	-0.0081470697	-0.09471150789999999	0.05044756139999999	0.0615220536	-0.13661984	-0.0333839743	-0.0170636282	0.053418593	-0.0720494349	0.0475101285	0.08399464429999999	0.0050628887	0.08865981210000001	-0.09177317310000001	0.0329421613	0.098589019	0.0888814659	0.0119598649	0.0077058276	-0.0097848589	0.0267091167	0.028796119	-0.0105418456	0.0915811661	0.016605103200000002	0.0409029579	-0.12262603109999999	-0.0784210812	0.0085117137	-0.0902857102	-0.0252428406	0.08560788050000001	0.0411071044	0.0	-0.07053630000000001	-0.007052800000000013	0.004975369617690001	4.974198784000017e-05	0.0496638	0.013539100000000005	0.00246649303044	0.00018330722881000012	-0.273473	0.05882499999999996	0.0034603806249999948	0.07478748172900003	0.00495927	-6.682000000000042e-05	2.45943589329e-05	4.464912400000056e-09	-0.000588559	-9.385200000000006e-05	8.808197904000013e-09	3.46401696481e-07	-0.00192692	8.616000000000006e-05	7.423545600000011e-09	3.7130206864e-06	0.0	0.0	0.0	0.0	0.0	0.0	0.0	0.0	0.0	0.0	0.0	0.0
6609.012974193703	-5.281580403519001	27.895091558835936	43679052.49306069	5523.915388053026	-13.577369928359985	30513641.21436901	184.34497417153403	4756.04695428288	-6.9754861178444125	22619982.63134345	48.6574065802401	4727.381427040658	8519.629002734519	1.244905	29.808178	0.061745810000000026	0.0414449	0.1231287502	0.0662511537	-0.010697476499999999	0.0363559305	-0.0483338366	-0.0797065105	0.0655269552	0.0257598319	0.084793496	-0.0589078214	-0.0524444616	0.0834301318	0.056981476100000004	-0.0607799132	-0.1421511088	-0.030246857999999998	0.0653655199	0.1169362678	0.0160942433	-0.017964288300000002	0.06887166730000001	0.08954949539999997	-0.0879308786	0.0645211074	0.019131149099999998	0.0434673366	-0.05099477400000002	-0.0187451434	-0.0346258546	-0.0883672309	-0.0049667906	0.031544095	-0.0354318833	-0.0661396815	-0.0599446118	0.0947433852	0.09001650789999999	0.0038318361	-0.0404357531	-0.0342573825	0.046949602300000004	0.0176871227	0.0124694952	-0.0530192781	0.0737276828	0.0032400889	-0.0848084152	0.0706013531	-0.0843998683	0.14251539289999998	0.1132313075	0.033726340099999995	0.0194193551	-0.0444903064	0.0772186384	0.006918193100000001	-0.040251584300000004	-0.0656491075	-0.0289148029	0.198771161	0.0381643769	0.0386927943	0.0469757015	-0.004658492	-0.0398520369	0.024581884900000003	0.0730290567	0.0681562362	-0.0853671093	0.0881970393	-0.024124856899999998	0.0195545303	-0.0088844627	0.021498126200000002	0.027277806800000002	-0.0735002213	0.0279545665	-0.1013702477	-0.031872364300000004	0.017703188600000003	0.05935630820000001	0.0081127194	0.035009166	-0.036839305499999996	-0.07595581650000001	-0.021313272999999997	-0.0062182739	-0.017258475	0.023045931699999998	0.024475892000000003	0.0125919725	0.036085679700000005	0.1496576782	-0.1117043991	0.0456750517	0.0373709969	-0.049668123	0.0243622868	-0.0035750006	0.0020446372	-0.0118757738	-0.0402971703	0.008079426899999999	-0.0885000327	0.0906288216	-0.085406891	0.065128751	0.0358102848	0.0433760362	-0.018269100700000002	0.0519400138	-0.0623380364	-0.0650672279	-0.0104762573	0.0444184988	0.0274236744	0.0650623698	0.0752162098	0.1069029443	-0.0355656221	-0.0290319612	0.0515887897	0.0611731066	-0.0159497779	0.0207460573	-0.12190387890000001	-0.0137676931	-0.0078089635	-0.0726301518	-0.0141063341	-0.115787054	0.06792356599999999	0.0276193064	0.1058990996	0.0910015634	0.0683745197	0.01310032	-0.1098569483	-0.0054024274	-0.0054550326000000005	-0.057947426600000004	0.17029308329999998	-0.055445625	0.09747014429999999	-0.031152854700000007	-0.0305097977	-0.07233234549999999	-0.0239149895	0.0026210507	-0.0325982359	-0.0037097628000000004	-0.0620683764	-0.1273249987	0.0557594007	-0.0059099439	0.0662591694	0.005917229	-0.030732456000000002	-0.0687652919	0.0410543247	-0.1227550019	0.0132596229	0.0400484516	-0.012043415	-0.038504561	0.0211863936	-0.020313969299999998	-0.0166905258	0.0332228746	0.0361596572	-0.0741294873	-0.0117399636	0.0607659776	0.0083572222	-0.1441465758	0.0024557337	0.022578971099999998	0.006381973399999999	-0.0792896216	-0.08789596300000001	-0.006747233	0.0074467082	-0.025764293900000002	0.0199993506	-0.0028449645	-0.0203304949	-0.0945402482	0.0072985341	-0.09070330289999999	-0.0217113192	0.0872533671	0.0355759084	0.0	-0.0759762	-0.0054398999999999845	0.00577238296644	2.959251200999982e-05	0.009534140000000005	-0.04012966	9.08998255396001e-05	0.0016103896117156	-0.269364	0.004109000000000029	1.688388100000024e-05	0.07255696449599999	0.00488828	-7.098999999999994e-05	2.38952813584e-05	5.039580099999992e-09	-0.000545294	4.3265000000000014e-05	1.871860225000001e-09	2.9734554643600003e-07	-0.00205401	-0.00012709000000000028	1.615186810000007e-08	4.2189570801000015e-06	0.0	0.0	0.0	0.0	0.0	0.0	0.0	0.0	0.0	0.0	0.0	0.0
6629.133740522445	20.12076632874232	404.84523765585067	43945414.149733104	5547.919382223269	24.00399417024346	30779409.471648626	576.191736125082	4751.949714753321	-4.097239529558465	22581026.09154417	16.78737176257647	4724.288709762206	8592.521229292122	1.222521	29.272203	0.059926210000000035	0.0310342	0.1001896622	0.0637844253	-0.0618634641	-0.0028897558	-0.0266752394	-0.1587331357	-0.035215622	-0.1178798397	0.041741725800000004	-0.017186223799999997	0.0096810384	-0.0149789052	-0.08380319480000001	0.013853342900000001	0.021719062999999997	-0.037820063	-0.11188032279999999	0.16741137849999999	0.0010925424	0.0365045932	0.0021306354000000002	0.1264997459	-0.0696169899	0.011069893	-0.0067965589	-0.0468437145	0.009758236	0.046987529199999996	-0.010977235	-0.0593858716	0.0970327074	-0.033198724	-0.0396874968	-0.12943214960000002	-0.12912621189999998	0.10480017539999999	-0.0245587848	-0.040941241600000004	0.0465408915	0.0445469955	0.0331416209	-0.021178495699999998	0.014903652	0.024878045	-0.0800893888	-0.0545226058	0.01961021	0.0346602632	-0.07972978730000001	-0.0669885907	0.077893242	0.056754367	0.0934594816	-0.0701108746	0.1412809076	-0.0128216115	0.009240709100000001	-0.067215337	-0.0734133151	-0.067333968	0.1295237484	-0.0801642837	-0.0471665729	0.0160656373	0.0313857052	0.0376669715	0.018330696100000002	0.0408921692	-0.0258875914	0.0629499744	0.0455587469	0.0843595192	-0.0758456044	-0.042283696399999994	-0.0831757738	-0.0333955827	-0.053879238499999996	0.0413541244	0.0037850026	-0.051392739900000005	0.0741157092	-0.0688808509	0.0104130028	0.0775102433	-0.0838159009	0.0323580694	0.0215359784	-0.0827871454	0.047645988099999995	0.0328102695	0.2042156055	0.0355773158	-0.045908377	-0.1019188026	-0.0264410678	-0.0873421541	-0.0174611479	0.030832216699999998	-0.06578167900000001	0.0308243106	-0.011245729099999999	0.0800340623	-0.16818485719999998	0.032943713	0.1264801827	-0.0710978843	0.010733662199999999	-0.0028944951	-0.0515727105	-0.0073032105000000016	-0.0347102092	-0.0318598148	-0.0703225789	0.09509946279999999	-0.024683334900000003	0.0272620963	0.1450781302	0.12629611300000002	0.0644650764	0.0686203423	0.0502229722	-0.0310593804	-0.0103884915	-0.06930561910000001	0.0070426431999999995	0.055667314	-0.025842944399999998	-0.0515472201	-0.0191754645	0.051561667699999994	-0.0407454445	0.0668317216	-0.10968920480000001	0.0229483921	0.011366939	0.0290555556	0.07994725849999999	-0.1439774998	0.0546433833	-0.10269111	-0.0712335132	-0.048089430499999995	0.1249191716	0.055760038899999996	0.023195641099999997	-0.0442815439	0.0091623051	0.0179894063	-0.0714587491	-0.0276692604	0.0212473354	0.0287058184	-0.0839210531	-0.0383344989	0.0899566659	0.010785501299999998	0.1012744744	0.0693611063	0.056934157400000004	-0.0108291979	0.003807687	0.0177235808	-0.0351546938	-0.0348631236	-0.0285257436	0.0855344976	-0.029111331400000006	-0.1284903949	-0.09835208570000001	0.10504917949999999	-0.0205808492	-0.0852736223	0.0313625128	0.10971523009999999	0.0006748925	0.11033243449999999	-0.0453022441	0.072171329	0.022051355800000002	-0.0042070736	-0.0361270023	-0.092158084	-0.06560970349999999	-0.1343607211	0.0368784301	0.0654224919	0.08465106060000001	0.006084071999999999	-0.09105714849999999	-0.0181454677	0.0886536067	0.029888491099999998	0.0	-0.0696398	0.006336399999999992	0.00484970174404	4.01499649599999e-05	0.023033900000000003	0.013499759999999998	0.0005305605492100001	0.00018224352005759994	-0.294283	-0.024919000000000024	0.0006209565610000013	0.08660248408900001	0.00497104	8.27600000000003e-05	2.4711238681600005e-05	6.849217600000049e-09	-0.000470953	7.434099999999996e-05	5.526584280999994e-09	2.21796728209e-07	-0.00190769	0.00014632000000000013	2.1409542400000037e-08	3.639281136100001e-06	0.0	0.0	0.0	0.0	0.0	0.0	0.0	0.0	0.0	0.0	0.0	0.0
6652.599899963943	23.466159441498352	550.660638933822	44257085.429000266	5530.682949938427	-17.236432284842518	30588453.892739616	297.09459790996164	4757.040524734919	5.090809981597887	22629434.553970274	25.91634626873667	4729.473950160597	8871.205898179609	1.214907	29.089893	0.03602675	0.0196595	0.027557522400000003	0.0969393199	-0.0012332617999999999	0.076060026	-0.0488502255	-0.0909787319	0.0413782656	-0.0595571404	0.0144322749	0.1635530189	-0.0394358615	0.0395005716	-0.0137910545	-0.0277765028	-0.0176392644	-0.0087585528	0.0511327588	0.014477883799999999	0.015490176299999997	-0.0664104672	0.09987514609999999	0.0953568918	-0.0997329218	0.0174335838	-0.0438487776	0.013635342	0.0173260114	0.0263063143	0.1071660638	0.1300950318	0.060705904299999995	0.0380922646	-0.0523364101	-0.0313316501	-0.0235103165	-0.0413950007	-0.036887035299999996	-0.0606867526	0.024548146899999998	0.13216956289999998	0.0899524628	0.0768847178	0.0758745623	-0.0588227031	0.0068364842	-0.037834536	0.0049682582	0.0587731024	0.00016965009999999998	0.0524312424	-0.1145604058	-0.0385023969	0.040174583199999996	-0.0326630855	0.0229328614	-0.0161243002	0.1171161933	-0.06202707599999999	0.041044528399999995	-0.0556772099	0.1698045195	-0.0087434122	0.0581950012	-0.0509364932	-0.07569684900000001	-0.0179523266	-0.0113960079	0.0018932289000000001	0.0096109444	0.0007451727	-0.0181626709	-0.016316795	-0.12893592480000002	0.032908171	0.0304449816	0.0380796338	-0.0889065486	-0.0461290277	0.046711774500000004	0.030825049	0.033247436400000004	-0.0722093776	-0.1686701347	0.0773228309	-0.1102348259	-0.07471326959999999	0.061285183499999986	-0.0358670419	-0.0754535663	0.09884139800000001	-0.0404716867	0.0347602915	0.0043750153	-0.0781894586	0.022406954500000003	0.0112168504	0.0214561669	-0.0003084887	0.0662687391	0.0060050215	0.0765391525	-0.023032468799999997	0.0013022091	-0.0417394196	0.09548873880000001	-0.1002490928	0.0196312626	-0.0527602608	0.0033486853000000002	-0.0071387562	-0.0415685486	0.1391377006	0.08763831429999999	0.0516428158	0.0241914165	0.0451193014	0.0349772009	0.030089427599999996	-0.0691648443	0.0079503279	0.0673738705	0.018621753300000002	-0.056567523099999996	-0.1253548485	-0.0681636016	-0.051754093099999995	-0.0628938429	-0.0587839153	-0.053334628499999995	0.0531054087	-0.037102519199999996	-0.0245533077	0.1092060916	-0.027932471299999997	-0.017354944599999998	-0.0067997611	0.0996579991	0.0139678542	0.0023315441	-0.04775204809999999	-0.06904546889999999	-0.1012552391	0.051823101399999995	0.0280739473	-0.133620025	-0.10332208050000001	-0.07486174179999999	0.0522504189	-0.0156662765	0.0184982652	-0.021782964	0.0056552588	0.037892277599999996	-0.0154789725	0.049369145499999996	0.12225443710000004	-0.0322477069	0.0356022191	0.0996927382	-0.014689397199999999	-0.0416556525	-0.043918555899999996	0.0352303135	0.0860456082	-0.0421002634	-0.0049173915	0.1199585584	-0.042271622800000005	-0.1364931087	0.0864104045	-0.0414920075	0.1214401798	0.0220084082	0.0375533563	-0.030898773100000002	-0.0324877584	0.0281858967	0.0719522488	-0.0285270038	0.0013832248	0.0382031766	0.0683986916	0.0139196247	0.0339315366	0.06245435360000001	-0.048049634400000006	-0.028981777599999998	0.004868541	-0.0913469983	-0.0145509244	0.0898046638	0.0240698272	0.0	-0.0730648	-0.003424999999999997	0.005338464999039999	1.1730624999999984e-05	0.0392301	0.016196199999999994	0.0015390007460099994	0.0002623168944399998	-0.293754	0.0005290000000000017	2.7984100000000177e-07	0.08629141251599999	0.00482294	-0.00014809999999999994	2.3260750243600007e-05	2.193360999999999e-08	-0.000539594	-6.864099999999998e-05	4.711586880999997e-09	2.91161684836e-07	-0.00200848	-0.00010078999999999992	1.0158624099999981e-08	4.0339919104e-06	0.0	0.0	0.0	0.0	0.0	0.0	0.0	0.0	0.0	0.0	0.0	0.0
6665.836924228792	13.237024264848516	175.21881138818836	44433381.90041196	5561.983264353216	31.300314414789682	30935657.83294526	979.7096824646907	4769.303643267516	12.263118532597218	22746257.24168481	150.3840761445294	4742.107824270695	9030.739697916757	1.224955	29.330479	0.07112833000000003	0.0480299	-0.0103890822	0.0458673407	0.0761074459	0.1043836149	-0.0088565351	0.0058918447	0.022401274300000003	0.0167138106	0.1311017373	0.134185086	0.0099446463	0.0243684773	-0.050325415199999994	0.05633847030000001	0.054084144	-0.0101681872	0.0749762601	-0.1188695811	0.0533372908	0.022277945499999997	0.0357339033	0.0037990859999999997	-0.0635029447	0.0495686711	0.0249685889	0.1305023841	0.0817917313	0.00030423310000000003	-0.0619146638	0.0524145388	-0.014335400900000001	-0.002226475	-0.074704198	0.0359790234	-0.0479072629	0.042644419100000004	-0.0734624145	-0.0199776619	0.037459952000000005	0.0674684435	-0.09962539779999999	0.07823260900000001	0.0119751646	0.021131997200000002	0.05278563	-0.0296666654	-0.0083775997	0.1038770567	0.0025433699	-0.008084207	0.059337319699999995	-0.10367747039999999	-0.036071264900000004	0.028113485499999997	0.0027737163	-0.1445845304	0.1183804751	0.0317398821	0.0785513243	0.066641432	-0.1277000831	-0.0321803717	0.0336141871	-0.07863124169999999	0.0403437915	0.0699225384	0.0562137775	-0.0065594803	0.08600580140000001	0.009745845999999999	-0.0241371267	-0.0956562483	-0.0629077269	0.001863853	0.118272154	0.0507693487	-0.23714491	0.0360411988	0.1454479595	-0.028492111400000002	-0.0871510576	0.0248227842	-0.0011797429	-0.0512876905	-0.0076507142	0.019042953999999997	0.0302235195	-0.0030540063	-0.10466052029999999	0.0365728406	0.013545965200000001	0.021084345499999997	-0.0178657614	-0.013158121699999999	-0.0103674217	0.0792111264	-0.0064890726000000004	-0.047734879699999996	-0.1185166864	0.09687380050000001	-0.0211394814	0.0117090672	-0.0099251862	-0.0100722061	0.0037634419	-0.0606232735	0.049144593	0.0302118778	0.1305591532	0.0380392375	-0.0617134057	-0.0366409101	0.07636029429999999	-0.0009657842999999999	-0.0270347754	0.069316642	-0.0310296433	0.0488705891	-0.0008014347	0.1088844366	0.0422381384	-0.025159867000000002	-0.07808879190000001	0.0441236759	-0.1034330026	-0.0051844842	0.0214211734	0.0251226485	-0.014885239299999999	0.0453761734	-0.0729710078	-0.041640654900000004	0.0403103367	-0.0495892877	0.1244840527	-0.052438992000000004	-0.013525690600000001	0.0527729771	0.1062627491	-0.1048575008	0.0400447388	0.0399876468	-0.16808047329999998	-0.0578654662	-0.006410404399999999	0.0553084167	-0.035781552599999995	-0.022788459100000002	-0.0288250006	-0.1281937201	-0.08792354179999999	-0.0457521895	0.0720971368	0.0162535038	-0.0420529591	0.1082814623	-0.09479700449999999	-0.0338416381	0.2620321208	0.0435046024	0.0235555087	-0.0417789414	-0.0735299125	0.0466465619	0.0414763218	-0.1147959156	-0.049021013700000005	0.0072383512	-0.0210697496	-0.0419710393	0.0420684162	0.0854302607	0.004360151699999999	0.029369729700000007	-0.0026144726000000003	-0.012472723600000001	-0.0479690495	0.0260371727	-0.0707785393	-0.0069541974	-0.029300396200000002	-0.019679406	-0.09446018279999999	-0.06940865339999999	-0.0364792522	0.00041892569999999997	-0.036330541699999996	0.0036521544	-0.0915726486	-0.0109333732	0.09070330289999999	0.0181454677	0.0	-0.0734787	-0.00041389999999999483	0.005399119353689999	1.7131320999999573e-07	-0.00525533	-0.04448543	2.76184934089e-05	0.0019789534822849	-0.277055	0.01669900000000002	0.00027885660100000065	0.076759473025	0.00474037	-8.257000000000056e-05	2.24711077369e-05	6.817804900000093e-09	-0.000539594	0.0	0.0	2.91161684836e-07	-0.00211651	-0.00010802999999999984	1.1670480899999966e-08	4.479614580099998e-06	0.0	0.0	0.0	0.0	0.0	0.0	0.0	0.0	0.0	0.0	0.0	0.0
6662.825903635459	-3.0110205933324323	9.066245013471994	44393249.02215567	5546.846874932932	-15.136389420284104	30767510.25395324	229.11028468248853	4776.720741274856	7.4170980073395185	22817061.04012541	55.01334285047986	4749.02612917094	9040.056606552316	1.190698	28.510237	0.023538760000000047	0.0152841	-0.0262831414	0.025839981499999998	0.0451588813	-0.0642712307	-0.0485000616	-0.0384374673	-0.0312826962	-0.012799456200000002	0.1227818821	0.016088313899999998	0.0097222588	0.0379791671	-0.06279591799999999	0.0828731284	-0.083125163	-0.005367296	-0.044211584000000005	0.0685392875	-0.1271700873	-0.0276755583	-0.060481628600000004	-0.0491605642	-0.0071778245	0.006240666	0.027774429399999998	-0.0513665459	0.0796485347	-0.0171264644	-0.1072775014	-0.0495618332	0.0417750179	-0.0435217315	-0.0103908834	-0.04559481940000002	-0.0979505404	0.0463725006	-0.0058228541	0.08763270460000001	0.0520898474	0.0069435152	-0.0834176507	0.09613409789999999	-0.025693924500000003	-0.030933909	-0.0181495206	-0.0439320062	-0.1374584663	-0.0087157256	0.011357864399999999	0.005722151500000001	0.0791497025	-0.088769954	0.0560580304	-0.1492050173	0.047648032300000004	-0.0037273319	0.0834306679	0.0629880897	0.055064362900000004	-0.07569917179999999	-0.0942207799	0.0839870555	0.0714780379	-0.053668786600000004	-0.045057581900000004	-0.0222294216	0.0058355065000000005	-0.1048126416	0.0173397955	-0.0503540116	-0.033596850299999995	-0.0653993892	0.0043024693	-0.0123365765	-0.0199025656	0.0396938921	0.0431969513	-0.0102773766	0.019297299	0.0364642825	-0.0238529666	-0.10622069220000001	0.042535229699999996	-0.0360139743	-0.0222946935	-0.009538529399999999	0.0235094427	-0.030452424300000006	0.017446831	0.015069369499999999	0.05286995	-0.0047235658	0.0799611393	0.0014686165	0.0170667654	0.0551248563	0.0007753131	-0.1461809101	-0.0041948673	-0.0343946117	0.0434031932	-0.026427604599999998	-0.0477609142	0.0172205797	-0.050465293700000004	-0.0072647943	0.0051698081	0.036403498900000004	-0.047192399	0.0744895253	-0.033185455499999995	-0.1135539014	-0.032999175299999996	0.0519803542	-0.0570958566	0.0057550532	0.0404564337	0.1005122985	0.0201248503	0.0414999121	-0.0808415975	-0.0666968253	-0.047551922	0.023095840299999996	-0.0696522462	0.0081632275	0.06817122519999999	-0.0133052976	-0.1385121862	-0.08602954880000001	-0.0116764193	-0.007661754200000002	0.0008511235	-0.0510180479	0.10650089189999999	-0.0077219738	0.1018915615	-0.0831215698	-0.0113157356	-0.040216410099999995	0.1055572283	-0.0002126687	-0.0209381071	-0.12403874279999999	-0.0896801757	0.0684640614	0.0229632213	0.061849202199999995	0.054828352999999996	-0.0071622739	0.0252672422	-0.0219077552	0.1352267017	0.042560750599999995	-0.0482121821	0.004720858400000001	-0.029240656099999998	0.0114580699	-0.0217546902	-0.0478084946	-0.0387446707	0.0236551351	0.0015303817000000002	0.0319541391	-0.064694935	2.25566e-05	-0.0848560507	0.0464734867	-0.043840140199999995	-0.0161881488	0.001884998	0.0078572702	0.008467880799999999	-0.044315037300000006	-0.0375911775	0.0692464212	-0.0422421167	-0.0137744109	-0.09296908820000001	-0.0168996589	0.148722416	-0.0427470405	-0.0339084515	0.0146503313	0.019251998500000003	0.0075903746999999985	-0.026481795899999997	0.0024351261999999998	-0.0917339407	-0.0072985341	0.0913469983	0.0121414276	0.0	-0.0749491	-0.0014704000000000106	0.005617367590810001	2.1620761600000317e-06	-0.00200447	0.00325086	4.0178999809e-06	1.05680907396e-05	-0.291266	-0.014210999999999975	0.00020195252099999925	0.08483588275599999	0.00480317	6.280000000000001e-05	2.30704420489e-05	3.943840000000001e-09	-0.000539594	0.0	0.0	2.91161684836e-07	-0.00214584	-2.933000000000015e-05	8.602489000000092e-10	4.6046293056e-06	0.0	0.0	0.0	0.0	0.0	0.0	0.0	0.0	0.0	0.0	0.0	0.0
6660.373027501299	-2.452876134160761	6.016601329535438	44360568.86546681	5535.520816368786	-11.32605856414648	30641990.70845215	128.2796025984758	4783.534986131671	6.814244856815094	22882206.963545725	46.43393296863096	4755.933803132389	9059.226782074953	1.030655	24.678148	0.07347296999999994	0.0398465	-0.027408223500000002	0.0468351406	0.043072333	-0.1046813914	-0.048181183600000003	0.0265773647	-0.0808329381	-0.06876212799999999	0.0115527528	0.0648101249	0.041863369	0.0024335287	0.047931653899999996	-0.0574569537	-0.0358926237	0.0132052503	0.0749218848	0.08648292119999999	-0.1086140914	0.0276729814	-0.0484218414	-0.1001047051	-0.0230783508	-0.026831862999999997	-0.022793231400000002	-0.1077021834	0.0332228615	-0.0474022154	0.0306792896	-0.05932779360000001	0.06820655	-0.0163488847	-0.0831332298	0.0140070775	-0.060934590199999986	-0.0372163388	-0.011148929299999999	0.0088522147	0.05703523980000001	-0.0476120608	0.0220465214	-0.047616882	-0.028846227400000007	-0.0338773115	0.0347629916	0.0580675597	-0.0797593307	0.0416827471	0.0718238022	0.0126028393	-0.0347872258	-0.0170751624	-0.0290259281	0.0383395327	-0.07702903629999999	0.0238834169	-0.0809489288	0.0843919192	0.0085652782	-0.0213261675	-0.0033025346000000004	-0.0148069533	0.1803811447	-0.0219064687	0.0394677493	0.11486454800000001	-0.1348056956	0.0544318085	0.012398064399999999	-0.058766335	0.0171237697	-0.0281043567	-0.0318785368	-0.0106489336	-0.0085821984	-0.0316658681	-0.0937172119	0.062528322	0.0894760205	-0.0192237143	-0.0211409888	-0.09882470460000001	0.0401710887	-0.1362474948	0.0397594867	0.16874818600000002	0.0764185468	0.0194840057	0.0446806539	0.0500115129	-0.06577053719999999	0.0681495266	0.04373226400000002	-0.1848722002	0.1058760137	0.0207087997	0.08135507410000001	0.0859322716	-0.0725565844	-0.0419287196	0.007121569	-0.09641319529999999	-0.0483151854	-0.0910386934	-0.1014426151	-0.023845653999999997	-0.0270692867	-0.0272567323	-0.09865456730000001	0.0574996572	0.0174878384	0.0185880439	-0.0590114778	0.0565648083	-0.0124806905	0.0807265064	-0.0085272325	0.050707517	-0.0253672437	-0.0038308542	-0.0069442937	-0.0573398233	0.0410772541	0.0276074689	0.0371335654	-0.07449902	0.0229899362	-0.0207037826	-0.0002233537	-0.0677344674	-0.0479100092	-0.0595128427	-0.0380677932	0.0368567898	-0.05991894389999999	-0.058180812699999994	-0.05560570150000002	0.05880677400000001	-0.034948895	0.1339120951	0.1041536644	0.0397757371	-0.0366574807	-0.059286126900000014	-0.0818298025	-0.043261423099999995	0.001804668	0.0636156577	-0.137182048	-0.0014090472	-0.1213932689	0.10666958609999999	0.0183717509	0.0002176884	-0.026861156400000002	0.0316299129	-0.0034257296000000004	0.0300622952	0.07558998780000001	0.030245543	-0.0081100743	0.021398173	-0.1245374017	0.0086647108	-0.021352695	0.0309537572	-0.1256602155	-0.0289353616	-0.0220908425	-0.1859958957	0.0004627796	0.0373002467	0.12378874849999999	0.1021591286	-0.06843759469999999	-0.1473853568	0.023279549700000002	0.0621790112	-0.13072823460000002	0.0201817906	-0.0555841862	-0.065363647	-0.0144505028	-0.041053199500000005	0.0505613571	0.0383048874	-0.07114521780000001	0.0012176701	-0.09183076130000001	-0.0036521544	0.0917339407	0.006084071999999999	0.0	-0.07858579999999997	-0.003636699999999965	0.006175727961639996	1.3225586889999745e-05	0.0131666	0.01517107	0.00017335935556000005	0.0002301613649449	-0.320416	-0.029150000000000013	0.0008497225000000005	0.10266641305599998	0.00520612	0.00040295	2.71036854544e-05	1.623687025e-07	-0.0006178280000000001	-7.823400000000005e-05	6.120558756000007e-09	3.8171143758400007e-07	-0.00211672	2.9120000000000104e-05	8.47974400000006e-10	4.4805035584e-06	0.0	0.0	0.0	0.0	0.0	0.0	0.0	0.0	0.0	0.0	0.0	0.0
6648.931743234713	-11.441284266585171	130.90298566880938	44208293.32619421	5526.435166934642	-9.085649434143308	30541485.65433193	82.54902564014859	4777.052794681821	-6.482191449849778	22820233.403177395	42.01880599250558	4749.125904961111	8989.328707758414	0.906336	21.70142	0.07144515	0.0481613	-0.0043834373	0.0220568859	0.0461182654	-0.0530834937	-0.0744317214	0.07587647269999999	-0.0173383803	0.018133233999999998	-0.0224240388	0.024201268300000002	0.0767186066	0.0107210425	-0.0547975392	-0.0334555723	-0.094236239	0.0600537391	-0.1309026998	0.075770364	-0.060043027	-0.0082692785	0.0697026212	-0.0606965987	-0.004222571	-0.0067804221	0.006733803000000001	-0.0413547769	-0.0411659215	-0.1456296779	0.0986505498	0.0067347379	0.09290574050000001	0.009491115500000001	-0.0427896858	-0.0900249168	-0.0356482404	-0.07716279549999999	-0.0519664882	-0.0737141025	-0.0191434996	-0.07594811650000001	0.03148976	0.0444954489	-0.0682380291	-0.1567795825	0.0292498538	0.0514908905	0.0519277789	0.0371548459	0.12950565449999998	-0.028621272200000002	-0.09259083300000001	0.042540826799999994	0.0421907892	0.0221405621	0.011373943999999999	0.0001977766	0.0051439109000000005	0.0134152308	0.028006454	-0.049505475199999996	-0.0573031009	0.1249191376	0.0213839696	0.009359535	0.0642046533	-0.06415355519999999	0.0332062954	0.0460016257	0.046052198200000005	-0.026536587799999997	-0.13416305580000001	0.026865900800000002	0.0541908967	-0.019589718	0.049967372	0.0418726543	0.0028411410999999998	0.11136275720000001	0.0001991141	-0.0495710871	-0.001001012	-0.0199928881	0.1150859608	0.0265239577	0.0551185849	0.025911363399999998	-1.76933e-05	0.000969954	0.0335566473	0.1120719592	-0.0083208963	0.0700522945	-0.0918540781	0.028916443599999998	-0.0114518459	-0.03082957	0.0344582883	-0.0055046143	-0.0582661971	-0.068002435	-0.0619701233	0.0166608771	-0.0106592257	0.053715767000000005	-0.060647894699999996	-0.0045842522	-0.007999581700000001	0.0058520443	-0.0394149981	0.0524104366	0.1376770785	0.1028415687	-0.0155552218	0.0846606407	0.0129245221	0.031111654	0.081466517	0.0113559146	-0.1063947942	0.0033245765000000003	0.0358458788	0.033954877200000004	0.10231916390000001	0.0263923418	-0.0242153631	-0.12461080320000001	0.0936331409	-0.1200433683	0.0262925216	0.032615984	-0.0018101875	-0.10906734119999999	0.0172269712	0.002342306	-0.1033261192	-0.0271882327	0.030903012	0.021697750800000002	-0.0547058727	-0.001916027	0.0362760527	-0.0258472129	0.0363128792	-0.032459848300000003	-0.07300044730000001	0.13190130449999998	0.05151698019999999	-0.0099418657	0.0861906989	-0.0275645638	-0.08162752849999999	-0.0229660291	0.0165550189	0.0868971121	0.047151686	-0.035507127400000005	-0.0141638394	-0.049986365199999994	0.0039808667	0.014554432800000001	0.139173721	0.011615078300000001	-0.06462355410000001	-0.0569725481	0.0320588225	0.0870169859	-0.0707091148	0.076467096	0.011022236999999999	-0.0030611882	0.030675280299999996	0.049861406500000004	0.0408234158	0.0230622233	0.07545420580000001	0.013569558899999999	-0.0604273455	0.0431912533	0.0616879971	0.028103818500000002	0.0240985223	-0.0769121505	0.013565281499999998	-0.0181288003	0.0144363915	0.0407835015	0.051591434500000005	0.0	-0.0918630424	-0.0	0.0918630424	0.0	0.0	-0.07485849999999998	0.003727299999999989	0.005603795022249997	1.3892765289999918e-05	0.0218763	0.0087097	0.0004785725016900001	7.585887409000001e-05	-0.274483	0.045933	0.0021098404889999998	0.07534091728899997	0.00510165	-0.00010446999999999975	2.60268327225e-05	1.0913980899999944e-08	-0.0006905910000000001	-7.276300000000001e-05	5.294454168999999e-09	4.76915929281e-07	-0.00203245	8.427e-05	7.101432900000002e-09	4.1308530024999986e-06	0.0	0.0	0.0	0.0	0.0	0.0	0.0	0.0	0.0	0.0	0.0	0.0
6638.586428742379	-10.34531449233418	107.02553194529966	44070829.771882504	5533.65380876045	7.218641825807937	30621324.47520904	52.10878980930372	4770.119195260278	-6.9335994215434775	22754037.13699056	48.07480093842803	4742.28378845558	8894.440092003902	0.8694239999999999	20.817602	0.03357839999999995	0.0206997	0.023497117999999997	0.0045065074	0.0652794281	-0.0301447152	-0.0360645963	0.1031691895	0.0420817395	0.07298669690000001	0.001148345	-0.0707003843	0.0335407825	-0.0048213985	-0.025336565499999998	-0.028120966	-0.05688105120000001	0.0049857513	-0.0396701409	0.0856450994	-0.0295835056	-0.038674928	0.04697773809999999	-0.0137935047	0.0143539731	0.023184052799999997	0.0596563436	0.0199458519	-0.09419471300000001	-0.10534278779999999	0.0249778119	-0.0115922228	0.06539990009999999	-0.0161735184	-0.0724571157	-0.0220884831	-0.0062997963	-0.0545169121	0.0353168876	0.0407731119	0.012909328000000001	-0.046435884299999994	0.0045323326	-0.0319617428	-0.0286818691	-0.1328098697	0.0583882162	0.0327657216	-0.09408825539999999	0.11853419429999999	0.008616038199999999	0.015233154399999999	-0.0010551792	0.0480168065	-0.0939707773	-0.0339919829	0.1024269974	-0.0012278128999999999	-0.0317926412	0.0347265027	0.0074675363	0.021089972000000002	-0.0225992081	-0.0365086104	0.0939835218	-0.1278456406	-0.0269934269	-0.0100525336	0.10958102970000001	0.0370491933	0.026641333700000002	-0.0518317589	0.0557009017	-0.0302608167	0.06739332740000001	0.0011674941	-0.1337872773	0.06799143349999999	0.0028486998	-0.0490318495	-0.0074081514	-0.0091525475	0.0722835706	0.006970871700000001	-0.0493882203	-0.0404305356	0.0366684759	0.0327442371	0.0179958042	0.1035593718	0.014397516899999999	-0.1723577154	0.0107165323	0.0646700863	0.013581875700000001	0.0075203089	0.0525845856	0.029340195099999997	0.0499144523	-0.06276920230000001	0.09631642259999999	0.0437670954	0.013672228400000002	-0.0549082993	-0.0431391838	-0.0267244945	-0.014418893300000001	0.0123533203	0.020235382	0.0659208025	0.017816009	-0.0223042535	0.1314157267	0.0211417704	-0.006603573299999999	0.06585070559999999	-0.006627354300000001	0.07019865	0.0135520594	0.0066410601	-0.0412286821	-0.0430718209	-0.049244107599999996	-0.0149864056	0.021638713900000002	0.0584425731	0.0408878727	-0.1361561757	0.0216416979	-0.054299510700000005	-0.0567608124	-0.0153346379	-0.1422480471	-0.0149032308	0.012162581799999999	-0.040582021	-0.0427858666	0.0790779906	-0.060246354	-0.078229991	0.0028724871999999996	0.0016285676	0.0651061774	0.061353777400000004	-0.0351761764	-0.0307537719	-0.0256883288	-9.68839e-05	-0.1161040457	0.0812906772	0.0350727533	-0.1369990491	-0.0047995526	0.008410289100000001	0.0197186876	-0.0338929048	-0.0501476325	-0.0717514335	0.011691064199999998	0.1166083883	0.00812949	-0.0802244676	-0.0145712776	0.0031400732000000002	0.0629107359	0.005334753100000001	-0.010870486200000001	0.0287656826	0.052585044500000004	-0.0262613621	0.0631346566	-0.0540285701	-0.0610729546	-0.1189169221	-0.0736579361	0.0584357946	0.0074078136	-0.1001272152	-0.0686606423	-0.04948310400000002	-0.06982949599999999	0.06727901389999999	0.0758655929	0.106696341	0.0408531914	-0.0056959326	-0.0027799644	0.026133256	-0.0024857804999999997	-0.0012176701	-0.09183076130000001	0.0036521544	0.0917339407	-0.006084071999999999	0.0	-0.0716445	0.0032139999999999808	0.0051329343802499995	1.0329795999999876e-05	0.0170282	-0.004848100000000001	0.00028995959524000004	2.350407361000001e-05	-0.274137	0.00034600000000001296	1.1971600000000893e-07	0.07515109476899998	0.00547331	0.0003716600000000002	2.9957122356100005e-05	1.3813115560000017e-07	-0.000638645	5.194600000000009e-05	2.698386916000009e-09	4.07867436025e-07	-0.00195265	7.979999999999988e-05	6.368039999999981e-09	3.8128420225e-06	0.0	0.0	0.0	0.0	0.0	0.0	0.0	0.0	0.0	0.0	0.0	0.0
6629.31683140687	-9.269597335509387	85.92543476248275	43947841.65117442	5531.286661157763	-2.36714760268751	30595132.127901796	5.603387772909224	4760.941617423197	-9.177577837080207	22666565.08451221	84.22793495566582	4733.071194076139	8773.641904663014	0.890488	21.321962	0.02543224999999995	0.0114395	0.0431252353	-0.0086426004	0.0093922308	-0.0163421505	-0.0360203335	0.0276484407	0.037121735600000004	0.0643294496	-0.050799869500000004	-0.14056059640000002	0.0477302765	-0.0024541478	0.0092866767	0.0119331644	-0.0541657455	-0.107266689	0.06930053280000001	-0.0209308471	0.024003593599999998	-0.0803981352	-0.0032242145	0.062470251500000004	0.00360378	-0.0113159156	0.0756364067	-0.0041383772	-0.028422547700000002	-0.1254022017	0.0112214433	-0.0419316577	-0.0078510882	-0.0026256715999999998	-0.048080398200000006	-0.046499022	-0.0487862791	0.0229302469	0.0768556715	0.0191791876	0.038627359	-0.039036281299999996	-0.0751128541	-0.0027074722	-0.021056437799999998	-0.0210061519	-0.07830757769999999	0.013335206	-0.0456583291	0.053936121600000005	-0.0560780258	0.0876433293	0.0256572187	0.0377417587	-0.08197706589999999	-0.0267631967	0.0819961489	0.0105895859	0.0719154801	0.07390983820000001	0.0727814208	-0.1081165226	-0.068241497	-0.10082770099999999	-0.0144921073	0.0054244586	0.0776397624	-0.0015883054999999999	-0.107731971	-0.0350949875	-0.0039262037	0.13223262789999998	0.0299899139	-0.021486738999999998	-0.0730583509	0.149804902	-0.0178141295	-0.07639619240000001	-0.0254201471	0.0718522551	0.0997048859	0.0633014562	-0.11688347119999999	0.036540767599999996	-0.0186311017	0.0590832894	-0.0600348691	0.040659343199999996	0.0166810781	-0.0028372187	0.1276234949	-0.0330358957	-0.010732728899999999	-0.0460903772	-0.0416600782	0.0548275733	3.00776e-05	0.0260043981	0.0095468076	0.0130154311	-0.06448374559999999	-0.022564044199999998	-0.033700793199999995	0.0461018783	0.0348982469	-0.0419050097	0.060835551200000004	0.0059345928	-0.011243076599999999	0.08479356730000001	-0.0024661074	0.048787892699999995	0.11856288359999999	0.0008420847999999999	-0.027796834700000002	-0.0051663235	-0.0066767788	0.0497308972	0.0530942578	0.0604839791	0.0536511811	-0.04820634	-0.0191997435	-0.048786562199999994	-0.0164483442	0.06596045889999999	0.011068688	0.0395443036	0.0402437165	-0.0267143929	-0.0432895371	-0.0350733258	-0.0791075158	0.045048480700000004	0.0669326763	0.0109585339	0.0434511338	0.1252636348	-0.0309354581	0.0050908735999999994	-0.013977494699999999	-0.0746173049	0.1029862667	-0.06698022299999999	-0.009024374699999999	-0.1318861923	0.0782378923	0.0234107501	0.013320021699999999	0.0352596455	-0.1259336959	0.1222353117	-0.003716231	-0.0953964873	-0.0518140743	-0.0524929347	-0.0160759146	0.0729511106	-0.0322012915	0.0720978497	-0.0091721491	-0.0092891483	0.0444763029	-0.0289771983	-0.1071110186	0.1269792164	0.0899474809	-0.025970260499999998	-0.0063783401	-0.0342822154	-0.0731803266	0.0070136429	-0.0531508211	-0.011367231799999999	0.0729755168	-0.08903647099999999	0.0857927137	0.0481930804	0.0106960899	-0.0481441947	-0.012922015	0.0230163081	-0.0635937961	-0.07645579400000001	-0.0025449474	-0.008951875699999999	-0.0530892417	0.0010325746	-0.0098807702	-0.0024351261999999998	-0.0917339407	0.0072985341	0.0913469983	-0.0121414276	0.0	-0.0657377	0.005906800000000004	0.0043214452012900004	3.4890286240000045e-05	0.0236582	0.0066300000000000005	0.00055971042724	4.395690000000001e-05	-0.27676	-0.0026230000000000424	6.88012900000022e-06	0.07659609760000001	0.00550615	3.283999999999926e-05	3.03176878225e-05	1.0784655999999511e-09	-0.0007098839999999999	-7.123899999999996e-05	5.074995120999994e-09	5.039352934559999e-07	-0.00185128	0.00010136999999999992	1.0275876899999986e-08	3.4272376384e-06	0.0	0.0	0.0	0.0	0.0	0.0	0.0	0.0	0.0	0.0	0.0	0.0
6626.228905989413	-3.0879254174569724	9.535283383776816	43906909.51456965	5529.664953819134	-1.6217073386287666	30577194.50149557	2.6299346921623967	4755.572013194178	-5.369604229019386	22615465.17267573	28.83264957630289	4727.150314860763	8735.461891004708	0.954414	22.852625	0.06207980000000001	0.031787	0.0504196774	-0.0236467161	-0.0129930269	-0.037565325	0.057341675999999994	-0.0031793036	-0.024791318399999998	0.0013544951	-0.0284261472	-0.0811611046	0.0230738973	0.0076448305000000015	-0.023723833700000002	-0.0037855022999999997	0.0726274549	-0.0940091312	0.016676119	0.0204858484	0.045104495	0.0238986077	0.058246256399999995	0.1013329925	-0.028607799700000002	0.010774972800000001	0.0154960602	-0.0328631529	-0.026476267400000003	-0.0205076849	-0.1590745236	-0.0056413693999999995	0.0561352196	-0.0324768037	-0.04929124730000002	-0.0180138402	0.0076913889	0.0027605341	0.1103616317	0.07446840440000001	-0.0119339472	0.0296036491	0.053091214299999995	0.0964399323	-0.042765166900000005	0.0129251147	0.0174695248	-0.121680644	0.011120656599999999	0.0466346345	-0.0242335455	-0.07404708980000001	-0.0586347193	-0.0021571403	0.0311893533	-0.0575987505	0.046878032800000004	0.058593744	0.07426878099999999	-0.045890911900000005	0.0149694125	0.0507979876	0.035793377599999995	-0.0193024466	-0.102203122	-0.069699293	0.0599439011	-0.1185963024	0.043917702	-0.032870113900000004	0.11261660970000001	-0.0630952318	-0.0634338115	0.011988600600000001	0.0687744488	-0.0894511712	-0.0512424784	-0.0355747914	-0.0475655954	0.070408169	-0.0962884955	-0.0053043673	-0.0738331289	0.0074015115	-0.0076273871999999986	0.0583845583	-0.0117173308	-0.0528549542	0.0990527813	-0.1042726751	0.026248695	-0.0558325841	-0.0717233826	-0.012714843899999998	-0.004841082	-0.0757023255	0.11617617599999999	-0.14045437560000001	-0.0082155435	0.054971060499999995	-0.0415428116	-0.025943659700000003	0.0140548106	0.0353922526	-0.0021212856	-0.0250861094	0.1019986891	-0.026431473599999998	0.015186153	0.0167906705	-0.0342603871	-0.0022889143	0.0315549996	-0.1432198804	0.0450193333	0.0652655442	-0.029491801800000002	0.0516798559	0.0269801172	-0.0009704205	0.0485209721	-0.0883754221	-0.0850889676	0.0154141007	-0.0038499946	-0.0734866841	-0.0601510403	0.0136500876	0.037176367200000004	0.044064928600000004	-0.09173452439999999	0.1005329534	0.00990059	0.018826135900000002	-0.0030753841999999997	-0.0843752074	-0.0191090729	-0.0041861488	0.0786581738	-0.0386605938	-0.0556768292	-0.0808853079	-0.037421536400000004	-0.0578892723	-0.012109522	0.058955029699999995	0.05268808690000002	0.025194076	-0.09064052130000001	-0.0078352689	0.0813102733	0.0238885518	-0.049979755300000005	-0.032346167099999996	0.12198834439999999	-0.0109300423	0.031554772	-0.09495971539999999	0.0638961122	0.0207814986	0.0204909202	0.10881791449999999	0.1040865577	0.0822902814	0.057877978	-0.0513621056	0.0459816192	-0.0024248665	-0.0191407279	0.0420233708	-0.1535488431	0.0663470664	-0.014794833799999999	-0.0673981477	0.0604793404	0.051779317199999994	-0.0387589324	-0.1242979963	0.11787327269999999	-0.031647504	0.0735062708	0.045320594299999996	-0.0334503208	-0.0497644104	-0.027575521800000002	-0.042540959	-0.0128193154	-0.022350174100000002	-0.0086845519	-0.0036521544	-0.0915726486	0.0109333732	0.09070330289999999	-0.0181454677	0.0	-0.0719764	-0.0062387	0.005180602156959999	3.892137769e-05	0.0362218	0.012563599999999998	0.0013120187952399998	0.00015784404495999994	-0.27562800000000004	0.0011319999999999664	1.2814239999999241e-06	0.07597079438400002	0.00505602	-0.00045013	2.55633382404e-05	2.026170169e-07	-0.000609394	0.00010048999999999997	1.0098240099999993e-08	3.71361047236e-07	-0.00214357	-0.00029228999999999995	8.543344409999997e-08	4.5948923449000005e-06	0.0	0.0	0.0	0.0	0.0	0.0	0.0	0.0	0.0	0.0	0.0	0.0
6633.44734845415	7.218442464737564	52.1059116167265	44002623.7247134	5536.165410966408	6.500457147273664	30649127.45758085	42.25594312354127	4754.191441195939	-1.3805719982392477	22602336.25954072	1.9059790423223089	4725.891988219576	8734.922682310762	1.034552	24.771452	0.08741490000000006	0.0505454	0.0419667723	0.0011142336999999999	-0.0660826924	-0.029317723700000006	0.0278276847	-0.0656563797	-0.0404395865	-0.05465371	-0.09434803900000001	-0.046243835999999996	-0.0179685817	0.040023322400000005	0.049047752300000004	-0.029163171600000006	0.12360823130000001	-0.0846239743	-0.0350127015	-0.00042672529999999997	0.0002339557	0.1355846118	-0.0106762071	0.1244246833	-0.0083891802	0.006126229699999999	0.005837655799999999	-0.0815002072	0.0506081565	-0.0035934766999999998	-0.0304211552	0.1094754793	0.0972494283	0.0446348654	0.033309114	-0.0636652634	-0.06329659480000001	0.10154826300000001	-0.0036450403	-0.0364142973	0.0671782287	0.0374028654	0.0813468209	-0.0331697641	-0.0023889581	0.0747212966	0.033829239500000004	-0.030863007999999997	0.0242489942	-0.011256383	0.054261214	-0.0313872244	-0.0353644581	-0.1082475115	-0.0061290274	-0.0085744912	0.0450610129	-0.0694824041	-0.0074293255	0.054504285199999995	-0.1456153121	0.0994913381	0.07959305480000001	0.0108282462	-0.0123913744	0.0613382143	0.028116334399999998	0.1253234282	-0.0230476179	-0.059928939199999996	-0.0676949366	0.0078110461	-0.0168180599	-0.0081337027	-0.006262418499999999	-0.0137010929	-0.0459746908	-0.052923888499999995	0.08901920029999999	0.0159846468	0.0589185761	0.0368193599	-0.0942480899	-0.008680677900000001	0.0412792643	0.012179593700000001	0.0778553645	-0.1213281176	-0.0079678556	0.1340840356	-0.024508872799999998	0.0407427294	0.0293777142	0.0131891481	0.0527420438	-0.0009859774	0.005723215899999999	-0.0388943927	-0.0519847125	0.11529568289999999	-0.0065388566	-0.1243840059	-0.0783964638	-0.006130946500000001	0.0780208205	0.0652715848	0.12454422970000001	-0.0068644654	0.0082452513	-0.0041120401000000004	-0.08931196599999999	0.04762239730000002	-0.0333398337	0.014313439499999999	0.105046968	0.0959849759	0.018627737	-0.0398352066	0.0745241475	0.060603216200000004	0.08302827360000001	0.0397037482	0.053132484699999996	-0.0684998178	0.0118905304	-0.09681405439999999	0.0200517102	-0.0044775885999999996	-0.029377783900000006	0.055709340700000005	0.013956965600000001	0.0449201339	0.0279971447	-0.0607244159	-0.0032834086	-0.038418959700000005	-0.014985232900000001	-0.0870598642	-0.0510475704	-0.0630572675	0.0656235554	-0.032926734900000004	0.0291404213	0.09729096429999999	0.0532889377	0.1345297476	-0.0091737904	-0.0464978596	0.0783049906	-0.0371251514	-0.11964160869999999	0.0387025146	0.0647448254	0.0381196178	0.0222463332	0.0376138271	-0.0199737781	0.0246856487	0.0762936871	-0.0137382119	-0.0658966339	0.0031681434999999997	0.0209899883	-0.0108244847	-0.0245328777	0.0786011095	0.0803651248	0.0208540226	-0.0291231823	0.1451620119	0.0147335691	-0.0361798672	-0.0459507271	0.0606648276	-0.0914997939	0.0960131699	-0.0912502061	0.0023966817999999997	-0.013314665500000001	-0.042835501	0.0338069263	-0.070019047	-0.0681354101	-0.054207174299999994	0.0434100721	0.15007021869999998	-0.0432304369	-0.0078480094	-0.0186730588	-0.004868541	-0.0913469983	0.0145509244	0.0898046638	-0.0240698272	0.0	-0.07743229999999998	-0.005455899999999986	0.005995761083289997	2.9766844809999848e-05	0.0506698	0.014448000000000003	0.0025674286320400003	0.00020874470400000008	-0.320624	-0.044995999999999925	0.0020246400159999933	0.10279974937599998	0.00530068	0.0002446600000000007	2.8097208462400007e-05	5.985851560000035e-08	-0.000539594	6.979999999999996e-05	4.872039999999994e-09	2.91161684836e-07	-0.00200773	0.00013583999999999992	1.8452505599999975e-08	4.030979752900002e-06	0.0	0.0	0.0	0.0	0.0	0.0	0.0	0.0	0.0	0.0	0.0	0.0
6651.500371013144	18.053022558993693	325.91162351553504	44242457.185588	5550.843906549903	14.678495583495533	30811868.07488219	215.45823259469785	4761.0566932393795	6.865252043440705	22667660.83623949	47.13168561996678	4733.101758025181	8913.23020853521	0.991521	23.741121	0.07255740000000001	0.0450382	-0.0018694024	-0.0189016866	-0.0141078012	0.0815918704	-0.0235919289	-0.05748917150000001	0.042801959	0.092152087	-0.0070620491	0.0516455629	-0.052550859400000004	0.0222783092	0.0398193358	0.0046262659999999995	0.088087665	0.0165076311	0.030329051	-0.0788655629	-0.020465417	0.0549917422	0.0375801955	0.0871868809	0.007416874	0.0227443235	0.0083535151	0.08648642349999999	0.08831015699999999	-0.062043828499999995	-0.0204675901	0.0832747764	0.0604682322	-0.021947098999999998	-0.023157599100000002	-8.46084e-05	0.0366486969	0.08844474220000001	-0.0970204149	0.008719214599999999	-0.0160939059	0.0525482916	0.0605400995	0.0477259094	-0.0495030706	-0.0437953122	0.0320223831	-0.023872206	-0.0157445356	0.0555255267	0.0001627976	-0.0120130757	0.0589586948	-0.026321486600000003	0.0413042829	-0.1393416816	0.0029431718	-0.0926755397	-0.0736032751	0.024405451	-0.1353287962	-0.0446661994	0.12265235769999999	0.0540452629	-0.12259787539999999	-0.1336433159	0.0207184384	-0.0033409837	0.049007563600000005	0.0610297813	0.0371375428	0.0804535887	0.028678758199999998	-0.055051263200000006	0.0695376392	0.022751245	0.15956557300000002	-0.0077827747	0.1145894287	0.0270274202	0.005329756800000001	-0.048963210300000004	-0.0904781762	0.0987528952	-0.0257245496	0.0876457065	-0.0218868841	0.06367524179999999	-0.0394912196	0.0815719196	0.25627950239999997	-0.0204999415	0.0360628561	-0.0290198379	0.029442117799999997	0.0284700632	-0.0193704183	-0.0535854258	0.0289360564	-0.0683063233	-0.007934789499999999	-0.0465256758	0.0267214156	-0.0504938981	-0.0151565021	-0.0858061457	0.0876322982	0.011413323000000001	0.0230460911	0.021653874500000003	0.08933297009999999	0.0891176061	-0.0209196997	0.0095459214	0.08911356640000001	0.0673431891	-0.0501197406	0.023685218199999997	0.0105331103	-0.022984221699999998	0.0193257482	0.1332884415	-0.006244510500000001	0.0310289058	-0.029592543199999998	-0.0850036204	0.0020450745	-0.050721416	0.05760398980000001	-0.0058058218	-0.05967912490000001	0.0004211551	-0.043311511500000004	-0.0186133146	-0.0380842032	-0.0522186419	0.06974038	-0.0005435158	0.1035183239	-0.0376488534	0.1306931534	0.0566651484	0.0225956897	0.0387570571	0.2096419725	0.0564825489	0.0282933925	-0.0066487385	-0.1059043561	-0.0555013695	-0.0036838837	-0.0167683594	-0.044368295999999995	-0.0746499983	-0.0515311626	-0.0611941018	-0.0647260562	-0.030701753300000002	0.020964311	-0.1317479474	-0.112820299	0.0059812468	0.1542947107	-0.1350101866	-1.8844400000000002e-05	0.0077230378000000014	0.1300769708	-0.0408447832	0.0266105431	-0.0361338089	0.041946513899999996	-0.053110661100000005	-0.1719448507	-0.10385930980000001	0.1251011732	-0.06655204769999999	0.0151944551	0.10240216519999999	0.0013697339999999998	-0.021436544	0.0296750372	0.025694958900000002	0.037951890499999995	-0.0373109379	0.0183770534	0.0108684455	-0.025232231600000002	0.026604565499999996	-0.06029096780000001	-0.006084071999999999	-0.09105714849999999	0.0181454677	0.0886536067	-0.029888491099999998	0.0	-0.0752029	0.0022293999999999786	0.005655476168410001	4.970224359999905e-06	0.0594288	0.008759000000000003	0.003531782269440001	7.672008100000005e-05	-0.28694400000000003	0.03367999999999993	0.0011343423999999956	0.08233685913600003	0.004806	-0.00049468	2.3097636e-05	2.4470830239999993e-07	-0.000539594	0.0	0.0	2.91161684836e-07	-0.00207083	-6.309999999999996e-05	3.9816099999999945e-09	4.2883368889000005e-06	0.0	0.0	0.0	0.0	0.0	0.0	0.0	0.0	0.0	0.0	0.0	0.0
6656.179405160866	4.6790341477217225	21.89336055554595	44304724.27368766	5555.560485624686	4.716579074783112	30864252.309434406	22.24611816868192	4773.8605104699245	12.803817230545066	22789744.17342417	163.9377356732027	4746.275484496081	8985.033566082655	1.005843	24.084038	0.10161730000000004	0.0718277	-0.025160116	-0.0355445261	0.0105285221	0.0173571254	-0.0234966719	-0.0558685984	0.0342285666	0.08849316130000001	0.0817650942	0.004406460300000001	-0.0027059031	-0.0120258311	0.0367324256	0.0498272689	-0.0093542188	-0.0313843139	-0.0592494829	0.008007176500000001	-0.085066116	0.060566522699999986	0.0542898426	-0.0205493367	0.0048614089	-0.034287274	0.0394846177	0.1028411209	0.06863383070000001	-0.04650695269999999	-0.0821782045	-0.0178649607	0.028910674100000002	-0.1335343358	-0.0392127549	-0.0737905836	-0.010538083799999999	-0.0142699067	0.0365570892	0.031532257200000004	0.0677516329	0.06999889349999999	0.032737012999999995	0.0725142588	-0.0333031372	-0.0008364678	-0.08901155029999999	-0.037303686600000004	-0.063817809	-0.0024685066	0.0732196294	-0.1211895792	-0.0369895454	0.008134969300000001	0.0590312292	0.0396584419	-0.05405818019999999	-0.0903147528	0.028423887000000002	-0.0500110301	-0.0009432449000000001	-0.0015886054999999998	0.025941510499999997	-0.0375532888	0.05799080700000001	0.01715307	0.028546239900000006	0.0358346998	0.0004788373	-0.115210044	-0.10490816310000001	-0.0756086756	0.11737396119999999	0.0315233226	-0.0427785256	-0.11629910859999999	0.1033868302	-0.008616657	0.0115361873	0.1438369868	-0.11042788029999999	0.06819135280000001	-0.0281291421	0.0662799587	-0.0502562143	-0.0317313671	0.0139287756	-0.0565095971	0.054325077699999995	0.0686079842	-0.0208199122	0.05019578400000002	-0.019124828899999998	-0.0182834572	-0.0142052772	0.019624498	0.0374498676	0.1552910195	-0.0883594358	-0.0131237599	-0.0466054383	0.0701317904	0.008437502	-0.053647041	0.0060382828	-0.0142656014	-0.019987933500000003	0.0068199306	-0.0366798013	0.0526996594	0.1094933937	0.0671949067	-0.0124860605	-0.0786209529	0.0026961599	0.039280684100000005	-0.1322602626	0.0376243774	0.0703127289	0.0070022658	-0.0065168651	-0.026692719	-0.0172895809	-0.0471292559	-0.061699883	-0.0852303838	-0.0590664597	0.046181350700000005	0.045765515599999994	-0.043653851699999996	-0.0468556196	-0.029308295699999997	-0.0242721579	-0.0636607029	-0.0898854153	-0.0518609393	-0.0795591227	-0.0405879178	0.0460682193	0.0524475472	0.037040093999999996	-0.0400995388	-0.053339077699999994	-0.0301325023	-0.075924975	0.0171832033	-0.0214691664	0.0176734136	0.0229994938	0.0878335083	-0.0228478611	-0.0142529493	0.0987413406	0.1497860131	0.0447019013	-0.1232199556	-0.015252673100000001	0.0531364227	0.0550219572	-0.11625724650000001	-0.0101289906	0.0276508184	0.0424090647	0.1582488692	-0.0447237812	-0.0690741083	-0.0060831033	-0.1387648621	0.0776673144	0.0648270963	-0.0215373417	-0.0579836952	-0.0518928938	0.0934401707	-0.0510380275	-0.0661597555	0.0418082286	0.0124983404	-0.0087435937	-0.0331358196	-0.0917073277	-0.1545081788	0.0165201123	0.0059618452	-0.0543479932	-0.0301694802	0.0399926403	0.0197973467	0.0195975347	-0.0072985341	-0.09070330289999999	0.0217113192	0.0872533671	-0.0355759084	0.0	-0.0670602	0.008142700000000003	0.00449707042404	6.630356329000003e-05	-0.008067299999999998	-0.0674961	6.508132928999998e-05	0.004555723515210001	-0.288432	-0.0014879999999999893	2.2141439999999683e-06	0.08319301862400001	0.00516829	0.0003622899999999995	2.67112215241e-05	1.3125404409999962e-07	-0.000539594	0.0	0.0	2.91161684836e-07	-0.00194331	0.0001275200000000001	1.6261350400000028e-08	3.7764537561e-06	0.0	0.0	0.0	0.0	0.0	0.0	0.0	0.0	0.0	0.0	0.0	0.0
6652.921927035204	-3.257478125661692	10.61116373916441	44261370.167225815	5537.04440359953	-18.51608202515672	30658860.727432877	342.8452935623318	4779.766872444283	5.906361974358332	22846171.3549158	34.885111772146075	4751.772455026914	8961.526442395216	0.874338	20.935266	0.09184699999999996	0.0472898	-0.0176642391	-0.0649262897	0.019474198	-0.06652642980000001	-0.0091141219	-0.0203134961	-0.0756250407	-0.002110097	-0.0018136564000000002	0.0387819483	0.08620401890000001	0.0079413473	0.040799158700000004	0.055532209699999995	-0.0167604448	-0.0779680016	0.024029441699999998	0.0028987538	-0.053974362000000005	0.0421459141	-0.0649682413	-0.0734760903	0.060650501399999994	-0.0150629797	-0.012622606100000001	-0.05828121360000001	0.027559131299999998	-0.0347694117	-0.056275472	-0.0524236775	-0.0028966194	-0.054771355300000005	-0.0613119984	-0.0859106473	-0.0124235908	-0.0156842701	0.0306545387	0.0604810303	0.0546012188	0.0609109266	-0.06471139969999999	0.058898027400000004	0.0248382492	0.0282362199	0.0096482792	-0.048212952	0.0637876123	0.1111958693	0.0046229369	0.0677428088	-0.0177981244	-0.021889600099999997	0.05097524	-0.0918224349	-0.0903959389	-0.0319060765	-0.04516492230000002	0.0239688759	-0.108126002	-0.0724705385	0.0669526123	-0.0533411313	0.0107270714	-0.0077838779000000006	0.022223047200000002	-0.0849404722	0.0320788063	-0.051743202099999996	-0.1239408793	-0.037277683799999996	-0.0362791901	0.0309523213	0.1077150142	0.029994550699999997	0.0049886524	0.0259408753	-0.053069381799999996	0.014335093600000001	-0.0439466959	-0.1479749515	-0.1029911803	0.0403287124	-0.0314272153	0.0031467674	-0.08493992759999999	-0.0020718228	-0.0108815267	-0.0401942691	-0.07205804269999999	0.0203105477	0.0327648706	-0.0497041197	-0.109599486	0.015825113300000002	-0.0886104593	0.0627713188	0.00218142	0.039246084900000006	-0.0394516286	-0.050386832400000005	-0.1289309812	-0.00039174150000000004	0.0423271704	-0.04672196	-0.0743480494	0.0597477104	-0.0129407703	-0.0109684851	-0.04983949309999999	0.0477087513	0.015454083300000001	-0.066755916	-0.0334789812	0.0058391426000000005	-0.052551423099999994	0.0687968474	0.0857396485	0.0151210667	-0.0047861067	-0.0385536639	-0.0519346529	-0.0449879257	-0.07314004240000001	0.0019263225	-0.08830280039999999	0.0305806086	-0.0083938829	0.032761397000000005	-0.0136503726	0.1028592056	-0.062083168499999994	-0.0190739386	0.041719831	-0.0235138208	0.06511392190000001	0.0074716945999999985	0.10431845640000001	0.0252739838	0.014863630800000001	0.1051386466	0.013586366499999999	0.0052980709	0.09880457599999999	0.0945815071	0.0639200563	0.053548463899999996	0.0291210824	0.13253217109999998	0.0128947333	-0.0014432851000000001	0.0797514746	0.0526882387	-0.0461440479	0.05454531	0.0015587170999999999	-0.0318392119	-0.061512156100000014	0.0489153938	0.0225319499	0.0338754138	0.0687978429	-0.0647153832	0.0774729196	-0.0946569499	0.025387187599999996	-0.1091298457	-0.0385184874	-0.026435671	-0.0646309756	0.0463213582	0.011725884099999999	0.0548969291	-0.0108962019	-0.0153563777	0.09719593039999999	0.0351252572	-0.012909208799999999	0.08063129940000001	-0.0188166834	-0.0085126784	-0.0805813603	-0.0251129867	-0.0093514262	0.067221871	-0.100701149	0.048104405999999995	-0.0833471359	-0.0085117137	-0.0902857102	0.0252428406	0.08560788050000001	-0.0411071044	0.0	-0.05292919999999999	0.014131000000000013	0.0028015002126399987	0.00019968516100000032	0.0319972	0.0400645	0.0010238208078399997	0.0016051641602499998	-0.301566	-0.013133999999999979	0.00017250195599999944	0.090942052356	0.00545457	0.0002862799999999999	2.97523338849e-05	8.195623839999991e-08	-0.000427554	0.00011204	1.25529616e-08	1.82802422916e-07	-0.00185128	9.202999999999988e-05	8.469520899999979e-09	3.4272376384e-06	0.0	0.0	0.0	0.0	0.0	0.0	0.0	0.0	0.0	0.0	0.0	0.0
6636.066826363757	-16.855100671446962	284.09441864461184	44037382.92396555	5543.111496936985	6.067093337454934	30726085.06747498	36.80962156539006	4776.2387064714585	-3.5281659728243535	22812456.18119615	12.447955131795618	4747.95771982181	8841.009736244781	0.918432	21.991066	0.05130550000000001	0.0300722	0.017809226299999998	-0.100580722	0.0357256258	-0.0665685725	0.0433068743	0.09482333109999999	-0.1418914103	0.015044672	-0.043533616799999994	-0.0030257878999999997	-0.0143013275	0.051276353899999995	0.0731028247	0.0012559394	-0.0015819066	-0.11978711130000001	0.0124544679	0.0155376844	-0.001982453	0.1375683328	0.11546661550000001	-0.047154401900000004	0.0918757853	-0.0371636205	0.048204404299999996	-0.0111606817	-0.0693318723	-0.0399259259	-0.0839599699	-0.004238548	0.0221638208	0.014254881	-0.0438485675	-0.08985224720000001	-0.0391732315	0.1282004451	0.0080820159	-0.036359419	-0.011766500400000001	-0.049321145999999996	0.0626802374	0.023176263	0.0181777982	0.0734364404	0.055010146600000004	-0.0461475101	-0.0356530497	-0.044048614900000005	-0.0753836421	0.034924921	0.0431461557	0.068532174	0.025008600699999998	0.0541620954	0.0055692431	0.0977735658	0.0599348006	-0.19849511600000005	-0.018611156	0.0510403714	0.0146408296	0.024704074500000003	0.0619106607	0.0138292732	-0.0175340857	0.0283606541	-0.0019578245999999997	0.0177817691	0.0772426767	0.07666427519999999	-0.0171550668	-0.0199189002	0.11529037800000001	0.0012438586	-0.0782626909	-0.005353933199999999	-0.021872353599999998	0.0785403081	0.0818063261	0.0439235695	0.0440130359	-0.1384946413	-0.04494891610000002	-0.025249258599999998	0.0121615309	0.1079168475	0.0108554889	0.0436267671	-0.0391234059	-0.029806955099999997	0.0346322353	-0.1215085848	-0.06725600400000001	0.0379627914	-0.0703458265	0.0942547249	-0.07680819559999999	-0.0561884389	-0.1326083821	-0.0408645169	-0.064723511	0.0137525946	0.0009623866000000001	-0.19094805199999998	-0.047313435	0.09171783689999999	-0.040327295	0.0473366154	-0.0187378651	-0.0349902112	0.0727900929	-0.06269038730000001	0.0331546386	0.0267364069	0.0085097699	0.0323249473	0.10633483349999999	0.0410069967	0.1121385106	0.042020082800000004	0.0170787403	0.0066830552	0.0875435102	-0.0412670951	0.0019179477	-0.0042644321	-0.0343231423	0.0847297463	-0.043750627800000004	0.0039868913	0.0280560152	0.0774248273	-0.0170414051	0.0620236636	0.0084272089	0.0289943704	-0.0026332001	0.0124887124	-0.0951326355	-0.042769861	-0.19495310489999998	0.07463371519999999	-0.008485862700000001	0.0002206505	-0.0609133075	-0.0199401133	-0.0094606279	0.0025566594	-0.011747615500000001	-0.035809051099999996	-0.0462360011	-0.0518962201	0.0113093838	0.0228550654	-0.0729282228	-0.1531345102	-0.0224157013	0.0832070209	0.041378314900000004	0.014114055600000001	0.0301724806	0.0252287971	-0.0855386749	0.1095192375	-0.11039027609999999	0.045458308899999994	0.0235626175	-0.0855710523	-0.0476046791	-0.08815820529999999	0.0341025716	0.021541594900000002	-0.0858233202	-0.12121133099999999	0.0794569866	0.0528353196	-0.0181794879	-0.0073544404	-0.029317451600000002	-0.0681329589	-0.0227744879	-0.1098168585	-0.026557520499999997	-0.0561123817	-0.10671330710000004	0.0229849539	-0.1579984798	-0.0097233977	-0.0898046638	0.028734448	0.0837217722	-0.04645779059999999	0.0	-0.05127	0.0016591999999999855	0.0026286129000000005	2.7529446399999526e-06	0.0269069	-0.005090299999999996	0.0007239812676100001	2.5911154089999955e-05	-0.275533	0.026033000000000032	0.0006777170890000015	0.07591843408899998	0.00528787	-0.00016669999999999966	2.79615691369e-05	2.7788889999999887e-08	-0.000415264	1.228999999999998e-05	1.5104409999999947e-10	1.7244418969600004e-07	-0.00165981	0.00019147	3.6660760900000005e-08	2.7549692361000004e-06	0.0	0.0	0.0	0.0	0.0	0.0	0.0	0.0	0.0	0.0	0.0	0.0
6627.041310608274	-9.025515755482957	81.45993465247109	43917676.53250864	5543.114222495537	0.0027255585528109805	30726115.28363231	7.428669424801086e-06	4765.78110722699	-10.457599244468838	22712669.562001716	109.36138195791521	4737.438959576595	8681.532232745729	0.971112	23.252443	0.035235450000000015	0.0184951	0.0546791858	-0.0798913731	-0.0405401748	-0.021726341	0.09171230429999999	0.033550492	-0.0549973283	-0.0284063092	-0.1100923516	0.0013153126000000001	-0.11284342970000001	-0.08179864519999999	0.1101599357	-0.0552286369	0.0772487599	-0.11282341470000001	-0.0438061537	0.1291278725	0.0278809785	0.1237367487	-0.0020631751	0.024210473399999998	0.05567869	-0.0201314575	-0.0012323628	-0.052834538	-0.0777173579	0.0425789304	-0.044655977300000003	0.051796646200000004	0.0079512201	-0.0941928724	0.0209844734	-0.0248988365	-0.0418323796	-0.0231275304	0.0819568326	0.0353863825	-0.0080889967	-0.023357117599999998	0.0525399722	-0.020096506899999998	0.0732551023	-0.0466657275	-0.058055823799999996	-0.0687639787	0.0230550966	0.0026858315000000002	0.0077368985	-0.0872824796	0.014170674599999999	0.1619641643	0.0822272065	0.13352858480000002	0.031542222599999996	0.045493501	-0.007142921	0.014267729299999999	0.0026472632	0.023199811400000003	0.0798657667	-0.0090416959	0.055204042300000006	-0.06803916410000001	0.018709508700000002	-0.015993168000000002	0.0159892256	0.0421954002	0.0240247148	0.0406550178	-0.08284811759999999	0.0589296516	0.0120640821	0.005348663399999999	-0.038126649	-0.0133553744	-0.09569429289999999	-0.0151918725	0.073873592	-0.0423908283	-0.1622013622	0.042292593499999996	-0.014227324599999999	0.029168899100000006	0.0099538565	0.0160205635	-0.0614690755	-0.0772218684	-0.0025917913	0.025985085699999997	-0.053369331299999996	-0.11114602529999999	0.0029858758	0.07760926110000001	-0.0119094025	-0.0132169241	0.07026403839999999	0.0011937303	-0.0776112328	0.1213319907	-0.009083089300000001	-0.0697740955	0.007102893000000002	0.08351239769999999	0.0254666117	0.0539009811	-0.0229322791	-0.0180119552	-0.054562472	-0.0886635559	0.0108309171	-0.0094219999	0.0566327162	0.0031921221999999996	-0.0898703303	-0.017419970400000002	0.0303090033	0.034883367799999995	0.030476482599999997	-0.09892345699999999	-0.0485591717	0.017352466100000002	0.0416366292	-0.038750982999999996	-0.009914593499999999	0.039989531	-0.0696457693	-0.0917871227	-0.0146696607	0.0630238805	0.012918791	0.0222012845	-0.1542853358	0.0814361148	-0.1329127398	-0.0109591205	-0.022976184	0.036742152400000005	-0.0688168316	-0.043266747800000005	-0.0014208289000000002	-0.0348168383	0.0096259925	0.0744645803	0.0010729471000000001	0.031509665	-0.0755391543	0.0627765123	-0.0182602837	-0.051293455599999996	-0.0327200854	-0.055890580599999996	-0.0450130905	0.05703819900000001	0.0677081292	-0.0596337979	-0.018681235900000003	0.0866718054	0.1039514546	0.048902088899999994	0.0273373275	-0.0690002158	0.0418362647	0.083984756	0.0760932979	-0.108985877	-0.0100936731	0.0095253878	-0.0034740859000000003	0.0220477567	0.0735083096	0.011714582	0.0315640873	-0.11796889349999999	0.0172223176	0.0664443401	0.0807865197	-0.0288617642	-0.027199392599999997	0.0669973432	-0.039659975	0.0367408021	-0.1403855239	-0.0200218531	0.0169179127	0.0389836419	0.0601762475	-0.0109333732	-0.0892605018	0.0321806203	0.0816003433	-0.0516044709	0.0	-0.0520439	-0.000773899999999994	0.00270856752721	5.989212099999907e-07	0.0411242	0.0142173	0.00169119982564	0.00020213161929	-0.28031300000000003	-0.004780000000000062	2.2848400000000596e-05	0.07857537796900002	0.00511588	-0.00017199000000000034	2.61722281744e-05	2.9580560100000115e-08	-0.000310189	0.00010507500000000003	1.1040755625000011e-08	9.621721572100001e-08	-0.00169203	-3.2219999999999905e-05	1.0381283999999941e-09	2.8629655209e-06	0.0	0.0	0.0	0.0	0.0	0.0	0.0	0.0	0.0	0.0	0.0	0.0
6639.348871836226	12.307561227951734	151.4760633797809	44080953.44195297	5511.411888194279	-31.702334301258816	30375661.001329225	1005.0380001487712	4757.905057138677	-7.876050088312695	22637660.5327458	62.03216499361042	4729.666192970515	8750.656649478044	0.976602	23.383883	0.06526959999999997	0.032785400000000006	0.0297587575	-0.0432158567	-0.0870506556	0.08441514300000001	0.0312469473	-0.0509988521	0.0690164103	0.008484614599999999	-0.09522827539999999	0.049467800199999995	-0.06893978889999999	-0.060992497	0.0426045543	-0.0563680088	0.1128512958	-0.0425445489	0.03607797	0.0216442604	-0.0370044618	0.0060029264	0.07060831990000001	0.0911866817	0.0527716906	0.0004896046	-0.0436537537	0.0036475056	-0.089706286	0.049139998399999996	0.048562575499999996	0.1305780834	0.04703958849999999	-0.026949029500000003	-0.0408077387	-0.0048863807	0.0099965016	0.009540756800000001	0.1320606588	-0.018193148200000002	-0.0308313556	0.0323736552	-0.0537507804	0.0262317497	-0.01360638	-0.072799447	0.041756124900000004	0.0060722099	0.0860467016	-0.0436862176	0.0626265676	-0.1235048394	-0.036207846	-0.0808711711	-0.0234387331	0.0097429888	0.0338671573	0.0467675794	-0.0459832393	0.0361725535	0.0435399654	-0.0705638216	-0.0022605252	-0.0083892776	0.0645385714	0.0018573329999999999	-0.0181204601	-0.0256484131	0.09539114230000001	-0.0035325921000000002	0.0620196242	0.0160807209	-0.0230380768	0.035043618	-0.039002952599999995	0.0231212531	-0.09007417150000001	-0.0792988354	0.1302436243	0.087259227	0.029225285400000002	-0.024582413100000002	0.1051078712	0.0048457516999999995	-0.0284848808	-0.0559493295	-0.1194185489	-0.05235522769999999	-0.1206744388	-0.0038526601	-0.0171547567	-0.045093431399999995	-0.0732785836	0.0590263028	-0.0944472262	0.010407230600000001	-0.0087389032	0.0266167987	0.0784901117	-0.091965795	-0.0406128969	-0.0941615361	-0.0047012776000000004	-0.0699617646	-0.0650595	-0.0047070418	0.09250233710000001	0.05279480190000002	-0.0020576914	-0.062096694699999996	-0.0031141686	-0.0992589235	0.0090908236	0.0876012082	0.1031697677	0.0302693139	-0.033017166	0.0325209776	0.0156814515	0.004388849199999999	0.06889284379999999	-0.1097958944	0.0029103946999999995	0.07213301849999999	-0.0473824225	0.0162032584	-0.052368813099999995	-0.0475767868	0.03510765	-0.0518076196	0.043833972199999995	0.044102109800000004	0.0818750505	-0.041933880699999995	-0.0205976961	-0.1104122334	-0.0340703496	-0.0768926815	-0.0788154083	-0.055081041	-0.0326294824	0.030077288100000002	0.032143625499999995	-0.06297374730000001	0.026981829	-0.0489230418	-0.0395423077	-0.0128885258	0.0325863682	0.0565595862	0.038367039	-0.0633068271	0.0009377696000000001	-0.1042931962	0.0311799391	-0.0104499742	0.0453258462	-0.001439734	0.058156891399999994	0.1029189607	-0.1438856084	0.0086182189	-0.0006948101	0.030006820899999998	-0.11033204619999999	-0.030256312900000002	-0.0796396818	-0.0175011528	0.0190583935	-0.0725203356	0.10862166349999999	0.10668010859999999	-0.025669994900000003	0.0532326757	-0.0113286483	-0.0166715029	0.08407863199999999	-0.0668472521	-0.029448477400000006	0.0434389908	-0.0485488018	0.07700049860000001	0.1081750425	-0.0645920664	0.0196971247	0.0170620769	0.0072224983	0.06945610349999999	-0.0839541516	-0.0121414276	-0.0886536067	0.0355759084	0.0792495569	-0.0565245452	0.0	-0.05769650000000001	-0.005652600000000008	0.003328886112250001	3.1951886760000085e-05	0.055257400000000005	0.014133200000000004	0.0030533802547600005	0.00019974734224000016	-0.27820500000000004	0.0021079999999999988	4.443663999999994e-06	0.07739802202500003	0.00465544	-0.0004604399999999994	2.1673121593600007e-05	2.120049935999995e-07	-0.000558015	-0.00024782600000000004	6.141772627600003e-08	3.11380740225e-07	-0.00185128	-0.0001592500000000001	2.5360562500000032e-08	3.4272376384e-06	0.0	0.0	0.0	0.0	0.0	0.0	0.0	0.0	0.0	0.0	0.0	0.0
6681.864471209497	42.51559937327147	1807.5761900685213	44647312.81161178	5558.7616541443795	47.34976595010085	30899831.12758596	2242.0003355293293	4766.152570160045	8.247513021367922	22716210.322043207	68.02147103763343	4738.480902317679	9071.523353202534	1.282594	30.710594	0.07517555	0.046405400000000006	-0.056910462	-0.0733534499	-0.0546133967	0.188762318	-0.0387087213	-0.1115815712	0.08609201650000001	0.1398768991	-0.006264258399999999	0.025759328999999997	-0.0435873651	-0.0233386988	-0.027331957900000002	0.13290010060000002	-0.032454394500000004	-0.0285678458	0.06099606480000001	-0.0321365155	-0.040418321800000004	0.003337033	0.0994552094	0.0542118324	0.0653540103	0.018295229399999998	0.015410323899999996	0.159592875	0.10375319289999999	-0.039431397400000005	0.0170188765	0.0976456201	0.0518469326	-0.0599425675	0.0481832584	-0.0871428759	0.1144773568	0.0449452972	0.11284475460000001	0.020013965	-0.1166760695	0.0389320177	-0.0376754657	-0.0889508235	0.0136844128	0.057668316	0.10457714189999999	0.0544886646	0.0419266584	0.1438984961	0.0066627959	0.0238404398	-0.062066999500000004	-0.07308116490000001	-0.12274872460000001	-0.0701209466	-0.0584461117	-0.0041328583	0.0086701648	0.0327283944	-0.0803566815	0.0208470001	0.0150068845	-0.0793619267	-0.1156303182	0.054780272000000005	-0.0867076647	0.032584475099999996	0.08582378539999999	0.0124835054	0.0366938527	0.0748235498	0.0344413688	-0.0105641217	0.0806496086	-0.04266439019999999	-0.1008050947	0.0393619275	-0.0594067268	0.0645283772	-0.0260909214	0.0762440388	-0.0028166313	0.0065596735	-0.0650397421	-0.07826590509999999	-0.1130451091	0.0522568594	-0.0443388546	-0.014066813899999999	-0.0171473777	-0.011221398600000002	0.0414430035	0.048337772800000005	-0.0405999754	-0.0976902559	0.0674666597	0.034894812000000004	0.0026345634999999997	0.022446753399999998	-0.1426529913	0.0909637264	-0.0577649161	0.0455148527	0.0032236465000000003	0.0920183631	0.0530301772	0.0661950784	0.014742307	0.0278958476	0.1609874815	0.07499124	-0.048954012699999994	0.0539677395	0.0849644136	0.0555338939	-0.0884996006	-0.0430601442	0.074034817	-0.10355510429999999	0.0695980045	-0.0627055471	-0.0371482308	0.1026647929	-0.0505094375	0.0528816502	0.0866524492	-0.0601054019	-0.0455310094	0.12807379800000002	0.0662783267	0.0673411514	-0.1198982341	-0.057110957699999985	0.12496919949999999	-0.1464219968	0.0655783419	0.0277320141	-0.0190569564	0.014004605600000001	0.0473684893	0.0539472745	0.0063838089	0.0294342682	0.029464780099999997	0.053990412800000005	0.082762584	-0.13811075960000002	0.0459641112	-0.0776545193	0.026463518999999998	-0.0386276796	0.0739644515	-0.03917424	-0.0024956753	-0.011445606799999999	-0.059634459	-0.0732344071	0.0341283812	0.039292034100000005	0.0530633425	-0.021595618599999998	0.0454647558	0.12017175199999999	0.0211977396	0.0467520399	-0.042406554900000004	-0.0271329945	-0.0221248404	-0.1313730011	0.0194841913	0.0518159984	0.0001875729	0.0458436172	0.031141938199999997	0.0636002803	0.0266284888	-0.056050178099999994	-0.0350880817	0.0189185189	-0.0807384551	-0.0334914178	-0.0534034359	-0.0867964133	-0.1007177248	-0.1179081149	-0.0475312954	-0.013798375900000001	0.11943160480000001	-0.013347348700000001	-0.087984405	0.0389149436	0.07667602009999999	-0.061196408499999994	0.0	-0.0530182	0.004678300000000003	0.00281092953124	2.1886490890000032e-05	0.013694799999999998	-0.041562600000000005	0.00018754754703999995	0.0017274497187600006	-0.260825	0.017380000000000062	0.0003020644000000021	0.06802968062499999	0.00469244	3.699999999999971e-05	2.20189931536e-05	1.3689999999999782e-09	-0.000363922	0.00019409300000000005	3.767209264900002e-08	1.32439222084e-07	-0.00185128	0.0	0.0	3.4272376384e-06	0.0	0.0	0.0	0.0	0.0	0.0	0.0	0.0	0.0	0.0	0.0	0.0
6687.55834586415	5.693874654652972	32.42020858289951	44723436.62933725	5547.432870021678	-11.328784122701109	30774011.44739696	128.34134969876473	4770.851874649605	4.699304489559836	22761027.60984765	22.08346268559723	4743.214992250858	9308.551656345404	1.313601	31.453047	0.04667915000000007	0.0265282	-0.12071563789999999	-0.09983832880000001	-0.0365792319	0.0232593363	0.1062258538	-0.0155900503	-0.0623475682	0.041454871000000004	0.16601751380000002	0.0381870007	0.053990427699999996	-0.1153130656	0.0037237001	0.0456077439	0.0628559366	0.0395845341	0.0992377857	-0.041249779	0.0189027351	-0.035465901200000004	-0.0038789415999999997	0.0152962328	0.082843014	-0.0338171511	0.0038271963000000003	0.0078450697	0.0678769074	0.0323405169	-0.0544801308	-0.0190622424	0.06292156809999999	-0.1245305567	0.0033553182	-0.0350862804	-0.0122319086	0.06303477019999999	0.015567011100000003	-0.0064200433	-0.0661371461	0.0812456974	-0.0955221631	-0.0199541775	-0.0163430095	0.11578530599999999	0.0017983195000000004	-0.0427977978	0.0651532357	-0.1004546566	0.0148637524	-0.2248582634	-0.11757096880000001	0.028863975899999998	-0.10208438130000001	-0.0255315148	0.09977416869999996	-0.0190658478	-0.0408814673	-0.003701383	0.0885920566	0.1037442591	0.0436275567	0.0517862637	-0.1373827637	0.02374438	0.0175687843	0.0166426432	-0.0098334749	0.1333586709	-0.0394407799	-0.0687454044	0.09277929789999999	-0.0345501581	0.0194250292	0.0474770798	0.09804742470000001	0.0007847597	0.0356990245	-0.1289036223	0.0635885217	-0.0999023303	-0.015166122800000001	0.0294348681	0.08442977869999999	-0.049224508300000004	0.0531022087	0.0168217396	0.054541783499999996	-0.0238883011	-0.0644079248	0.0087954477	0.0577599394	0.0035768429999999997	-0.0366745547	0.0814177655	-0.0140421288	0.0049123887	-0.014590829599999999	-0.0238638911	0.025168242799999997	-0.0099373493	0.1357415113	0.0327917434	-0.0188965429	-0.021419291400000002	0.015097376200000004	0.080117103	-0.039869162	0.0089660411	0.011313894	0.0192691782	-0.0701145099	-0.0640509014	-0.0326668731	0.0681022607	-0.13687722119999998	0.0032136218	0.03595061	0.0187006956	0.04720418690000002	0.0300682139	0.0113460096	0.0661764243	-0.0809174251	0.045666001500000004	-0.0073688131000000014	0.07793883480000001	0.0032263064	0.0944615293	0.0587448105	0.0772623958	0.09770001369999999	0.0065922301	-0.0325471187	-0.1457231889	-0.1554133003	0.0318921033	-0.0827494546	-0.1057637834	0.08234461230000001	-0.06293595860000001	-0.0030765684	-0.09748404810000001	-0.058156444	0.054387257300000005	-0.005346863100000001	-0.0024703783999999998	-0.0533155183	-0.1899745856	0.0893261093	-0.0090669675	-0.0766819263	0.0881223705	-0.1159992961	-0.0361445501	-0.04347888	0.0206693489	-0.049281682400000006	-0.0735123929	-0.042625232199999995	-0.007162152	-0.12086006199999999	-0.1280726679	-0.0098634468	-0.041148772	-0.0177170205	-0.049734954000000005	-0.09089388640000001	0.0402836416	0.0123154624	-0.0511752486	0.0530601204	-0.043614219800000006	-0.0219852051	0.04569797900000002	0.0319530171	0.0682621214	-0.025084117000000003	-0.026871322599999997	0.0466270283	0.026311169300000003	0.0200206729	0.0378222422	0.0521513974	-0.0551807371	0.1159906358	-0.0795930659	-0.0479497895	-0.0145509244	-0.0872533671	0.0421924464	0.0738869668	-0.0655995455	0.0	-0.0545944	-0.0015761999999999927	0.0029805485113599994	2.484406439999977e-06	0.0238759	0.010181100000000005	0.0005700586008100001	0.00010365479721000009	-0.280374	-0.019548999999999983	0.00038216340099999935	0.07860957987599998	0.00496081	0.0002683700000000004	2.4609635856100006e-05	7.202245690000023e-08	-0.000403009	-3.908700000000004e-05	1.5277935690000033e-09	1.6241625408100008e-07	-0.00185128	0.0	0.0	3.4272376384e-06	0.0	0.0	0.0	0.0	0.0	0.0	0.0	0.0	0.0	0.0	0.0	0.0
6675.235963445737	-12.322382418413325	151.8411084656219	44558775.16767934	5523.45613143696	-23.97673858471808	30508567.63590855	574.8839931599086	4779.665758860202	8.81388421059728	22845204.76642067	77.68455487781604	4751.761159654442	9292.653313664372	1.308688	31.335394	0.11747654999999994	0.0705056	-0.09605781210000001	-0.0274052373	0.0876003013	0.0464183855	0.1356642604	0.1676338313	-0.047517288600000006	-0.0072478047	-0.0273397438	0.0402066316	-0.0011558705	-0.0637008591	0.0692862202	-0.09868779429999999	0.0467203298	0.053981984299999994	0.0701162753	-0.0020337626	-0.0632710141	-0.0504968955	0.0261802946	-0.062767788	0.0687544464	0.1036666071	-0.1094401081	0.0525053547	-0.015087406499999999	0.0617496025	0.0938474105	0.09713455720000001	0.0524172192	0.035261293	0.0079814244	-0.0553948096	-0.0698982041	0.0117882215	0.0003358439	-0.0502430325	0.0907250617	0.1220749709	-0.0718537778	-0.12999017470000002	0.07864445269999999	-0.0626315692	-0.006567871800000001	-0.0871825691	0.1115923448	-0.09555887390000001	0.022212679500000002	-0.0133729382	0.0341903512	0.0253073039	0.032072404	-0.0390606441	-0.0876175865	0.0725100546	-0.0824975465	0.0255698438	0.10861845869999999	0.0414823367	0.0033607284999999996	-0.0746721461	-0.0713987554	-0.0715557013	-0.0590446837	-0.0112376786	0.10241435689999999	-0.024741344300000002	-0.0032909569	-0.1564378441	-0.0277789825	-0.0766534847	-0.0754133221	-0.0118648852	0.052896715	-0.0321410903	0.1037051601	-0.1258442236	-0.0105410877	0.1246136424	0.0625271675	-0.0203554383	0.0491450788	-0.096449237	0.11301882519999999	-0.023670339900000004	0.1758109035	-0.0806584943	-0.0736892587	-0.09076308710000001	-0.04899068559999999	0.0649080679	0.0136120899	0.0035819437	0.0132598708	-0.10197929130000001	0.0162846116	0.0186913176	-0.0080197629	-0.024902538199999998	-0.0020940561	-0.040304023	0.058069075199999994	-0.0274126243	-0.0640871657	0.0680887879	0.1037759895	-0.11622473359999999	0.044457034699999995	-0.0560102042	-0.045752756	0.1016082051	0.043474377800000005	0.0476202415	0.0135022748	-0.019376953500000002	0.055959652699999994	0.0778506427	0.013146698	0.0171333207	0.06351965799999999	-0.0572560266	-0.1540533214	0.028725467999999997	0.0661192936	-0.0456002982	-0.0744850288	-0.0976464031	0.061505221900000004	0.0999077603	0.13898330109999998	0.036990439900000005	-0.0404668694	0.0471681232	0.0366690822	0.0287526369	0.0502329641	-0.0243532908	-0.0135143622	0.09147841820000001	0.0395934536	-0.125438129	-0.0791927036	0.0264824878	0.0751007496	-0.052184665899999996	-0.08014324219999999	-0.0328420958	0.10960817490000001	-0.0932237047	0.025729767999999997	0.044004809000000006	0.1202587084	0.0164351129	-0.0620632069	0.1038833641	-0.012586362299999999	-0.06628281280000001	-0.1304454662	0.0026329715	-0.1677034147	0.06619685139999999	0.0164187263	0.0132248952	-0.0814693378	-0.0014581047	0.0014064744	0.1274008236	-0.051214402199999995	-0.0767317024	0.0934699708	-0.1024665708	-0.013777709499999999	0.0357836281	-0.0416227238	-0.1272513858	-0.0205188809	-0.0124901224	0.0938789519	0.0837959225	0.0019083845000000001	-0.036031473700000004	-0.0618737462	0.0716334591	0.0314683682	-0.0182029607	-0.0162144027	-0.0157519435	-0.0864610066	0.045403234199999996	0.070890236	-0.0697146213	0.0	-0.0623034	-0.007709000000000007	0.00388171365156	5.942868100000012e-05	0.087035	0.0631591	0.007575091225	0.00398907191281	-0.308456	-0.02808200000000005	0.0007885987240000028	0.095145103936	0.00498711	2.629999999999993e-05	2.4871266152100006e-05	6.916899999999966e-10	-0.00025615	0.000146859	2.1567565881e-08	6.561282250000001e-08	-0.00204865	-0.00019736999999999988	3.8954916899999956e-08	4.1969668225e-06	0.0	0.0	0.0	0.0	0.0	0.0	0.0	0.0	0.0	0.0	0.0	0.0
6662.404728074619	-12.831235371118055	164.64060114903108	44387636.76067104	5540.849283338564	17.393151901604142	30701010.78067348	302.5217330722757	4780.827101294737	1.1613424345350722	22856307.77247424	1.3487162502518486	4753.027238021835	9122.055996689642	1.33633	31.997261	0.19902495	0.14219	-0.0494911965	0.028954175800000002	0.0721228984	0.0830582601	0.1246248549	0.12097198460000001	0.050627828	-0.0239712767	-0.06773139980000001	-0.072313533	-0.0224333723	-0.067028348	0.028774173599999998	0.064952759	0.046750655999999995	0.057492792699999996	-0.0979269169	0.009849379	0.09620885470000001	-0.030738225	0.018801388500000002	-0.0817667259	-0.0636256007	0.1911690707	0.09360261710000001	0.030922653999999997	0.0083857736	0.0760401832	-0.0256198314	0.0346412969	-0.1136435711	-0.1279474534	0.1241930947	0.0642220715	-0.14373482210000002	-0.0157387325	-0.025128355499999998	-0.0403520755	0.0139752598	-0.0818654746	-0.038467880600000004	-0.0358424173	-0.0760969049	0.0257208391	0.0136927834	0.0045275543	-0.00040015739999999997	-0.13333304880000002	-0.0373100685	-0.13982128789999998	0.0056005113	0.0717382434	-0.039817729700000005	0.0297207946	-0.08225075700000001	-0.0988981265	-0.120837791	-0.0488847308	-0.0302115064	-0.0665538978	-0.0360049394	0.0563531667	-0.0828106362	-0.09492930150000001	0.0154211108	-0.1118005423	0.0309970406	0.006572514200000001	0.030895446400000002	0.0597561074	0.012938033500000001	-0.0075191213	-0.0690358626	0.12326112339999999	-0.0995904403	-0.0597125251	0.014526848899999997	-0.028850145	-0.0978050506	-0.0494172242	0.02073422	-0.1067676708	-0.0455422837	-0.0489432028	0.0672309392	0.0497342266	0.047705356100000006	0.0253701354	0.0655026739	-0.048468704800000005	0.0035328997999999998	0.024207125	0.0089697498	-0.055580477999999996	-0.043228988600000004	-0.08551330060000001	0.0142532745	-0.025169074	-0.11129722439999999	0.1034935925	0.0136699775	0.0363714446	-0.072623882	-0.150995876	-0.0825678915	-0.061787761399999995	0.18716541829999997	0.0908871433	0.0215192884	-0.0587035907	-0.0728118182	-0.0114491386	0.0195487799	-0.1058142179	-0.1323340564	-0.12305098589999999	-0.0607625887	0.1284871683	-0.0254602937	0.0071295287	0.0408964321	-0.0459899994	0.0469821743	0.0686744062	0.0344234034	0.0207018005	0.0728414892	0.0305815696	0.0470701156	-0.038268022	0.1302989398	0.058937735199999994	-0.1333800024	-0.0427766829	-0.089684051	-0.0027731375	-0.0347774964	0.0743461335	0.10622721660000001	0.08646476089999999	-0.040682125	0.0112555817	0.0476692072	-0.0292373581	0.0538782744	0.1244537095	-0.041517131400000004	-0.0287755548	0.057440019400000014	0.033511045	0.0019453148000000001	-0.11856183529999999	0.000297902	-0.0799244638	0.0303102502	0.0593774953	0.0309515257	0.1419665068	-0.049171315199999996	0.0127941341	0.012285376499999999	-0.0287095997	0.0980996984	-0.0240693358	-0.0843391663	0.08834627699999999	0.0145484777	-0.0068013938000000005	-0.0005093281	-0.1114017216	-0.0689422028	-0.0732488186	0.033036963100000004	0.0077794082	-0.0232066447	-0.024260059	-0.018464132	0.0500537624	0.0680548784	0.044393359699999996	-0.048062619800000005	-0.0467618454	-0.0683609958	-0.17646163850000002	-0.0697176729	-0.0111121832	-0.0981520725	-0.0169501947	-0.08560788050000001	0.048542230199999994	0.067694251	-0.0735235656	0.0	-0.065147	-0.0028435999999999947	0.0042441316090000005	8.086060959999969e-06	-0.0493748	-0.1364098	0.0024378708750400005	0.01860763353604	-0.346508	-0.038051999999999975	0.001447954703999998	0.120067794064	0.00498049	-6.620000000000584e-06	2.48052806401e-05	4.3824400000007726e-11	-0.000352621	-9.6471e-05	9.306653841e-09	1.24341569641e-07	-0.00171735	0.0003312999999999999	1.097596899999999e-07	2.9492910225000007e-06	0.0	0.0	0.0	0.0	0.0	0.0	0.0	0.0	0.0	0.0	0.0	0.0
6645.418337030845	-16.986391043774347	288.53748069201737	44161584.8741458	5538.3390439118775	-2.510239426686894	30673199.36531873	6.301301979293347	4772.0897841634005	-8.737317131336567	22772840.90811669	76.34071065354745	4744.407982914019	8904.731376878484	1.409011	33.737541	0.14110404999999998	0.0990747	-0.0099941832	0.010830270800000001	-0.011926606999999999	-0.046593868899999995	0.1383547111	0.052828700199999995	0.0316294185	-0.0424528472	0.0183481826	-0.1127895633	-0.0392176831	-0.1221689112	0.022582894300000003	0.0656100238	0.0155366347	0.07033286679999999	0.024624038199999997	-0.0729966104	0.0293584845	-0.08917708519999999	-0.0778612041	-0.0133953767	0.0010631987	-0.035756005	-0.0724162124	-0.08907311849999999	-0.0405233353	0.11760470560000001	-0.006505724	0.0242921102	-0.0105442852	-0.0349757394	0.0648766672	0.0355033068	0.021791945400000002	-0.0407162168	-0.015768816	0.029664098700000002	-0.008277315	-0.0077073988	-0.029627742400000007	-0.0527199308	-0.0332652228	-0.0016344198	-0.025978289100000003	-0.0246466077	0.0358056025	0.023359500699999997	-0.021356599700000003	-0.0735924874	0.0715508114	-0.0024024913	-0.0107070055	0.0080766307	-0.0255968185	0.0613395362	-0.0489675611	0.0064339903	-0.050974108399999996	-0.08032116639999999	0.021423402799999998	-0.0239772193	0.0194756675	-0.0753964567	0.0951766702	0.024108615099999998	-0.057454485199999995	-0.0072940879	0.0128474503	0.0826635082	-0.0482237998	0.028088823	0.008661430999999999	-0.1468903469	-0.0005056407	0.06174377230000001	0.024490124500000002	-0.1610233334	0.0057916742	0.10885374960000001	0.017483505700000002	0.11132526849999999	0.056923387699999994	0.09814193019999999	-0.0023431418	-0.049719970999999995	0.0097278142	-0.0165673426	-0.000870405	-0.0620362914	0.026989289700000002	-0.047191279800000006	0.0095244652	0.0677582068	0.08421900869999999	-0.0671893311	-0.0039215177	-0.0136176992	-0.029242850600000002	-0.13436564480000002	-0.0532176364	-0.0169899152	0.0152141629	-0.0368926288	-0.0141604421	-0.0021866098000000002	-0.0361307631	-0.08532628880000001	-0.0907534965	-0.0933281633	-0.0606688854	-0.021185435	-0.0034950326	-0.0157076882	-0.0336431334	-0.0529817392	-0.0462219695	-0.033409184700000004	-0.0405327885	-0.013533176899999999	-0.0250883703	-0.0049167931	-0.013068385200000001	0.0289342262	0.0612156112	0.0376148652	0.0274192727	-0.029188988	0.0170235433	0.0398760338	0.0012072882	0.0329347754	-0.0879058559	-0.0324223986	0.039667344199999996	-0.0062436736	-0.028970631099999998	0.0177113061	-0.0141943078	0.0243404167	0.0033082078000000003	-0.046275274400000004	0.0977458825	-0.0086355792	0.0630345928	0.0184001809	-0.0271477354	0.0412656281	-0.08676198199999999	-0.0060505027	-0.06662927440000001	-0.0454923511	-0.0029331665000000002	0.06458621269999999	-0.0177024876	-0.1037661864	0.09243906660000001	-0.15042580949999998	0.0352418643	-0.1119554819	-0.1577739196	0.0717660443	0.0349417137	0.0191476023	0.0989850942	0.0289545196	0.0320230024	0.0463201168	-0.0336251051	0.0673091673	0.0233458106	-0.0339665256	-0.005394238000000001	0.0059586443000000005	-0.0214816271	0.0150723697	0.0336502713	-0.1231790958	-0.0002842603	0.0682061802	0.016800458799999998	-0.0599208276	-0.013626166499999998	0.1012967366	-0.0210706832	0.041542760299999995	-0.07787896009999999	-0.0181454677	-0.08469458839999999	0.0516044709	0.0643079948	-0.0770096525	0.0	-0.0644298	0.0007172000000000013	0.004151199128039999	5.143758400000017e-07	0.0458451	0.0952199	0.00210177319401	0.00906682935601	-0.35180500000000003	-0.0052970000000000525	2.805820900000055e-05	0.12376675802500002	0.00562806	0.0006475700000000001	3.16750593636e-05	4.1934690490000014e-07	-0.00036852	-1.589899999999999e-05	2.527782009999997e-10	1.358069904e-07	-0.00185128	-0.00013393	1.7937244899999997e-08	3.4272376384e-06	0.0	0.0	0.0	0.0	0.0	0.0	0.0	0.0	0.0	0.0	0.0	0.0
6644.053860886898	-1.3644761439463764	1.8617951473987724	44143451.7063661	5522.091989381526	-16.247054530351306	30493499.93919162	263.9667809122089	4767.458264058713	-4.631520104687297	22728658.29954172	21.450978480122632	4739.812538140987	8875.479661537107	1.023735	24.512447	0.06996219999999997	0.0367411	0.00010973020000000001	0.0403083821	-0.0043031171	0.0604539626	0.031896019500000004	0.014731353700000003	0.0717288142	-0.0527577919	-0.0841381519	0.0274065172	-0.0226915007	-0.056728588899999995	0.0299052046	0.0333092604	0.0081674751	0.0372655115	0.0368546108	-0.0563317577	0.043229176200000004	-0.0089996265	0.0332832517	0.0251058883	-0.0012144372	-0.040818990699999995	-0.0299272169	-0.018555944799999998	-0.015469242	0.0646738973	0.1125839408	0.0420043902	-0.0249789559	0.0197127338	-0.0130583968	0.0298971819	0.031138305800000002	-0.0631948876	0.0624494838	0.0131544701	0.0091558086	0.0038164499	-0.05827043320000001	-0.022716358500000002	-0.0462016284	-0.012791248	-0.08447983380000001	0.1102483147	0.0324111711	0.0469313154	-0.09197582539999999	0.0202962046	0.0232597359	-0.005582777099999999	0.02072116	-0.0013022303	0.022387338700000002	-0.0046579692	0.043769018300000004	0.0031405482	-0.09876388779999999	0.0802428163	0.0830791814	0.0342221109	0.0073756402	-0.06211853730000001	0.0444567057	-0.0083379278	-0.0090002964	0.0233831172	-0.08822521970000001	-0.1194981831	-0.050196322300000006	0.0186169321	0.0362893693	-0.1292789524	-0.0259884641	-0.104824678	0.0404747553	-0.0886417561	0.026913004	-0.1338145909	-0.0210096393	0.061141354	0.062399022699999994	0.1029851824	0.0808242534	-0.0833616037	-0.04771956769999999	0.0014154323999999998	0.0947059686	-0.01589989	-0.0893791632	-0.1253963104	0.0168702499	-0.0423959433	0.004461321	0.0957138749	0.0114424388	-0.09068539810000001	0.09655753630000001	-0.0583140404	0.0486098263	-0.0096481173	0.06418458169999999	0.0866077208	0.024702788399999998	-0.0031272584	-0.0401717633	-0.0451479833	-0.0195840174	-0.0479960336	-0.0384760615	0.1179627066	0.0133982757	-0.0391605833	0.0210943479	0.023542080400000002	-0.0334183938	-0.028495615699999997	-0.0109280337	-0.08672770390000001	-0.0074261892000000015	-0.0009365908999999999	-0.0355412763	0.043830367300000006	0.0108509317	0.06260602400000001	0.0468161347	-0.0444867772	0.08395176359999999	-0.0458745257	-0.0785370598	0.0744494544	0.0041841002000000006	0.0120529529	0.0319364254	0.0029809877000000003	0.010813966999999999	0.0008941528999999998	-0.0304244703	-0.0611212113	0.0007983355999999999	0.061617563	0.067826855	0.1178636073	-0.0403460826	0.0380665261	-0.04936252940000002	0.013834211	0.000618646	-0.0225171114	-0.0023046407	0.11348271189999999	0.0215027502	0.0823975814	0.0403048201	-0.0519467999	0.11746427699999999	-0.0080813441	-0.0357416909	0.0737378566	-0.0636944185	-0.1349819105	0.0131475191	-0.0995788284	0.1302489204	-0.021609601699999998	-0.0064603759999999994	0.13567510289999998	0.015743463500000002	0.0023813217000000003	-0.041201954900000004	-0.0828335405	-0.006326757	-0.0398460202	0.04447928599999999	0.025348438900000003	0.1492284512	0.024863785	-0.0981037782	-0.0101782591	0.10920169869999999	0.037208819	0.0257393474	0.10405132550000001	0.0147604726	-0.0697938187	0.0595389955	-0.0193375523	-0.0837217722	0.054585114299999994	0.0607409853	-0.0801575741	0.0	-0.0694196	-0.0049898000000000034	0.00481908086416	2.4898104040000025e-05	0.017175	-0.028670099999999997	0.000294980625	0.00082197463401	-0.333887	0.017918000000000045	0.0003210547240000016	0.11148052876900001	0.005384399999999999	-0.00024366000000000055	2.8991763359999988e-05	5.9370195600000276e-08	-0.000406076	-3.7556e-05	1.4104531360000006e-09	1.64897717776e-07	-0.00193775	-8.646999999999995e-05	7.477060899999991e-09	3.7548750625e-06	0.0	0.0	0.0	0.0	0.0	0.0	0.0	0.0	0.0	0.0	0.0	0.0
6646.337193816664	2.2833329297654927	5.213609268151469	44173798.09391077	5530.951417455828	8.859428074301832	30591423.582256634	78.48946580372746	4764.705902756622	-2.7523613020912308	22702422.3397638	7.575492737249335	4737.178612315006	8876.84264809476	0.829476	19.861084	0.05050919500000002	0.027161900000000003	0.0010595859	0.0315819023	0.0085875402	0.1160518057	0.028541251299999997	0.016514046100000002	0.1427418104	0.0533316365	0.0351550987	0.0678793369	-0.0023230372	-0.0335548454	-0.0006475835	-0.0005113649	0.0038993216999999997	-0.0020241313	0.011902238700000001	-0.09475281710000001	0.0666567082	0.0480187868	0.020844086799999998	0.0602858367	-0.0337995511	-0.028346782	-0.0178464019	0.1009504898	-0.0245587221	0.0632575676	0.042028127699999994	0.0605278897	0.0101375164	-0.0369971522	0.030593119900000007	0.0929534569	0.0441163871	0.0095294862	0.0666209358	-0.0542094262	-0.025761535699999998	-0.0027447103999999997	-0.0512725063	0.0191869309	-0.059156887400000004	-0.0725716946	0.0749006416	0.052396173399999996	-0.0274158425	-0.012157304099999999	-0.006945209	0.06671575589999999	-0.0054832964000000005	-0.0151402355	0.07296037820000001	0.0607942837	0.0724030009	-0.0713436329	-0.05507327309999999	0.023165575499999997	0.0496242359	-0.08551976730000001	0.0409442648	0.060005024299999994	0.0020267722	-0.058853817	0.10909066419999999	-0.020185648100000002	0.003992106	0.044227769400000005	-0.1111579976	0.0205591339	-0.0187824919	0.0770431567	0.0897182668	0.0531080691	0.074580201	-0.0315651059	-0.0932636116	-0.16288913189999998	-0.012649799	-0.0423885062	0.0720978644	-0.0466635967	0.0684798494	0.050092060099999995	-0.0387382117	-0.09021639320000001	0.0260577781	0.0532887335	-0.0258257762	0.050267283600000004	0.015269055600000001	0.018417556	0.076379357	-0.0053782441	0.0276904109	0.0994414556	-0.0472468375	0.0152938698	0.0762866999	-0.0202160686	-0.0432248899	-0.08799323699999999	-0.058707575899999996	-0.019760435700000002	0.0595524694	-0.0365481976	-0.0278609303	-0.0190423597	0.1020064168	-0.06607631230000001	-0.040135468	0.0524989637	0.036833571	0.0039478027	-0.0362194535	-0.0253061398	-0.09785217800000001	-0.0417773922	0.040287160499999995	-0.045187300599999994	0.0426427486	0.0562228558	-0.0195207741	0.0451911449	-0.0171663222	-0.1023839846	0.07393770059999999	-0.0126491304	-0.0028518065000000003	-0.039718240499999995	-0.009145714499999999	0.013246213500000001	0.0563212778	0.0838175159	-0.0077847977	-0.0640116178	0.0022096438	-0.0350606019	0.061224990800000004	-0.0124681236	0.0241641306	-0.068621771	0.051643196399999994	0.0097632459	-0.035820621600000005	0.1502765455	-0.027410422200000003	0.0201391418	-0.0447303618	-0.0460717067	0.011432096000000001	0.0097122398	-0.1691014985	0.0237588987	0.038345212000000004	-0.0451896295	-0.0793613597	-0.0362735835	0.0198833203	0.042050494400000006	-0.1257063581	-0.059402292	0.0421718646	-0.0624141307	0.0129313768	0.1054801232	0.0186434296	0.0913991309	-0.043862746900000006	0.0495300065	-0.08818475	0.079442098	-0.017853699299999998	0.0010607366	-0.0693575343	0.0078858737	-0.0152903968	0.004024928	-0.051639180800000004	-0.0423992991	0.0172061063	0.024069019700000003	0.10074737240000001	-0.0092603945	0.0094614515	0.10561373810000001	-0.077654754	-0.0205262391	-0.0826901155	0.0574794475	0.0570032484	-0.082953507	0.0	-0.06805800000000001	0.0013615999999999904	0.004631891364000001	1.8539545599999745e-06	0.000740155	-0.016434845	5.47829424025e-07	0.000270104130174025	-0.31351100000000004	0.02037599999999995	0.0004151813759999979	0.09828914712100002	0.0053207	-6.3699999999999e-05	2.8309848490000008e-05	4.057689999999874e-09	-0.000309511	9.6565e-05	9.324799225000002e-09	9.5797059121e-08	-0.00185128	8.646999999999995e-05	7.477060899999991e-09	3.4272376384e-06	0.0	0.0	0.0	0.0	0.0	0.0	0.0	0.0	0.0	0.0	0.0	0.0
6648.998678562977	2.6614847463133633	7.083501054858705	44209183.42753222	5537.599054764925	6.647637309097263	30665003.2913334	44.1910817933019	4766.374164295314	1.668261538691695	22718322.67406185	2.783096561477982	4738.443583292941	8884.43266368847	1.029829	24.658361	0.07932390500000001	0.0384491	-0.0028587363	0.025603141800000003	-0.017916082	0.030131876600000006	0.11047887529999999	-0.0022430829000000003	0.0077139263	-0.0518398248	0.1398123218	-0.057349533700000004	-0.0098183521	-0.0879521664	-0.0449721808	-0.0362768501	0.0872712507	0.07269335860000001	-0.005918203	-0.058875680199999995	0.0223579183	0.0695492152	0.0910935202	0.0487379448	-0.049170629400000006	-0.058981943099999996	-0.0034608386999999997	0.0018936072	0.0264986056	0.1536090692	-0.08014343809999999	0.0278537567	-0.0364666566	-0.00487643	0.0273445758	0.0248790884	0.0111463733	-0.0194133535	-0.0032242152000000004	-0.0086087773	-0.0397444218	-0.0176517497	-0.0378547345	-0.011664003999999999	-0.1183752321	-0.1182216031	-0.0700486875	0.0170597641	-0.0680372417	-0.1026981027	-0.038321136400000004	0.0100975527	0.0260762596	0.0105547388	-0.022283356	0.0582938951	0.0538232674	0.047090888399999996	0.0763047936	0.0912530295	-0.0157507205	-0.0002988816	-0.016255267900000002	-0.0098052955	0.0352276183	0.1069107268	-0.0648495369	0.0739390649	0.0583334279	-0.0901744541	0.0777826388	0.0631190879	-0.039049367599999996	0.0564768236	0.0174792024	0.0727904075	-0.0999088883	0.0333963748	0.036061475	0.029014855899999997	-0.0648472514	0.0829196339	-0.1625990694	0.0584919492	-0.0129399931	0.0170972675	-0.0697247593	0.0209211147	-0.0005432817	-0.046150843399999995	-0.0822224671	0.016427523700000002	-0.0190352661	-0.048813435	-0.0658085452	-0.011718806000000002	-0.0160631031	-0.0191285941	0.0032870395	-0.030621242599999998	0.1014398524	-0.0209661857	-0.0281935642	0.0416283409	0.1018864421	-0.0535207507	0.0499528891	-0.051556985300000004	-0.0600369167	-0.008650279200000001	0.0005650661	-0.0662496941	-0.1393475746	-0.0891011691	0.0291425233	-0.0319077692	-0.0076504664	-0.0297908494	-0.0216167876	-0.0155482468	-0.006790889699999999	-0.0050684765	0.0015551476000000002	0.0373001368	-0.0136213077	0.0368272657	0.057575355099999996	0.006201336700000001	0.141088173	-0.09712874560000001	-0.030268636	-0.09105459279999999	0.0512045047	0.054954943099999994	0.0024349167000000003	0.0193118021	-0.031772815499999996	0.0130281143	-0.07229836099999999	-0.013809602399999999	-0.05325518	-0.0881912267	0.0354842442	0.0207196666	-0.0177926638	-0.0038023204	-0.0139533625	-0.0939446303	0.10899672460000001	0.0163079444	-0.0527340473	-0.0134150472	0.08469886210000001	-0.1226373233	0.0266338567	0.0125208902	0.0393309042	-0.0147485379	-0.0694489396	0.033063701699999996	-0.047316718099999995	-0.0467034153	0.06364641509999999	0.08717279539999999	0.1151891498	0.0873382603	0.0761035248	-0.0904951206	-0.0831812751	-0.05378804190000002	-0.05170957650000002	0.0427748055	0.0766403106	0.0299019722	-0.0178776725	2.449860000000001e-05	0.050697512699999996	-0.0015648847	0.06070639780000001	0.0192547472	0.0411494122	-0.0069787085	0.0175908231	0.08073963070000001	0.058498110599999986	0.0704309475	-0.0931682262	-0.0641689357	-0.0504613309	-0.0217113192	-0.0816003433	0.060282893899999995	0.053105289900000005	-0.0853851737	0.0	-0.0729326	-0.004874599999999993	0.00531916414276	2.376172515999993e-05	-0.0233761	-0.024116255	0.0005464420512100001	0.000581593755225025	-0.333243	-0.01973199999999992	0.0003893518239999967	0.11105089704899997	0.0056238	0.0003030999999999997	3.1627126440000004e-05	9.186960999999984e-08	-0.000434612	-0.00012510099999999994	1.5650260200999993e-08	1.8888759054400001e-07	-0.0020351	-0.0001838199999999997	3.378979239999989e-08	4.1416320099999985e-06	0.0	0.0	0.0	0.0	0.0	0.0	0.0	0.0	0.0	0.0	0.0	0.0
6646.008879975611	-2.98979858736584	8.938895593014774	44169434.03271468	5543.243686526773	5.6446317618474495	30727550.56821893	31.86186772685704	4771.040927776187	4.666763480873668	22762831.534515467	21.77868138641613	4743.295942420241	8858.741150948368	1.068053	25.573601	0.06177194999999995	0.05487080000000001	0.0025273788	0.0083556137	-0.0076488432	-0.0136617925	0.0838775095	0.0031203555999999998	-0.0526459002	-0.0594839317	-0.0750359954	0.08379874150000001	-0.0233512437	-0.0501165937	-0.022751279	0.0007585814	0.0245833213	-0.052187673399999995	0.0953633482	-0.0285832037	-0.0131811584	-0.0049047191	-0.0113917006	0.0080084951	-8.50438e-05	-0.0687999743	-0.049601901500000004	-0.042256962099999996	0.0423419809	0.0325125733	0.0670780432	0.1176823266	0.06514438040000001	-0.00841229	0.0432961084	0.09322403369999999	-0.1457377945	0.013638853999999999	-0.0438821879	0.054663072400000005	-0.0044831365	-0.0052861633	0.10229101369999999	-0.0491507618	-0.097190888	-0.0178647785	0.0591519276	0.0583674221	0.0599127907	-0.0677792266	0.06790772070000001	0.09747267	0.16887628010000005	-0.0805657455	0.0300267732	0.009552341800000001	-0.0563481066	0.0506898222	0.058562043099999996	0.0456016388	0.0175880824	-0.0004648203	-0.061003985	-0.012062738600000001	0.07357075639999999	-0.0530181984	-0.0222578084	-0.0087427788	-0.1098414855	-0.0431740133	-0.011272876299999998	-0.014705196799999999	0.0957717113	0.026983669199999998	0.0063735473	0.006404236	0.1009854744	-0.1143347056	-0.0575909203	0.0719287513	0.0585858372	-0.0331259282	0.0279752272	0.0768886051	-0.022438996200000002	-0.0187643126	-0.0270227964	-0.014564175300000001	-0.0235759828	0.0590720393	-0.09367361099999999	-0.133033075	-0.0925533751	-0.0103992299	0.0568670393	0.0907110775	-0.0044511288	-0.1093726216	0.0340233534	0.0089416085	-0.005865835600000001	0.0354300583	-0.08862678880000001	0.0311468182	-0.039988727	0.0549582666	0.0079530163	-0.00023983740000000002	-0.0658625643	-0.0665548243	-0.0525592425	0.008713869	-0.0579620697	0.10493043490000001	0.0823901798	0.0574171267	-0.018031024	-0.035804881499999996	-0.0987236757	0.13780119470000002	-0.042243530599999995	0.0396296016	-0.04247037730000002	-0.0344687289	0.053680088	-0.0871810823	0.0797959662	-0.061423854800000004	0.0634725032	0.0298914263	0.09442374810000001	-0.040575449799999996	0.0835903031	-0.0576470103	-0.023278007000000003	0.0705896385	0.1786979894	-0.0433617892	0.0013588356	0.029925728999999998	-0.0779017108	-0.0058854519	0.0664542984	0.0708100129	-0.0345729351	-0.09607571050000001	0.0068578224	-0.0032101699	-0.0426326477	0.046959598	-0.0564310113	0.0657554646	0.0259065854	0.021150123599999997	-0.0159607539	-0.0579657964	0.0119060245	-0.0130212467	-0.06939708950000001	0.0160252468	0.041885698799999996	0.0802943518	-0.0347280081	-0.0397964396	-0.1314789092	-0.0377797656	0.024951808500000002	-0.0983199663	0.056222160199999996	-0.0099286367	0.0484872525	0.0169168918	-0.0197698358	0.0012876666	-0.1025713701	-0.0893508619	-0.0577672597	-0.10764242550000001	-0.0095133798	-0.0889279944	0.0820602319	0.087869085	0.0244370935	0.0032011315999999996	-0.0560950333	-0.0076287497	-0.0737724875	0.0677769882	0.0765532463	-0.0228925844	-0.0804532217	0.0629910206	0.049058066100000006	-0.08744189640000001	0.0	-0.0747029	-0.0017703000000000024	0.00558052326841	3.1339620900000088e-06	0.0312383	0.0546144	0.0009758313868899998	0.0029827326873599997	-0.333323	-8.00000000000245e-05	6.4000000000039194e-09	0.11110422232899997	0.00557732	-4.647999999999978e-05	3.11064983824e-05	2.16039039999998e-09	-0.000473307	-3.8695e-05	1.4973030249999995e-09	2.2401951624899998e-07	-0.00205607	-2.0970000000000367e-05	4.3974090000001525e-10	4.2274238449000005e-06	0.0	0.0	0.0	0.0	0.0	0.0	0.0	0.0	0.0	0.0	0.0	0.0
6640.8675377807895	-5.1413421948218465	26.433399564255513	44101121.65435068	5546.304488781022	3.0608022542492117	30761493.482272513	9.36851043961705	4778.051769868867	7.010842092679923	22829778.71554701	49.151906848492594	4750.1779249462625	8864.989320765817	1.0552260000000002	25.266466	0.05352726	0.033031	0.0104990024	0.0309642477	0.053364673499999994	0.0861792881	0.0440129685	0.0622400085	0.0267206415	0.0866284027	0.0056118283	0.0515872203	-0.0072088071	0.0031715077000000003	-0.0758557184	-0.0331204884	0.021408893300000002	-0.0151745049	4.8577e-06	-0.0346845326	0.0192513463	0.0525402691	0.0766383459	-0.049448780899999996	0.029051152200000006	-0.0165378911	0.005070904199999999	0.1142888974	-0.030546992599999996	-0.032874089599999996	0.0606123428	0.070793383	0.009432594499999999	-0.0042952716	0.0124441994	0.0500928596	-0.0244821369	-0.012541238799999998	-0.0379324307	0.0049055253000000005	-0.036029744700000005	-0.039433297799999996	0.08485581980000001	-0.1102286277	-0.0667581095	0.021305606499999998	-0.0212460343	0.021166525699999997	-0.0419028884	-0.0539713075	-0.041710567000000004	0.0429044231	-0.06449785799999999	-0.011225796699999999	0.0157096886	0.025862417000000002	0.1011745923	0.091888604	-0.0432895231	-0.0325378082	0.0730626453	-0.0786767963	0.13528480810000001	-0.005909856800000001	0.0314989916	0.060081082699999996	-0.1156532557	-0.011550478999999999	-0.0672895704	-0.0022311134	-0.0319421197	-0.0102086898	-0.016399555700000002	-0.076636215	-0.0516098174	-0.0282533606	0.0711569351	-0.0236598716	-0.0319082577	-0.0026825934	-0.053402050199999995	0.044882873899999995	0.0800187846	0.0019494381	-0.0300476628	-0.09891380710000001	-0.0542697923	0.14501842339999998	-0.0400934277	0.040414824700000004	-0.07806176179999999	0.0370919636	0.0052263451	0.0350711069	0.0685226846	0.0253976436	0.0850101738	0.012433044499999999	-0.0046490632	0.1028931878	0.07921547820000001	0.0714018099	-0.0914750359	0.037019428300000004	0.0275607646	0.1163469326	-0.0496472313	0.0267721319	-0.0196760648	0.0085310478	0.11391069460000001	-0.0251024802	0.0348483464	0.0694831149	0.0458503633	0.0090232012	-0.012578018799999998	-0.0167353608	-0.055485555	0.0312450462	-0.043805205300000004	0.0265805689	-0.002475369	0.0071933943	0.0651425846	-0.0227243579	0.13370566960000002	-0.024638771	0.0174425925	0.0344707157	0.012225166599999998	-0.038780921	0.009708747700000001	0.0439419453	0.0450949142	0.0745836703	-0.0618775222	-0.000124757	-0.045492302699999994	-0.09023825349999999	-0.014086228700000003	0.0086825425	-0.0470750725	-0.14737394199999998	0.0586632787	-0.012660286699999999	-0.10149261400000001	-0.12988797230000002	-0.024124428700000002	0.0425248187	0.0395896337	0.0945590842	0.036344211	0.0372191792	-0.0295088633	0.0109469038	-0.039156206	0.08121794269999999	-0.0136822756	-0.0594918567	0.0388285666	0.0497689903	-0.05402475650000002	0.0571154634	-0.0038482899	-0.013190703100000001	-0.0300434755	0.019241380500000002	-0.0048507194	-0.1519694553	0.08001308230000001	-0.0775002869	0.0481206084	0.0787123711	-0.0041428019	0.0296700737	-0.0678185887	-0.042221530099999995	-0.0403167796	-0.08127979169999999	-0.0229442875	-0.0476974541	-0.0567516179	0.09468205710000001	0.018227764	0.0115260658	-0.0269371475	0.049562332599999995	0.1489813114	-0.0240698272	-0.0792495569	0.0655995455	0.044872952699999996	-0.0891146434	0.0	-0.07624989999999998	-0.001546999999999979	0.005814047250009997	2.393208999999935e-06	0.00582889	-0.02540941	3.39759586321e-05	0.0006456381165480999	-0.312959	0.020363999999999997	0.0004146924959999997	0.097943335681	0.00555647	-2.0850000000000212e-05	3.08743588609e-05	4.347225000000087e-10	-0.000494234	-2.0927000000000008e-05	4.3793932900000047e-10	2.4426724675599995e-07	-0.00213843	-8.236000000000007e-05	6.783169600000012e-09	4.572882864900002e-06	0.0	0.0	0.0	0.0	0.0	0.0	0.0	0.0	0.0	0.0	0.0	0.0
6632.102621225741	-8.76491655504833	76.82376221696029	43984785.17846935	5563.634952835921	17.330464054898588	30954033.88841756	300.34498435813185	4781.315892016893	3.2641221480253084	22860981.65925329	10.65449339722935	4753.412831031129	8765.154712312898	1.199612	28.723667	0.06166242	0.036211	0.031836895	0.013993355800000001	0.006040817800000001	-0.0684243314	0.1155665993	0.0327805751	-0.0762880474	-0.0204238413	0.13985987019999999	-0.0836750818	-0.0170145928	-0.024834155	-0.06602575940000001	0.0280075604	-0.0393180096	-0.007969737099999999	-0.041784322799999996	-0.060541894699999994	-0.026073697200000003	-0.0045122077000000005	-0.022030945099999998	-0.0822334504	0.0015299948999999999	-0.0254627988	0.0416882206	-0.0206549267	-0.0574221212	0.0163177595	-0.1441809407	-0.09680311359999999	-0.0044372721	0.0570894651	-0.0366754745	-0.0179948251	-0.0423753837	0.1667895137	-0.0086275659	-0.042392054299999996	-0.008922324399999999	-0.027422360299999997	-0.035424411499999996	-0.050584900999999995	-0.07519808509999999	0.0481270949	0.0364791069	0.017692395	-0.0259765564	-0.0718460063	-0.1020540237	0.0993793981	0.029538912999999997	-0.04619679769999999	-0.018633514	-0.0562470033	0.10410070839999999	-0.0095086335	0.0254556996	0.0589468212	-0.0361797892	-0.1596457703	0.1237415335	-0.0438942127	0.0966360747	0.0939394751	-0.0116863099	0.0466143306	0.0217002923	-0.05236815349999999	0.018748846200000002	0.0433638189	0.0947662414	-0.08133388150000001	-0.0218832854	0.0016657925	-0.022162567400000003	-0.0258349904	0.11023453470000001	-0.0316985067	-0.0329157268	0.07983403929999999	0.0288936667	0.0564592442	0.0378919407	0.0458009238	0.1936235575	0.0505473929	0.0295190983	-0.044816303099999996	-0.10693883009999999	0.0924152676	-0.11257513109999999	-0.0552523137	-0.023311599300000003	-0.0256968771	-0.0383705031	-0.039755166	0.025635747	-0.0919872011	-0.0306252885	0.0729240218	-0.0008530111	-0.0610859976	0.0023868787	-0.0124437114	-0.0825564791	-0.0003748568	-0.027227435	0.0454250343	-0.0210329976	-0.0592160218	0.025210638599999998	-0.1617333836	-0.0453272405	0.008358173299999999	0.0518440216	0.028452709399999998	0.029285086600000006	0.0605098083	0.1332846552	0.0934665693	0.024717586899999998	-0.0037172601	0.0201981001	0.0271371808	0.055459004699999995	-0.0282231564	0.060500754800000014	0.0921744131	0.0068797221	-0.031959508399999996	0.0246536167	0.0913809773	0.0799800455	0.048861330300000005	0.0541259214	0.0436859081	-0.015950565700000002	-0.075775067	0.0654858883	-0.0507160533	0.0331068897	-0.0605940938	0.11318928	-0.0136607894	-0.0808745137	-0.1171014311	0.1137375855	0.1254163456	-0.0797673595	-0.0117259547	0.0357913334	-0.0257460748	0.0023153962	-0.0943961405	-0.0726743788	0.0086479715	0.0145559602	0.0163836062	-0.053712875599999994	-0.0472179786	-0.0427286511	0.012438658799999999	-0.0162650844	-0.0142052013	0.0731145568	0.0558943737	0.0651767065	0.0618801988	0.0115859677	-0.1312322712	0.1927029736	0.019361846000000002	-0.031887699	-0.0924370783	-0.003582588400000001	0.0180420151	0.09618251380000001	0.076931015	0.0646903446	0.0016321945000000002	0.0933165325	0.0548412243	-0.11554101	-0.0160331822	0.0217447217	-0.0072703651000000005	-0.0233316992	-0.0252428406	-0.07799019459999999	0.0681043441	0.0405617128	-0.0903960694	0.0	-0.0802472	-0.003997300000000023	0.006439613107840001	1.5978407290000187e-05	-0.009246130000000005	-0.015075020000000003	8.549091997690009e-05	0.0002272562280004001	-0.34320500000000004	-0.03024600000000005	0.0009148205160000029	0.11778967202500006	0.00573418	0.0001777100000000002	3.28808202724e-05	3.158084410000007e-08	-0.0005580159999999999	-6.378199999999998e-05	4.068143523999996e-09	3.113818562559999e-07	-0.00214382	-5.389999999999649e-06	2.905209999999621e-11	4.5959641924e-06	0.0	0.0	0.0	0.0	0.0	0.0	0.0	0.0	0.0	0.0	0.0	0.0
6628.468298057299	-3.634323168442279	13.208304892676324	43936591.978350624	5566.961497049021	3.3265442131005334	30991060.30962628	11.065896401712644	4778.082621897863	-3.2332701190298394	22830073.541682355	10.454035662611233	4749.987564698423	8701.658494168427	1.1153400000000002	26.705841	0.042992530000000063	0.035094199999999985	0.0449562051	0.0266732673	-0.0146579194	-0.0377296379	0.017829743500000002	-0.0405608967	-0.017561406499999998	0.0011057897999999999	-0.0635530016	-0.04194952440000002	-0.0513511589	-0.0089709235	-0.0528916867	0.08282628759999999	-0.0854150498	0.0129582784	0.0701893953	-0.0604817	-0.1366073649	0.07647640929999999	-0.0875391262	-0.0502453239	0.010864866899999999	-0.026543463700000002	-0.017365298300000002	-0.028131638900000002	-0.0613904583	-0.0157228609	0.0286721264	-0.023022911	0.025073076200000002	0.0565083256	-0.0351539002	0.0665607092	0.0424263142	-0.0398248374	0.037815035	-0.0096138603	-0.0098076859	0.0047621114	-0.0737473481	0.1432454751	-0.1242575993	0.060963134100000003	0.0122983724	0.0587100357	0.0080728681	-0.0751257741	-0.002515408	0.1017682733	0.0131101251	-0.075317034	-0.0461325099	-0.0792224967	-0.0095955901	0.0547749684	0.022690790099999997	-0.015357069099999999	-0.1343639163	-0.0033686465999999997	-0.09732787220000001	-0.0201301417	0.0057979903	-0.059517592599999995	0.060583355	0.0003274243	0.0784383691	-0.0804548775	0.005840360699999999	-0.0080397497	-0.0396166336	-0.1047236719	-0.0090337344	0.027417511600000003	-0.0416440973	-0.0687935304	0.0135409881	-0.0011392497	0.0329352015	0.1239798144	0.1336750567	0.0492210025	-0.0359987338	0.0413819968	0.0209412432	-0.0181231227	-0.0259551652	-0.0548808092	0.034693725	0.026153427000000003	0.0588622964	-0.1164544906	0.0092255488	0.0506569346	-0.061593592300000014	0.031186439500000007	-0.056782512699999996	-0.0765450156	0.0195080325	-0.0316718921	-0.027022462	-0.061394108499999996	-0.006096612800000001	0.053763718700000004	-0.0493827103	0.0123939106	-0.0263537617	-0.0200142009	-0.030361977400000007	-0.027172509100000002	0.051014521900000005	0.0165691814	-0.0047599057	0.0241708865	0.07181804209999999	0.0491134038	-0.06753184820000001	-0.0361229102	-0.017755132	-0.056144773099999996	0.0215638631	0.0203508213	-0.0202849506	0.0157969476	-0.1024097512	0.041244293599999995	0.1567531961	0.1140404025	0.011096943500000001	-0.0713192726	0.0490581999	-0.0036690203000000004	0.10929539519999999	-0.0361617701	0.1092591725	0.0450831102	0.006341197099999999	-0.0207571523	-0.0494912011	-0.0059629929	0.0018155686999999998	0.10445071439999999	0.0802357393	0.0010195576	0.0782107546	0.0768745411	0.0041925882	0.0517305776	0.0029943253999999996	-0.0769830765	0.0101276537	-0.0316646306	0.1107827063	0.022022435	-0.1156638198	0.0686670695	-0.0002207135	0.025338761600000002	-0.0476507567	-0.0128038323	-0.0860989618	0.0698476548	-0.07287615480000001	0.0363379029	0.0200540191	0.057718987699999995	0.11699763789999999	-0.0239513737	0.0320698643	0.0641360371	0.0316575255	-0.0690828161	-0.0047553813	-0.0550463166	0.0334970147	0.1189493911	0.0719766565	0.0166603923	0.0316997913	-0.0529607729	0.051591985099999994	-0.0160386706	0.0413527412	0.0387525902	-0.0022880513000000002	0.0502375337	-0.005047104	-0.0264114187	-0.07667602009999999	0.07050145570000001	0.0361364644	-0.09128054740000001	0.0	-0.0802518	-4.599999999993498e-06	0.006440351403239999	2.1159999999940182e-11	0.0244083	0.033654430000000006	0.0005957651088899999	0.0011326206586249007	-0.343241	-3.599999999992498e-05	1.2959999999945986e-09	0.11781438408099998	0.00557621	-0.0001579700000000003	3.10941179641e-05	2.4954520900000104e-08	-0.0005580159999999999	0.0	0.0	3.113818562559999e-07	-0.0021718	-2.7980000000000372e-05	7.828804000000205e-10	4.716715240000001e-06	0.0	0.0	0.0	0.0	0.0	0.0	0.0	0.0	0.0	0.0	0.0	0.0
6632.49405461566	4.025756558361536	16.20671586719092	43989977.38451208	5543.106045819879	-23.85545122914209	30726024.635204896	569.0825533459769	4777.56579411286	-0.5168277850025333	22825134.917077243	0.26711095935062484	4749.19799601483	8749.714340716417	0.939397	22.493055	0.04344085000000007	0.0187059	0.0334693003	0.0420406413	0.0071485417	0.0250411099	-0.0561404365	0.0093733173	0.06583292389999999	0.0675428212	-0.0479420657	0.023652271000000002	0.0295964685	0.0577420418	-0.036076763399999996	-0.0124081759	0.0089158668	-0.051680078899999995	-0.0416385233	-0.013389915700000001	-0.0861418122	-0.0855575244	-0.028094794	-0.0444036071	-0.0047646463	0.00045818510000000004	-0.0177830198	0.056881762999999995	-0.043546105599999996	-0.0650411385	0.0029021009	-0.0475326512	-0.0410837802	0.0786356373	-0.0172793018	0.0603654303	-0.0019187282	-0.0619231767	-0.0965750471	-0.0356848536	-0.0537519996	-0.0478568202	-0.0185848453	-0.0235204553	0.1045940474	0.0152542031	-0.101508692	0.0460021354	-0.1422857731	-0.0930620325	-0.0320602775	0.0030309476	-0.046259901900000004	-0.0113323775	0.0390706071	-0.021452017900000002	0.0413220328	-0.05243280769999999	-0.0750381612	-0.0636809864	-0.028604419300000006	-0.0318658914	-0.08954848550000001	-0.1435353703	0.0039989786	-0.0558280732	-0.0381300021	-0.0450847699	-0.1562616549	-0.0606164551	0.0038212083	-0.041726530299999995	0.0084595675	-0.0040998482	-0.1061115407	-0.0896421583	-0.0147712643	0.0288012896	0.052179387300000005	-0.07187747309999999	-0.0007507378	-0.08646121820000001	-0.042386724699999996	0.1131020027	-0.0999982067	-0.0006415207	-0.0026120964	-0.0034149333000000003	0.051232786399999994	-0.013873428899999998	-0.0988839435	0.0294788273	0.0631531835	-0.1158010133	0.0128956654	-0.012117069199999999	0.0513107573	0.0440540542	-0.0491747786	0.0963967999	-0.060030619199999996	-0.0542664067	0.05723460690000001	-0.0494365097	0.0677649312	0.0225645654	-0.044426442999999996	-0.0021667684	0.0041747838	-0.0059423782999999996	0.0639108281	0.0187789855	0.0845188277	-0.0087297577	-0.0337447194	-0.0389572875	0.08693873880000001	0.0153341398	-0.0529230828	0.0051113458	-0.0738922509	0.0403263615	0.046168279699999995	0.029961401600000007	0.0188933805	0.06456197820000001	0.0297253399	0.11016182320000001	-0.0989552357	-0.0397077311	-0.0535990908	-0.1589166709	0.0244025238	0.0336622515	0.028879845499999997	0.026491389700000003	-0.08823802380000001	-0.0260916695	0.0320356002	-0.032423690899999996	0.0836550009	0.027143472999999998	-0.054699873499999996	0.015611248700000004	0.0015201649	-0.10273880279999999	0.11195975650000001	-0.0160605804	-0.07658475299999999	0.09678132910000001	-0.0433271056	0.1030350047	-0.0084860263	0.0371711457	0.10761366970000001	0.01585891	0.0454011833	0.031748066400000004	0.08136387980000001	-0.0271084491	0.0185999559	-0.051180961100000005	-0.08616706060000001	-0.071673044	0.0324315803	-0.0768533982	0.0063367516	-0.132543339	0.0684578891	-0.0547410843	-0.057177524699999996	-0.0412220436	0.0772218383	0.0454565079	-0.0694846489	0.0407951597	-0.0006582248	0.0789412636	0.0696542938	-0.0477153961	-0.025686055899999997	-0.0412662731	-0.0726800038	-0.047724364000000005	0.0088852953	0.0419248863	0.048665546399999995	-0.0679720885	-0.0419782868	-0.027575356000000002	-0.07530795700000001	0.07278709	0.0316096456	-0.0917641935	0.0	-0.08708769999999999	-0.006835899999999992	0.007584267491289999	4.672952880999989e-05	0.016994099999999998	-0.007414200000000003	0.00028879943480999987	5.497036164000004e-05	-0.33226500000000003	0.01097599999999993	0.00012047257599999849	0.110400030225	0.00542113	-0.00015508000000000018	2.9388650476899995e-05	2.4049806400000044e-08	-0.000621211	-6.319500000000005e-05	3.993608025000006e-09	3.85903106521e-07	-0.00202578	0.00014602000000000018	2.132184040000005e-08	4.1037846084e-06	0.0	0.0	0.0	0.0	0.0	0.0	0.0	0.0	0.0	0.0	0.0	0.0
6631.357679396555	-1.1363752191055028	1.2913486385970794	43974904.67209166	5539.6241447692955	-3.4819010505834735	30687435.66531095	12.1236349260543	4772.944407886313	-4.621386226547656	22780998.32077322	21.357210654924387	4744.741528618784	8748.67701720696	1.117514	26.757891	0.10381755000000004	0.0598275	0.0362032384	0.0678690903	-0.025089058100000002	0.049521475599999996	-0.0021583606	-0.0153273115	0.0589593238	0.028845526200000002	0.082129387	-0.0426563725	-0.0093782088	0.0600311589	0.0159410268	-0.08162389839999999	-0.0696372116	0.021755853	-0.091927406	0.0176619588	0.0383866002	-0.0331671656	0.0561641686	-0.013722527	-0.057943230400000004	-0.0045383109	0.0127839626	0.056032192599999996	-0.058544879	-0.0082337268	-0.0671228903	-0.10690564359999999	-0.10179633460000001	0.08735130449999999	0.0234927169	0.0101126575	0.0097650538	-0.007102940600000001	-0.0293551675	-0.0947535182	-0.08459313869999999	-0.044824927699999996	0.021557653700000002	0.0008702982000000001	-0.0626602171	0.0084728678	0.1632378949	0.0361121176	0.0521237342	0.0332182433	0.05123579019999999	-0.051524411	-0.0240738075	0.0711100492	-0.0572597736	0.0031215059999999996	-0.0319746091	0.0493166933	-0.018659296699999998	-0.012750108799999998	0.1370302212	-0.0784555564	-0.04540459	0.0573773925	-0.0338560266	-0.0628339995	-0.0717949565	-0.029306682799999997	0.049710283	-0.12725010369999998	-0.1011814735	0.0028267908000000003	0.0726160119	-0.022685784700000003	-0.0591039388	-0.010529180400000001	0.0412073366	0.047478282000000004	-0.0873429093	-0.0242552618	0.1153554975	-0.0411718067	0.034590411	0.0298710922	-0.0100673361	0.0817552887	0.0010964457000000002	-0.14278364289999998	-0.0521686241	0.0989479252	0.033942042	0.0218669338	-0.014624110400000001	-0.06555059190000001	-0.069548691	-0.0345162652	-0.0416900147	0.0732421866	-0.09966810050000001	-0.1376022922	0.08678326369999999	0.0683104979	0.051451149	-0.013464494099999998	0.0958600981	-0.0182874149	-0.0127812694	-0.0581079263	-0.0033902825	0.0261384569	0.0617802655	-0.028234592200000002	0.0489930097	-0.1004404401	-0.0754415438	-0.09485433439999999	0.09960834589999999	-0.0368435341	-0.013964360700000001	-0.0084148136	-0.0152037781	0.0310134991	0.058639345	0.0810490592	0.0698445815	0.044922569100000004	0.0088856159	-0.1319966598	0.0164755252	0.0876741476	0.0630348675	0.060001404400000014	0.001206685	-0.04306918	-0.0450028843	-0.0613015051	-0.0326442707	0.0431356313	0.0040475966999999995	0.0383106155	-0.0507157613	0.047116125	-0.0084259134	-0.0978286839	-0.0438508555	-0.0965287398	-0.0530456912	0.0821225831	-0.0478695165	-0.023892308799999998	0.05386247809999999	-0.0379755261	0.16814920960000002	-0.020222411200000002	0.0184821493	-0.041345291400000005	0.0204662548	0.05053255	0.0025612059	-0.0326493049	0.11478398	-0.0624765798	-0.021875998799999997	-0.126650101	-0.0670373982	0.0229866869	0.0718944411	0.0108375552	0.0701138834	0.0639156132	0.0318165964	0.0657857594	-0.09475936039999999	0.015846611599999998	-0.06426448309999999	0.0072395102	0.11704676189999999	0.054620286500000004	0.0439867607	0.0164528727	-0.0036713595	-0.1229960287	0.0986862303	0.1021076603	-0.010835109099999999	0.048886454	-0.03393622	-0.1060747584	-0.0487877149	-0.028734448	-0.0738869668	0.074957633	0.0269939802	-0.09184488380000001	0.0	-0.08660280000000001	0.0004848999999999825	0.007500044967840002	2.3512800999998308e-07	-0.0152263	-0.0322204	0.00023184021169	0.0010381541761599997	-0.371133	-0.038867999999999965	0.0015107214239999966	0.137739703689	0.00594852	0.00052739	3.53848901904e-05	2.781402121e-07	-0.0005580159999999999	6.319500000000005e-05	3.993608025000006e-09	3.113818562559999e-07	-0.00197148	5.4300000000000175e-05	2.9484900000000203e-09	3.886733390399998e-06	0.0	0.0	0.0	0.0	0.0	0.0	0.0	0.0	0.0	0.0	0.0	0.0
6634.164610439013	2.806931042458018	7.878861877114455	44012140.07840142	5547.391986643396	7.767841874100668	30773557.85347537	60.33936738103178	4769.21581632366	-3.728591562652582	22745419.50267176	13.902395041084025	4741.272520402486	8717.654939576596	1.24009	29.692871000000004	0.04284127	0.0190123	0.038361350499999995	0.06624957969999999	-0.0813433568	-0.044121496399999995	0.029153172400000007	-0.0774489087	-0.0549743572	-0.10305365220000001	0.0197231277	-0.0238984791	-0.0233159046	0.0011420421	0.040997835499999996	-0.0184973869	-0.0311497602	0.0124723478	0.0408117471	-0.004450415300000001	0.033933299199999996	0.021916075299999997	-0.0262900372	0.0161825258	-0.0465160201	-0.0436115792	-0.016962811100000003	-0.09969754039999999	-0.0373859276	0.0408155614	0.0749497772	-0.1044268168	-0.0122103493	0.0655115864	0.043435786399999995	0.058992675	0.0296237892	-0.027827704300000002	0.0131107731	-0.0088518474	-0.0081260467	-0.0007662627	0.04888336099999999	-0.0144568875	0.0040330518	0.0801078565	-0.0545938487	0.0055342319	0.0456054006	0.07029675269999999	0.0559086959	0.0755923655	-0.1091988492	-0.0481679167	0.0465411443	-0.0323921086	-0.1083287755	0.049918053	0.061015545899999996	-0.106045993	-0.0261176952	0.023758753900000002	0.0587329847	0.10068626439999999	-0.2132650095	0.0365924563	-0.0390049965	0.07837934790000001	0.0099671647	0.0550784148	-0.0341487184	-0.0358564967	0.048146157	-0.0047503136	0.0344038506	0.0205194558	0.0207401188	-0.0199685683	0.061847665499999996	-0.1230848904	0.09062746890000001	-0.1099439175	-0.022372098700000002	-0.0972183174	-0.091036231	-0.0171558508	-0.050631519900000005	0.0769059503	-0.0834252276	0.021667461699999998	-0.0105584079	-0.0097392604	-0.0730835153	0.068209617	0.0250633161	0.0381121025	-0.0592491505	0.0152380581	0.0725095796	-0.0373578703	-0.0401082773	0.007960537	-0.06668728759999999	0.0012614530999999999	-0.0649915302	0.024807284300000003	0.0162780549	-0.0471916074	-0.040960715	-0.0246953979	-0.0980544785	-0.029417218199999998	0.006122901700000001	0.042475487199999995	-0.1196564648	-0.0251010004	0.091378065	-0.0320822073	-0.0617463781	-0.036590891800000004	0.0016194609	-0.04211307139999999	0.014565900500000001	-0.0146721489	0.029835119500000007	-0.057015112300000004	0.0259362808	0.08097406759999999	-0.016408088300000002	0.034874574	0.0197944688	0.0474414502	-0.0340610554	-0.0964586788	0.0957101156	-0.0054904184	0.009133174499999999	-0.0497583618	0.1046559003	0.0511011404	-0.0639875679	0.0389265305	-0.0949640175	-0.0145980326	0.0749306923	0.0603162345	-0.022309519700000002	0.0029234292	0.038985035	-0.2414750386	0.0070371929	0.0051584133	0.068888897	0.0658436004	0.0044673518	-0.0033216832000000003	-0.0133416352	-0.0389362844	0.015817058000000002	0.0050074296	-0.0538867628	0.0526950459	-0.035786754500000004	-0.23782204269999999	0.025400709700000003	0.0484964756	-0.0830802197	0.0179591416	-0.0051408026	-0.0795681562	0.0363440934	-0.0349436836	-0.0136387167	0.0581261613	0.0461085637	-0.0350992641	-0.0409280535	-0.050189945300000004	-0.07660218769999999	0.0319020005	-0.051386170099999996	0.0747643394	0.0385476187	-5.70499e-05	-0.0443798337	-0.0042139579	-0.029526443599999997	0.0646044827	-0.0186258455	-0.029888491099999998	-0.072414048	0.0770096525	0.022302441699999998	-0.0915222642	0.0	-0.0910164	-0.00441359999999999	0.00828398506896	1.9479864959999913e-05	-0.00584348	0.00938282	3.41462585104e-05	8.80373111524e-05	-0.376731	-0.005597999999999992	3.1337603999999906e-05	0.141926246361	0.00577706	-0.00017146000000000002	3.33744222436e-05	2.9398531600000007e-08	-0.000777433	-0.00021941700000000007	4.814381988900003e-08	6.04402069489e-07	-0.00204954	-7.806000000000002e-05	6.093363600000004e-09	4.200614211599998e-06	0.0	0.0	0.0	0.0	0.0	0.0	0.0	0.0	0.0	0.0	0.0	0.0
6636.715884261826	2.551273822813528	6.508998118973551	44045997.72841324	5551.893246592545	4.501259949149245	30823518.621559914	20.26134112981505	4770.514191310342	1.2983749866816652	22757805.649493366	1.6857776060406142	4742.994289531867	8794.256066815831	0.981726	23.506578	0.10857702999999996	0.054258900000000006	0.0209482366	0.0658645612	-0.018527392900000002	-0.0055890598	0.012705645	-0.0015650133	-0.0014363257999999999	-0.0737161752	-0.009596236	0.0655778845	0.0421248445	-0.003523685300000001	-0.0826309544	-0.0740275712	-0.0213636315	-0.0311520767	-0.0664111726	0.0229289614	0.0401653692	-0.0082327127	0.0037207672	0.010737196899999999	-0.0445663015	-0.0653515748	-0.0370582326	-0.0159913078	-0.0326264442	0.021223651899999998	0.0908881085	-0.005287622099999999	0.0300346404	0.023434627000000003	-0.029311832000000006	0.0471501051	0.040687655	-0.0530408288	-0.0833742028	-0.0469797441	-0.018952406	-0.0322838368	-0.1378176193	0.0390606492	0.023459763999999998	0.0988970719	-0.0539009157	0.0082872174	0.0269586753	-0.0089125158	0.030252077000000002	-0.0051216243	-0.0877418017	0.0043822044	-0.05698446400000001	-0.0509434444	0.11036805109999999	0.0147368601	-0.08218849190000001	0.0080414501	-0.0016161360999999998	-0.004689453499999999	-0.0319339635	-0.0172961399	-0.0035862375	0.014373466100000001	-0.0815257331	-0.033368387299999996	-0.0079832423	0.0737424025	-0.037099072000000004	-0.0251355469	0.0527845745	0.08527856730000001	0.0102709954	0.0542530076	-0.0470223742	-0.036901321800000005	-0.1019674091	0.0491271895	-0.0676659562	0.0518941012	0.0127110606	0.0953765895	-0.09720051380000001	0.06587601629999999	0.0470985142	0.0963175309	-0.06679298	-0.08973742400000001	0.011570877299999999	-0.0350157455	0.025861758	0.016214723400000002	0.0451030903	-0.09708415890000001	-0.0401745341	-0.051018762300000006	-0.0006295565	-0.045969652800000003	-0.0460255123	-0.0175573316	0.0461825687	0.0629956866	0.0069861463	-0.0323725199	0.0110026125	-0.0482863599	-0.0656861574	-0.048256302	-0.0206407382	-0.0379967771	0.0069401008	0.07885374099999999	-0.030991908399999997	0.027574343199999997	0.038108758300000004	0.028545321000000002	-0.04347833	-0.045528259800000005	-0.0633477633	0.0491192653	0.0683193706	0.0040746003999999995	-0.0063117333	0.13345658359999998	-0.06770833030000001	0.1263250515	-0.0061837393	0.0610258315	0.021506924900000002	0.0049116475	0.005758126999999999	-0.0266229684	0.049339820599999994	-0.033694395499999995	-0.0698280416	0.0364154071	-0.0400138998	-0.1053524207	0.012879156999999999	0.049163331399999996	0.0107108613	0.008747258	0.0048979962	-0.06148919150000001	0.0140843119	-0.0528809204	-0.036443931	-0.0032193872	0.0534560516	0.038320748599999996	0.030458308700000002	0.0600732292	-0.0794858243	-0.0165972331	0.07012295360000001	-0.0047579738	-0.0320454612	0.0552642048	0.0112923746	0.030879893199999998	0.0511313796	0.09062848550000001	0.0499554842	0.021249777999999997	0.08938332269999999	0.0068299477	0.114061045	-0.085009104	0.0430794616	0.0256334752	0.0815395765	-0.0903545316	0.0854570441	0.0178056077	-0.0505437484	-0.022164849900000002	0.0173432194	0.0352930595	0.00047508720000000003	-0.0130329348	0.0635607729	-0.0864265896	-0.0053857222	-0.0708025234	0.012434166299999999	-0.0481474053	0.0242672245	-0.0310372824	-0.070890236	0.078939904	0.0175482166	-0.09079775109999999	0.0	-0.0802655	0.010750899999999994	0.0064425504902499995	0.00011558185080999985	0.0362473	0.04209078	0.00131386675729	0.0017716337610084	-0.353644	0.02308699999999997	0.0005330095689999987	0.125064078736	0.00554177	-0.00023529	3.07112147329e-05	5.536138409999999e-08	-0.0005580159999999999	0.00021941700000000007	4.814381988900003e-08	3.113818562559999e-07	-0.00185128	0.0001982599999999998	3.930702759999992e-08	3.4272376384e-06	0.0	0.0	0.0	0.0	0.0	0.0	0.0	0.0	0.0	0.0	0.0	0.0
6630.581669615061	-6.134214646765032	37.62858933258664	43964613.27743526	5563.340592512271	11.447345919725196	30950758.548294786	131.04172860584904	4769.07833337693	-1.4358579334120805	22744108.14988527	2.0616880049424107	4741.809604289641	8721.655535534073	0.913492	21.872778	0.09317364	0.0517938	0.0352613827	0.0195343343	-0.015437003400000001	-0.0234410224	0.0574662982	0.006116963100000001	0.0054895206000000005	-0.003953182	0.0264343223	0.06292606440000001	0.0037310417	-0.0188712584	-0.028166944300000007	0.0172716398	-0.098902749	-0.0463066795	0.0363155663	0.0158941161	0.0844823612	0.0182967672	-0.10195981429999999	0.0151730146	-0.0198937576	-0.07272120809999999	0.0012414849	-0.0622250168	-0.022282607000000003	0.013396481299999999	0.0397475486	-0.0025781993	0.0295556788	-0.0948697032	0.0079515304	-0.003256305	0.0205486245	-0.08898154	-0.0093268728	-0.006798961700000001	0.0074366925	0.0145935688	-0.0869654867	0.19259419379999998	-0.030701604599999998	0.0521472625	-0.0213952346	0.0201597875	0.027451181	0.025841797000000003	0.062779059	0.0010051245	0.043705302800000005	0.0363301765	-0.055602162000000004	-0.0354845289	-0.0586885468	-0.1052849266	0.0284484842	-0.0434301308	0.1091437863	-0.0377745133	0.016455991399999998	0.09469785300000001	-0.0164442755	0.08962775699999999	-0.0399743177	-0.0494921716	-0.0095828296	0.0540821932	-0.0866685813	-0.0468788501	-0.0038472889000000002	-0.013889023	0.0556204914	0.0339369989	0.0138475541	0.1143589099	0.0714571653	-0.1191446082	-0.030637546800000002	0.0686247551	0.0285632651	-0.1332903601	-0.056145504000000006	0.0644954434	-0.0531030882	0.0058389648	-0.0217510593	-0.05752211190000001	-0.051283678799999996	0.0845113502	0.022623215699999998	-0.089553	0.0538383361	0.14408035019999998	-0.033301752999999996	0.0141581536	-0.1079920198	0.1048771884	-0.0586932719	0.0087658117	-0.0491688687	0.0128053547	-0.0541461754	0.039522802200000005	0.0159743125	-0.024287547599999997	-0.0752264973	-0.014355881599999997	-0.061937983899999986	-0.0362085286	-0.0025657575	0.0339074352	-0.021826415	0.031544916400000005	-0.09307310619999999	-0.0073776846	-0.010969866299999999	-0.034265232799999996	-0.0869082441	-0.0361306693	0.0034412034000000005	0.015366842	-0.018830110900000002	0.0340811747	-0.1986112667	0.0241368733	0.0838690269	0.0269365352	-0.0049755969	0.0032343340999999998	-0.0229188036	-0.077153023	-0.0138526406	-0.0150810135	0.0439082184	0.0918210351	0.0347838339	0.058738299199999996	0.0849373735	0.020183183700000003	-0.0410922532	-0.06876682320000001	-0.049998790700000004	-0.0049478031	-0.1015723174	0.0641263941	0.0811429096	-0.0534171629	0.0933097985	0.0271175324	0.013331816299999999	0.0828623131	-0.0540781279	0.0423110079	-0.0234292549	-0.0308186619	-0.040157511	-0.0199345972	-0.0599846365	-0.0548213415	-0.04456735	-0.0656234096	0.1090458243	0.0333258639	-0.1291216585	0.08418441859999999	0.03986427	-0.0401468953	-0.0652151366	0.061384310899999996	0.0795257829	0.09891403650000001	0.0025481425	-0.1268404126	-0.0525156304	0.0833427753	0.0058097201000000005	-0.08235591639999999	0.0552627054	-0.0698022079	-0.1302973536	-0.042044729	0.01655718	0.037191706	0.029580465299999997	0.0477911943	0.0300062756	-0.0321806203	-0.0693166017	0.0807453353	0.0127446681	-0.0896745262	0.0	-0.08028459999999997	-1.9099999999966366e-05	0.006445616997159996	3.648099999987152e-10	0.00633951	-0.029907790000000007	4.0189387040099986e-05	0.0008944759026841001	-0.320335	0.03330900000000003	0.0011094894810000024	0.10261451222499998	0.00505288	-0.0004888899999999996	2.55315962944e-05	2.390134320999997e-07	-0.000610471	-5.245500000000008e-05	2.7515270250000085e-09	3.72674841841e-07	-0.00179387	5.7410000000000136e-05	3.2959081000000164e-09	3.2179695769e-06	0.0	0.0	0.0	0.0	0.0	0.0	0.0	0.0	0.0	0.0	0.0	0.0
6628.268960411029	-2.312709204032217	5.34862386241533	43933949.41154831	5554.52341059553	-8.817181916740992	30852730.3188538	77.74269695290435	4767.006743488374	-2.071589888555536	22724353.292463634	4.291484666365538	4738.941244115391	8698.991905270515	0.8651760000000001	20.715883	0.05368504000000005	0.0287655	0.0393258141	0.0364300641	-0.0162986461	0.049476882400000005	0.0308420423	0.0345644143	0.051697651799999994	0.038653122000000005	0.0142187748	0.1154869015	-0.0133342567	-0.0169207191	-0.0030086995000000003	-0.031606609199999997	-0.08672085189999999	0.013054219099999998	0.0490671232	-0.0192684483	0.08896454869999999	-0.0749682552	-0.09196448439999999	0.029214440699999997	-0.0530288896	-0.0381321278	-0.0325741542	-0.006036416899999999	-0.0756557629	0.05175497440000002	0.0619348889	0.0601430921	-0.0311707119	-0.0267269136	-0.0324308934	0.1090847989	0.0817575897	-0.0933471932	0.1293624802	-0.0622723175	0.0696001255	0.0146201075	-0.0374818469	-0.021468633900000002	-0.0362951221	-0.037150143	-0.0491761066	-0.0048855873	-0.0557662259	0.0777777754	-0.0767328152	0.0387433535	-0.0345196872	0.0303015265	-0.0773362729	-0.0086006068	-0.10873687720000001	0.1459266522	0.0232378034	-0.015903015	0.0540288476	0.0393967844	-0.0507491084	-0.1527613006	-0.025424353900000002	0.0540111731	0.0651780176	-0.0634577062	-0.0479216749	0.07418108059999999	0.040351699500000004	-0.065425583	-0.08815745720000001	-0.1015625857	0.057574809500000004	-0.0889345092	0.048292408700000004	-0.0044379784000000005	0.0060786286	0.0150427419	-0.1133898843	-0.0624209587	0.0278093597	-0.0543531811	0.0985782241	-0.0627163548	0.012337859	0.0332499506	-0.0067520764	-0.1364214922	0.0396400597	0.0272222885	-0.034111943900000004	0.021084613199999998	0.012201776899999999	0.0925003256	-0.0070393681	-0.04831664559999999	-0.10253187050000001	0.0036644062	-0.106357713	0.10282622460000004	0.1222520961	0.0013712904999999998	-0.11929581689999999	-0.0661406576	0.029344514199999998	-0.054580774900000004	-0.0365755266	-0.0461117804	-0.011070433400000001	-0.09042832	0.011073586000000002	0.06079210400000001	0.0302255475	-0.0438245716	-0.0198108321	0.0491289558	-0.1174352544	-0.073681167	-0.004629324099999999	-0.1524371756	0.0737525005	-0.0480677702	-0.066815655	0.028587696200000002	0.039866938399999996	0.0011402416	0.0325929326	-0.025703201600000003	-0.033137638999999997	-0.007380778399999999	-0.080460294	0.0788847748	0.0651958187	-0.0232936815	0.0093775791	0.0786568089	-0.0026275142999999997	0.0744931177	-0.1274123571	0.0457106241	-0.020564743400000002	-0.079796977	-0.10364379119999999	-0.0024325760999999997	0.1332357098	-0.0502253841	0.0164573984	0.0413213869	0.028525731000000002	0.0201735475	-0.1280426935	0.062173138899999994	0.0525778582	0.0852420215	-0.0710901849	-0.026790589	0.0564695074	-0.026241773	0.0263181202	0.11255636890000001	0.0305584376	0.0066804899	0.0329938397	-0.1305180241	-0.08451205070000001	0.0600128967	-0.1068337557	0.014138526100000003	0.0205198349	0.0169506013	0.0660489819	-0.050670044500000004	0.10124061990000001	-0.0638392848	-5.915270000000003e-05	-0.008272838900000001	0.0051361149	-0.0666886916	0.0806414006	-0.0255315707	-0.0096415284	0.009239451	-0.09102131880000001	-0.1466598876	0.12388044029999999	0.0116757918	-0.0092046909	-0.0333183036	-0.067694251	0.0824230915	0.0079052975	-0.0881575217	0.0	-0.0802828	1.7999999999684937e-06	0.006445327975840001	3.239999999886576e-12	0.0221483	0.01580879	0.00049054719289	0.0002499178412641	-0.33128	-0.010945000000000038	0.00011979302500000083	0.1097464384	0.00465186	-0.0004010200000000002	2.16398014596e-05	1.6081704040000016e-07	-0.00061865	-8.178999999999977e-06	6.689604099999963e-11	3.827278225e-07	-0.00192326	-0.00012939000000000006	1.6741772100000014e-08	3.6989290276e-06	0.0	0.0	0.0	0.0	0.0	0.0	0.0	0.0	0.0	0.0	0.0	0.0
6641.881784299646	13.612823888616733	185.30897422249438	44114593.63661145	5560.785381369476	6.261970773946813	30922334.057652473	39.21227797376406	4773.128506672473	6.121763184099108	22782755.74120939	37.47598448219126	4745.404965643104	8739.363196550701	0.964292	23.089132	0.05283225000000001	0.0247028	0.0243005244	0.0211182645	-0.049260156	0.1147014918	-0.0109132184	-0.0407109886	0.046059301799999994	0.07565658110000001	0.0403263149	0.0495797519	-0.0810174639	0.0641633479	-0.0004703575	0.0003840626	-0.0962433758	0.0110848889	0.1465578909	0.0006819042999999999	0.035104956	-0.048248493499999996	-0.0344161238	-0.0027006492	-0.0153576756	-0.0495855225	-0.0283780933	0.0935933381	0.0430992529	0.014504591399999999	-0.0054274214	0.11794277	-0.0453946387	0.0159095474	-0.0079096798	0.0962711084	-0.0965633769	-0.015001849099999999	-0.08420812109999999	-0.0219436091	0.022754232000000003	-0.09294842800000001	-0.0832676539	0.0500189491	0.0354444145	-0.010099461700000001	-0.0721650503	0.0343876896	0.0037765099	0.0537520777	-0.0116419925	-0.0160492734	-0.1202852398	-0.0270210892	-0.034565236299999996	0.0863893906	0.025359369	-0.08018363860000001	0.0100523379	0.0281638381	-0.0355987705	-0.0351467696	-0.0107906604	0.004140558	0.0769453067	0.0536392596	-0.016831498400000002	0.011825515	0.0202537724	-0.08254664219999999	0.013921083999999999	0.0781091374	-0.0111688867	0.1222810865	-0.0202716169	0.0285096614	0.025817536600000003	0.0681511924	0.04861985519999999	0.0679654316	-0.0007031463000000001	0.0862905157	0.09316941769999999	-0.013209833300000001	0.0954835351	-0.0029330801000000003	-0.0026854070000000003	-0.0695244305	0.08797048519999999	0.017009446299999998	-0.0316608511	0.1035675092	-0.07319053610000001	-0.0509359038	0.13104109349999998	-0.037619125499999996	0.0765944038	0.043955995	-0.064998414	-0.007168814200000002	0.11249401880000001	0.0181096394	0.1317426983	0.1335189313	-0.0013315724	0.037804427	-0.0025354131	-0.014965418999999999	-0.0497464163	-0.0260856835	0.0850442793	0.0099739412	-0.0492388666	0.0195331547	0.1148999888	-0.041296222	0.0066323015	-0.001282601	-0.09493767199999999	0.085634006	-0.0512282095	0.0564399393	0.0363318252	-0.040363727	0.0754817401	0.1044217752	-0.0610890837	0.0725589519	-0.0002602126	-0.0651374473	-0.008923420500000001	0.0067670601	-0.08276116160000001	-0.0041639386	0.0854602162	-0.0289690277	-0.0770993032	-0.034718675	-0.0656271479	0.04826247	0.051871853200000005	-0.028981897000000006	-0.007856871	-0.00047262760000000003	0.006663324799999999	0.0175482271	-0.0323388614	-0.0115746395	0.063620025	0.0650864764	-0.0208701069	-0.0192113082	0.0386801172	-0.0457129924	-0.0027502095	-0.0045187938	0.08962659710000001	0.042199729299999995	-0.08843155039999999	-0.059846730199999996	0.0010294478999999998	-0.1239515859	-0.015529265300000001	0.1441830391	-0.0964449205	-0.0333373931	-0.0374767532	0.048697867199999995	-0.034257219	0.081519114	-0.0462160247	-0.0054416101	-0.0361522262	0.082587941	-0.0356374778	-0.0308099073	-0.11714997320000001	0.0010447959	0.1122504817	-0.0089531475	0.0028092752	-0.0901966465	0.053979081500000005	0.0826995611	0.0988500795	-0.0320942662	0.051303085899999996	-0.137978923	0.0750043131	-0.034450132599999995	-0.0660243242	0.08397052	0.0030437071999999997	-0.0862533992	0.0	-0.07762579999999998	0.0026570000000000205	0.006025764825639997	7.0596490000001084e-06	0.0101982	-0.011950099999999998	0.00010400328324000003	0.00014280489000999995	-0.316292	0.014988	0.00022464014400000004	0.100040629264	0.00487281	0.00022095000000000009	2.37442772961e-05	4.881890250000006e-08	-0.000399697	0.00021895300000000006	4.794041620900001e-08	1.5975769180899993e-07	-0.0019481	-2.4839999999999715e-05	6.170255999999859e-10	3.7950936099999985e-06	0.0	0.0	0.0	0.0	0.0	0.0	0.0	0.0	0.0	0.0	0.0	0.0
6659.5402989864415	17.65851468679557	311.8231409437748	44349476.99382442	5578.50014918025	17.714767810773992	31119663.91440408	313.8129985896344	4782.054876930394	8.926370257921008	22868048.84597377	79.68008598149676	4754.162644433177	8861.800150754827	1.172954	28.085371	0.10555025999999997	0.0567249	-0.023324449900000002	-0.010511379099999999	-0.1014371785	-0.0188077086	-0.061187843	-0.123334532	-0.037862266	0.0084154596	0.058494706500000014	-0.0829910069	-0.0246958204	0.0315454358	-0.0220163738	0.0721983293	-0.021770471	0.0165860105	-0.023912604100000002	0.1230108523	-0.046562416399999994	0.0030431221999999997	-0.084386031	-0.0703559466	-0.0265177883	-0.042331737	-0.0128411479	-0.0010549433	0.0754961435	0.0273152892	-0.0908609483	-0.0132623101	0.0238571118	-0.09401245289999999	0.0182265793	0.0708019761	-0.0052398073	-0.046961677599999994	-0.006114079499999999	0.0670310053	0.0255658353	-0.0318118774	-0.030070807999999997	0.0350777075	0.0975204598	0.10798139470000001	-0.032709081800000005	0.063969444	-0.0452183542	-0.0643185133	-0.0126659699	0.027398225800000002	0.09598717119999996	-0.1022715187	0.1837726106	0.0850403125	0.032517339	-0.026836410800000002	0.1711439746	-0.009504111800000001	0.0441805468	0.029474722400000007	-0.0816963329	0.0034831336	0.025817383399999998	0.0830639023	-0.038500627	-0.050109411799999996	0.0836932296	0.0022133588	0.045445871500000005	-0.0053417539	0.0260932227	-0.07119655230000001	0.014371796000000001	0.0163696812	-0.0864483242	0.0254278106	-0.078562428	-0.0260884571	-0.145630547	-0.1265669441	0.049331472	-0.094172634	0.1384122149	0.0011669192	-0.059070440599999996	-0.039402707200000005	-0.1152565039	-0.0009803881	-0.013078833799999998	0.017413201399999998	0.0791721435	0.0745261439	0.0267821132	0.08426168369999999	0.0204115301	0.07135556929999999	0.1168738242	0.0698121761	0.1355110882	-0.0110667792	-0.09028645140000001	0.0141168202	0.024013746800000003	0.011472148100000001	-0.07011246019999999	-0.0265917895	-0.0416944422	-0.00500364	0.0042798469	0.049589711200000004	-0.067840546	-0.10158007050000001	-0.006511431	0.0286178008	-0.0865885184	-0.010836902800000001	-0.07064553059999999	0.0003068693	-0.028486627799999997	-0.0198027714	-0.0386197452	-0.0407291106	-0.0038346073	0.018582331299999998	-0.0629921334	0.0956549641	-0.0926003111	0.028330342799999998	0.0111666082	-0.1143976149	0.023103082200000003	-0.0101582389	-0.0215338159	0.0933442858	0.11743330710000001	-0.1459301702	0.058809984100000004	0.0014883347	-0.028671236699999998	-0.1895980581	-0.0198682052	0.0455252106	-0.0872181037	-0.0365233471	-0.0364610033	-0.0120093496	0.09847177359999999	0.0080316872	0.08566469410000001	-0.0103172739	0.0190399666	-0.04498098230000002	-0.0001288441	-0.048372251	-0.024665404	0.026855886800000003	-0.0256100713	0.07927023450000001	0.048397833	0.0297966265	0.0229927765	0.0029411506	0.1311273698	-0.12349768050000001	-0.046911865899999995	0.1325830325	-0.1443740774	-0.008379978599999999	0.0916498557	0.1234041118	-0.0103365109	0.0164085658	-0.0392549156	0.051857232	0.0130320878	0.0707236604	-0.0922413267	-0.030911292799999997	-0.1013142825	0.0640273028	-0.0058038027	0.09772968369999999	0.1008722482	0.1088844439	-0.0114013454	0.06817847099999999	0.14494471890000002	-0.0355759084	-0.0643079948	0.0853851737	-0.0018264382000000002	-0.08397052	0.0	-0.0703654	0.007260399999999986	0.004951289517159999	5.27134081599998e-05	0.00456717	-0.00563103	2.08590418089e-05	3.170849886090001e-05	-0.343929	-0.027636999999999967	0.0007638037689999982	0.118287157041	0.005657199999999999	0.0007843899999999994	3.200391184e-05	6.152676720999989e-07	3.15196e-05	0.00043121660000000004	1.8594775611556e-07	9.934851841600004e-10	-0.00186327	8.48299999999997e-05	7.1961288999999505e-09	3.4717750929e-06	0.0	0.0	0.0	0.0	0.0	0.0	0.0	0.0	0.0	0.0	0.0	0.0
6663.847648659783	4.307349673341378	18.553261208434073	44406865.48454852	5571.023942071248	-7.476207109002644	31036307.76313107	55.89367273670167	4788.826221703095	6.771344772701013	22932856.58167114	45.85111003078534	4760.703661745063	8993.090579161959	1.000093	23.946363	0.043360725	0.0221148	-0.0574381333	0.0051653284	-0.0670788394	-0.0778632023	-0.0754849722	-0.06162222410000001	-0.054211738499999995	-0.037192676099999995	-0.020159759	0.0426499288	0.0729184316	-0.000121505	-0.051239815999999994	0.0655499003	0.0009804131	-0.006402483299999999	-0.021995960499999998	-0.0033937109999999998	-0.0240667213	-0.0654636529	-0.1585923807	-0.1218131883	0.011663211000000001	-0.0603418966	-0.0454000711	-0.0771723652	0.042158185300000005	-0.0337518858	0.06915484940000001	-0.0816948027	0.011104816799999999	0.0351884193	0.0292427512	0.039655482799999996	0.022974825299999998	-0.0949772705	-0.0027767665	0.0176594892	-0.044113688399999997	-0.0059736136	-0.0183455149	-0.0725929807	0.0706813088	0.0650412573	-0.0356400479	0.0283851561	0.05689993610000001	-0.14436509890000002	-0.0904546576	-0.0008748824	0.0469622589	0.04237011190000002	0.0808574822	0.0658798776	-0.0165029248	-0.0847794255	0.0715518821	-0.0280831311	0.0086642412	0.0297438431	-0.028724421	0.0056634316	-0.0362413578	0.0395065624	-0.0435333443	-0.0098899807	-0.0601595281	-0.0977342632	0.11277923470000001	0.0979391222	0.011177494199999999	-0.039969317000000004	-0.0391098765	-0.0519627902	0.048729308799999996	0.024585440400000002	0.0238197613	0.049851365099999996	0.0638502525	0.0492776827	-0.051437808099999996	-0.1257041311	0.0637799758	0.013956845800000001	0.0187821096	-0.0693759249	0.0654520032	0.0232879637	-0.0209859855	0.0262345048	-0.07586580700000001	0.1199225092	-0.0483486429	0.010597521499999998	-0.010158248299999999	0.1591079671	0.0258490126	-0.05306149190000002	-0.040024785099999995	-0.0105121573	-0.0165585893	0.1040039601	0.0406481732	-0.0367916881	-0.1213565774	0.0122376545	-0.058032369800000004	-0.0436546317	-0.069603043	0.07621107719999999	0.0166055677	0.0393258074	-0.0973784109	0.0046115382	0.05309702980000002	-0.0195804365	-0.043096047699999994	-0.031140408300000002	-0.063752465	-0.049050038899999995	-0.0171836583	0.0277638449	-0.01716177	0.0356139757	0.0361417576	0.0908643309	-0.0826633187	0.009551033399999999	0.09390216529999999	-0.0344231516	0.10750940449999999	0.1038839036	-0.0379947208	0.0962945315	0.013733225	-0.0306228264	0.037679075299999996	0.0549365305	0.065235817	-0.1124841524	-0.0389419962	0.039446955299999996	-0.029154505299999998	-0.0058735538	0.0022125237	-0.0380306525	0.043035864400000005	-0.032863318100000004	-0.0010774222	0.09133327779999999	0.028049774399999998	-0.0867041067	0.0824233727	-0.049789319500000005	0.0007474245	-0.0025287757000000003	0.0084588105	-0.0748413091	0.0525943904	-0.0350517822	0.033267569500000004	-0.0127125647	-0.07649681009999999	0.0751504735	-0.0821055032	0.0167945375	-0.0644764716	0.1289518045	-0.0796199523	0.0080280204	-0.0049363702	0.0959922665	-0.0329679621	-0.059654546100000004	0.058829887699999986	-0.0587189001	-0.10147167259999999	0.053621576399999996	-0.048893782999999996	-0.0365303507	0.047921110499999996	-0.033050001	0.0793480865	-0.0707178904	-0.0642408742	-0.07194873730000001	0.0163992414	-0.0366954331	-0.0625464692	0.08666481599999999	-0.00669145	-0.0813189087	0.0	-0.0652549	0.00511049999999999	0.004258201974010001	2.61172102499999e-05	0.016013399999999997	0.011446229999999998	0.0002564289795599999	0.00013101618121289996	-0.360143	-0.016214000000000006	0.00026289379600000017	0.129702980449	0.00580192	0.00014472000000000096	3.36622756864e-05	2.094387840000028e-08	-3.32503e-05	-6.476990000000001e-05	4.195139946010001e-09	1.1055824500900001e-09	-0.00186558	-2.3099999999999423e-06	5.336099999999734e-12	3.4803887364e-06	0.0	0.0	0.0	0.0	0.0	0.0	0.0	0.0	0.0	0.0	0.0	0.0
6657.892443011386	-5.955205648397168	35.46447431470154	44327531.78270812	5535.894217890453	-35.129724180795165	30646124.791672945	1234.0975210187446	4786.6583599722335	-2.1678617308616595	22912098.255092073	4.699624484134509	4758.427422714034	9015.252769093835	0.919135	22.007887	0.05548138499999994	0.0361332	-0.051197268600000005	-2.33063e-05	0.0176414739	-0.0175594741	-0.09728150449999999	0.0390004144	-0.024605351400000003	0.034649172400000004	0.0075064215	0.0791892385	0.1096606092	0.0728257656	-0.0361680129	0.034793061	-0.0253528743	0.0304331888	-0.083783905	0.008839581	-0.025626234700000004	-0.0841849415	0.022999286400000003	-0.1288806798	0.0139159241	-0.0411890943	0.0073008032	-0.013804839199999999	-0.0307218983	-0.1207847355	0.0916229626	-0.0415537891	-0.029666605	0.06454382	-0.0060904845	0.022577015899999997	0.021795069500000003	-0.0542060504	-0.013500871599999999	0.059448619	-0.044652133200000006	-0.0302087479	0.010014359799999999	0.07455348440000001	0.047686035	0.136002912	-0.0382131563	0.0225401938	0.0361115391	0.036647807000000004	0.0302899166	0.0275658476	0.0745771043	0.0009759523	0.0604131721	0.0980831617	-0.0513905703	-0.0517792503	-0.014566184	-0.08019054070000001	-0.0609311559	-0.0400733781	0.059398002199999994	-0.1254262474	-0.0199867102	-0.1595481299	0.0178938978	0.0942687209	-0.06554150639999999	0.0059183005	0.0996933901	0.0101701309	-0.0681397279	0.014694915	0.1428744598	0.1204546838	-0.0614381881	0.0489663798	-0.0031220167	-0.0087161227	0.0384346509	0.045859465700000004	-0.0295413501	0.021416386800000003	0.0786276693	-0.07301800230000001	-0.10225916880000001	-0.0486606742	0.0307376285	0.0082342637	-0.0864161056	-0.046982000499999996	-0.014116517	0.13657764349999998	0.0808580158	-0.0611847176	0.056825671200000004	-0.13281206380000002	0.0243753345	-0.05922229	-0.017743298	0.0916203593	0.0010192628	0.0018113025	-0.0041165153	0.10037756880000001	-0.1285678724	0.013986988999999998	-0.0405159433	0.0148828758	-0.0047914667	0.058164074800000014	0.12168923029999999	0.0680215441	-0.045043917999999995	-0.0300921709	0.0615616325	0.0110132256	-0.0189955647	-0.0220206824	-0.0407374176	-0.0260426546	-0.0410696762	0.026546037400000003	0.036285318999999996	0.0018267673	-0.06983336400000001	0.11138726460000001	-0.039976782599999997	0.0634424867	0.0183214275	-0.0205066298	-0.0234727857	-0.0618537184	-0.0604068098	0.074171591	0.069159345	-0.027599231000000002	0.0043359187	0.1051634924	0.0855221825	-0.008450112099999999	-0.0977819438	-0.022679789199999998	0.0869195299	0.0178365482	0.0762271653	-0.0356896259	-0.1529870713	0.0304714791	-0.1356850703	-0.0141830468	-0.048938239800000005	-0.0410280917	0.0197261671	0.0487520396	-0.048742563899999994	-0.100462506	-0.1534629247	0.0533785755	-0.017149493000000002	-0.049376314299999995	-0.0006874083	0.0761697999	0.0121811455	0.0655898682	-0.0009193683	-0.0210497972	-0.1400756583	0.0032867877	0.0008410841999999999	0.07773830059999999	-0.0233885872	0.0164831686	-0.012795083700000001	0.1377137857	-0.12351956310000001	-0.126072056	-0.0722843556	-0.0163541448	0.0242015569	0.08484879710000001	0.0595141016	0.051724033600000004	-0.0987746931	-0.025614338900000002	0.0032313355	-0.0310732124	0.0298763218	-0.03780851	-0.0607409853	0.0878074234	-0.011537653799999999	-0.0783102091	0.0	-0.06503049999999999	0.00022440000000001348	0.004228965930249999	5.0355360000006054e-08	0.0225469	0.006533500000000005	0.0005083626996100001	4.268662225000006e-05	-0.325297	0.03484599999999999	0.0012142437159999991	0.105818138209	0.0058926	9.06800000000001e-05	3.4722734760000005e-05	8.222862400000018e-09	-0.00015202	-0.0001187697	1.410624163809e-08	2.31100804e-08	-0.00193368	-6.809999999999997e-05	4.637609999999996e-09	3.7391183424e-06	0.0	0.0	0.0	0.0	0.0	0.0	0.0	0.0	0.0	0.0	0.0	0.0
6646.165108343304	-11.727334668081312	137.53037841718182	44171510.64735997	5559.2876869449765	23.393469054523848	30905679.586218026	547.254394404965	4775.957772849762	-10.700587122471916	22809772.64804405	114.50256476561181	4747.99968988227	8873.418316582885	0.853356	20.432871	0.07266472000000003	0.0412085	-0.0121971105	-0.0100934709	0.0187042665	-0.013676726399999999	-0.07522387700000001	0.059324761	-0.0051081660999999995	0.06914552139999999	0.0199615321	-0.0039459898	0.0797983122	0.053942017300000006	0.0101463007	0.010928801799999999	-0.081555983	-0.037532267	-0.0894544374	0.0564679247	0.0273410406	-0.0886487965	-0.0773222221	-0.048911561299999996	0.0302234254	-0.0297429023	0.0218702287	0.0699404258	-0.069096328	-0.07502649480000001	0.008823472800000001	-0.051104475499999996	-0.0735671411	0.0364541662	0.0003735376	-0.0125802874	0.0331575116	-0.0093436241	0.014552538799999999	-0.0051977287	-0.0239238096	0.0500557279	0.0674784182	-0.020816023	0.10478929599999999	-0.0673369434	0.09866060210000001	0.014087845600000001	-0.017171426899999998	0.0637615936	0.025867656699999998	0.0526376108	-0.0536068582	-0.0683082262	0.043172420700000005	0.107220845	-0.0063271274	0.0069630720999999994	0.0282721996	-0.0103855655	-0.034813369	-0.099834972	0.030853607	-0.040873268500000004	0.0741151724	0.0229488965	-0.0295450841	0.1532807518	0.033865685699999995	0.033617976200000003	0.0605547126	0.0277967015	0.0804190583	0.1220161124	-0.125441776	0.0051431003999999995	-0.0363719745	0.0183052575	-0.0310240428	-0.09142811529999999	-0.034160863199999995	0.0115532276	-0.1954545493	0.08623027009999999	0.0054322242	0.0510504561	0.0179908786	-0.0242664102	-0.0077455748	0.0006265722	0.0272184624	-0.0407366486	0.0111137835	0.0477284629	-0.0386131968	-0.028055791099999998	-0.2010290813	0.0007648905	0.005575888100000001	-0.0142770029	0.0792004987	-0.0073920856999999986	-0.031138237200000002	-0.1116124094	-0.06897333950000001	-0.0080403881	-0.04949330440000002	0.0289054076	-0.029268206499999998	0.0336665993	0.0735278684	-0.0085226501	0.1029303751	-0.009771879	-0.0417354762	-0.0691129826	0.055401625999999995	-0.0030644474	0.0203404913	-0.021183349599999998	-0.014775285	-0.0008679461	0.0082521499	0.0394296312	-0.0340587558	-0.0473286217	-0.0035405197999999996	-0.10563898769999999	-0.118235325	-0.0173030858	-0.026833072700000002	-0.0015404698	-0.0393218781	-0.0464102997	0.0665527143	0.017165214499999998	-0.0049958037	-0.12243469109999999	-0.0335184676	0.0366582782	-0.025273567900000002	0.007914812700000001	-0.0223301361	-0.0107048888	0.0399736407	-0.070626312	-0.0115840805	-0.1026120077	0.0550480164	0.0118920051	-0.1770382186	-0.09742375210000001	0.011074389799999999	-0.006820110999999999	-0.0314875354	-0.1107358471	0.1517540199	0.0247672023	0.012726681299999999	0.0217769375	0.0390151266	-0.0297043814	-0.0119348657	-0.0266499569	0.14983411789999998	0.095624801	0.1123340127	-0.1188825849	-0.0228767999	0.0317853736	0.009548790500000001	0.0371685311	0.010530408	-0.0709697118	-0.0141795032	-0.0473879542	0.0113297443	0.0222804252	-0.0679876722	0.1510441977	0.060201404699999995	-0.0083362689	0.0096581176	0.06700146530000001	0.0059803658999999995	0.0414415121	0.015300243600000001	0.1150315	-0.0353566838	-0.0389149436	-0.058892812	0.0888111892	-0.0163514282	-0.074957633	0.0	-0.0573879	0.0076425999999999925	0.00329337106641	5.840933475999989e-05	-0.00925568	-0.031802580000000004	8.56676122624e-05	0.0010114040946564002	-0.320222	0.005074999999999996	2.575562499999996e-05	0.102542129284	0.00632825	0.00043564999999999923	4.00467480625e-05	1.8979092249999933e-07	-3.93592e-05	0.0001126608	1.2692455856640001e-08	1.54914662464e-09	-0.00194826	-1.4580000000000147e-05	2.125764000000044e-10	3.7957170276e-06	0.0	0.0	0.0	0.0	0.0	0.0	0.0	0.0	0.0	0.0	0.0	0.0
6645.734666568485	-0.4304417748189735	0.1852801215093079	44165789.25843014	5540.246934898501	-19.040752046475067	30694336.09965224	362.55023849534433	4768.785464298762	-7.1723085509993325	22741314.80450716	51.44200995073815	4741.030002111172	8790.79610477352	0.912629	21.852102	0.05726758000000001	0.0304178	0.0023238525	-0.033073068399999996	-0.0701211858	0.0060842804	-0.0860641298	-0.0337564277	0.012282855700000001	0.0043691971000000005	0.021366868100000002	-0.0532207241	0.0214677391	-0.0385686222	0.0391416386	0.0008622413	-0.0536732013	-0.10255089460000001	-0.0034074471999999997	0.08856961640000001	0.0203823019	-0.021173796600000003	-0.0139345184	0.00672158	0.0229778904	-0.0358699827	0.0456907396	0.0154386249	-0.0222717295	-0.0415079362	-0.029653100499999998	-0.1141131274	-0.035578202	-0.0042652066999999995	0.0264763371	0.0129442321	0.050542720199999995	0.0436523121	0.0214083725	0.0027839448	-0.0695859682	-0.0139592825	0.08398288949999999	0.0168510663	-0.015052552	-0.0108054424	0.029330370699999997	0.045130636200000004	0.0424779409	-0.0072388365	0.1005101117	-0.0428020899	-0.0051513598	0.0455108154	-0.07408045419999999	0.0537068563	-0.034981419799999997	-0.0279291986	0.0522733106	0.019257963700000002	-0.0575799251	-0.0604073639	-0.1109901898	-0.0231356203	-0.027225868599999998	-0.0811802904	0.0791953898	0.055514985700000005	-0.0292280469	0.10183782400000001	0.014848987	-0.0565101319	0.0206598011	0.0633077722	-0.061126105599999994	-0.0773482991	0.0648555579	-0.1501567751	0.0274868568	0.0095572182	-0.1069859058	-0.0232877083	-0.0740043699	-0.0769916684	0.0825757195	0.0335476813	0.0704261104	0.1190409752	0.1360267083	0.0901237898	0.0725233814	-0.179482913	-0.0396325079	-0.0050122268	-0.076065404	-0.0832976246	0.0191977933	-0.011897691299999999	0.0331565187	0.038060386	0.0526187654	-0.055388846500000005	0.0715469874	0.037502746600000005	-0.006306439699999999	-0.0205623002	0.0068223668	0.0231601962	-0.036979143900000004	0.0554502666	0.0214636337	0.0117951699	0.052860608600000004	-0.0576257647	-0.09056694050000001	-0.033880685099999995	0.013812693700000002	-0.021369037599999998	-0.0101588337	-0.048816232	0.0344643018	0.0110140249	-0.0205003954	0.0696962478	0.048194916100000006	-0.0506840222	0.0147432846	-0.029814899900000007	0.0042360259	0.0124526884	0.0459570892	-0.017553044	0.030594016800000002	-0.1088891919	-0.0271910802	-0.057317903899999995	-0.0293359746	0.0233706076	-0.0399911977	0.1303198249	-0.0120498724	-0.0443482919	0.048893417800000005	0.0461760547	0.0330361439	-0.1395754042	0.0771570266	0.0462161184	-0.046628632	-0.024815876400000002	-0.0648023543	-0.061222590999999986	-0.0910867966	0.0695721999	-0.0210724072	-0.0376170712	0.08941315609999999	0.0184450176	0.09917930400000001	-0.0671265775	-0.06447029230000001	0.1299793732	0.0279468975	0.0149615756	0.0173658624	-0.0313970381	0.0337810955	0.049426230999999994	-0.0822748522	0.0098746611	-0.09544024599999999	-0.1683572012	-0.0657793426	-0.18130393399999997	-0.07395507059999999	-0.0349298385	0.0521595066	-0.1276236856	0.019232057	0.032040547	-0.0345802808	0.0548087424	-0.0397358659	-0.0025137254	0.0458904947	-0.0030493655	0.0086363928	-0.030442575	-0.021025610299999997	-0.0400145395	-0.0570032484	0.0896745262	-0.021119243	-0.0712759023	0.0	-0.057439	-5.109999999999837e-05	0.003299238721	2.611209999999833e-09	0.00696951	0.01622519	4.85740696401e-05	0.00026325679053610003	-0.304332	0.015890000000000015	0.00025249210000000046	0.09261796622400001	0.00600184	-0.0003264100000000001	3.6022083385599995e-05	1.0654348810000003e-07	-0.000159185	-0.0001198258	1.4358222345640001e-08	2.5339864225e-08	-0.00189247	5.579000000000001e-05	3.1125241000000012e-09	3.5814427009e-06	0.0	0.0	0.0	0.0	0.0	0.0	0.0	0.0	0.0	0.0	0.0	0.0
6653.434025538752	7.699358970266986	59.28012855303069	44268184.33219681	5535.730684377315	-4.516250521186522	30644314.20995653	20.39651877011752	4765.351768589906	-3.4336957088562485	22708577.478402946	11.790266221017813	4736.920479832334	8874.82643514576	0.8667219999999999	20.752903	0.04398468999999999	0.0226056	-0.0244344885	-0.06398826860000001	-0.1000950883	-0.066634145	-0.0625416326	-0.06397332730000001	-0.0575540645	-0.055530200599999996	0.0071056043	-0.0315477304	0.0420403083	-0.0060898726	-0.011978541899999999	-0.0433271151	0.0234620036	0.0032309724	-0.08666748269999999	0.10388944720000001	0.0503862932	-0.023721456000000002	0.0072964203	0.0451600653	0.028942765699999998	-0.0555668031	0.0329338547	-0.0597743112	0.0270178157	0.0126021905	-0.0329985753	-0.09205836839999999	0.0037835203000000004	-0.0184173742	0.0629232456	-0.0295817827	0.053762789000000005	0.0363077488	0.025580887599999998	-0.0154062699	-0.058932444800000004	0.0079196141	0.0828897792	-0.056895345099999994	0.0048890428	-0.1562177826	0.014588833	-0.0553981007	0.16584295400000001	0.183313977	-0.0646272067	-0.011039616100000002	-0.0460832392	-0.0040576319	-0.0018546008	-0.0313396896	0.08384612129999999	-0.1102907659	0.0160955567	-0.015189402	0.0329065387	0.0172369348	-0.1215729365	0.11580840449999999	0.1031589205	0.0765908478	0.005194247	-0.023935777000000002	-0.03706419	-0.1539787893	-0.0670235418	-0.0258538279	-0.028245894100000002	-0.040136021200000004	0.0138880361	0.0258995433	0.036222452200000005	-0.0592665606	-0.0222733286	0.005604895899999999	-0.0273688391	0.0507352295	0.0050220026000000004	-0.0031037190999999996	-0.0474545379	-0.0830608162	0.06287512719999999	0.0387278515	-0.10262630800000001	0.0747713418	0.0813652185	-0.0103199416	-0.022468216200000002	0.025677237400000004	0.05559681440000002	0.08241898519999999	0.052987889	-0.0784003734	-0.0008543731	0.09238616390000001	0.058155204400000014	0.09623547810000001	-0.0100101806	0.09577738039999999	-0.1052942292	0.009311964399999999	0.0472858313	0.028220526800000006	-0.055904029800000005	0.0324372218	-0.0561940925	0.0273626771	-0.0173129905	-0.0510639313	-0.0762494908	-0.0017628166	0.0037288458	-0.05655944490000001	0.022359239500000003	-0.0750160267	0.0365446175	-0.0157449237	-0.0197179857	0.07196620599999999	0.060663871200000004	-0.0737574433	0.049193505400000004	-0.071051075	0.0068532982999999995	-0.13092986869999998	0.05776698	0.2352828887	-0.12940061490000002	0.0555177359	0.026213271899999998	-0.047853642099999996	-0.0113679607	-0.024732301	-0.0015230457999999998	-0.037111052799999995	0.048497972800000004	-0.0372261671	0.037395967599999996	0.097001056	-0.05088935519999999	-0.0827002112	-0.0958348112	0.15247416390000001	0.07428239589999999	0.06271550599999999	-0.0069960622	0.11211998140000001	0.0970247065	0.0168763313	0.046688321500000005	0.0272293427	-0.0141045867	0.0592769483	-0.050116762999999995	-0.0047091056	0.0033192446999999996	0.07152245730000001	0.0218684452	0.019992014199999998	0.0230205191	0.0641826128	7.27479e-05	0.025355189900000002	0.0526141847	-0.0030011509999999996	0.1532809172	-0.0681642019	-0.038754716	-0.0193828236	0.055882887	0.0180525276	-0.0421462418	-0.028550599	0.0102678865	-0.1108699861	0.0738346111	0.015422566200000001	-0.0819208975	0.07475146070000001	0.0570865379	-0.0866297533	0.006011385699999999	0.0561103332	0.082927251	-0.0411071044	-0.05507362230000002	0.0903960694	-0.0258276969	-0.06728118429999999	0.0	-0.06218260000000001	-0.0047436000000000075	0.0038666757427600006	2.2501740960000072e-05	0.025224400000000004	0.018254890000000003	0.0006362703553600003	0.00033324100891210013	-0.30845500000000003	-0.004123000000000043	1.6999129000000353e-05	0.09514448702500003	0.00623041	0.00022857	3.88180087681e-05	5.22442449e-08	-0.00024718900000000003	-8.800400000000002e-05	7.744704016000007e-09	6.110240172100003e-08	-0.00187178	2.0690000000000075e-05	4.280761000000032e-10	3.5035603684e-06	0.0	0.0	0.0	0.0	0.0	0.0	0.0	0.0	0.0	0.0	0.0	0.0
6657.819054596669	4.385029057916654	19.228479838773413	44326554.56375048	5542.022636295334	6.2919519180195485	30714014.90120989	39.588658938669894	4764.5195519975405	-0.8322165923655122	22700646.561366845	0.6925844566084648	4736.881167506573	8991.043723956785	0.950256	22.753054	0.08068057	0.0462007	-0.0570084814	-0.032877714599999996	-0.079903182	-0.0814277895	-0.100397985	-0.018741016699999998	-0.0346918211	-0.0554175129	-0.0588967248	0.031809397999999996	0.0820167996	0.0194936346	-0.023897482	-0.0106397051	0.0349464622	-0.0074327031	-0.012316533999999999	0.0403761995	-0.0045274673	-0.019043772	-0.0291055953	0.0538952943	0.0279634356	-0.0506090608	0.014679423300000001	-0.06809866889999999	0.0771368628	-0.054709524800000006	0.0122055147	-0.023340556800000002	1.63381e-05	0.0443797205	0.024531721200000002	0.034804579700000005	0.0753180527	0.0777796444	-0.054321057199999995	-0.0186326318	0.0709026618	-0.0440141217	0.013459242	0.0008055477999999999	0.030804099799999998	-0.0059214712	0.0236753984	0.0171010878	-0.0119768872	0.0614426742	-0.018456272	-0.0529093525	-0.0466603939	0.041986866100000006	-0.10350921	-0.0700053659	-0.0324294787	-0.0680229505	0.0437530855	-0.0469413428	0.058217393799999996	-0.0573231867	-0.0458815972	0.0695128796	0.0931470118	-0.0738347014	0.09803203869999999	0.018324737600000002	-0.0360184359	0.0432353292	0.05407335940000002	-0.0577678813	0.0114114089	0.0177140494	0.0232044338	-0.024159700099999997	-0.017923061599999998	-0.0030836343	-0.0629952709	-0.0431758173	-0.0220717659	-0.11491560890000001	0.002404808	0.025260487400000003	-0.1499038956	-0.0443846834	-0.0077354643000000015	-0.0594291977	0.101698409	-0.0511933989	0.060167711	0.0010213323	0.0202593449	0.0814223853	0.069700242	0.0328427164	-0.09003563630000001	-0.0101453354	0.0235603898	0.010806784	0.06653332519999999	-0.023963704	-0.08838860470000001	-0.0489788305	-0.0271040267	0.0445487123	0.053251064	0.027692761899999998	-0.0494875438	0.014293456599999999	-0.0679035409	0.0993726931	-0.0010075209	0.010512231200000001	-0.016569230600000002	0.003032301	0.0380097273	-0.0214411859	-0.0309120223	-0.0785429428	0.0482716965	0.08545482970000001	0.0291295127	-0.0779608012	0.0382850404	-0.0039625058	-0.0079404663	-0.0242852546	-0.0285921089	0.0111116719	0.0005966296	0.0089638666	-0.0445447408	0.0087415749	0.0179716513	-0.1134530986	-0.0342971923	0.071300857	0.0059674538000000004	0.0470891691	0.0443491347	0.0192696601	0.003931094	0.0012741259	-0.0253629132	-0.08804235029999999	-0.0854337494	0.12405885039999999	-0.011927283200000001	0.007248743599999999	-0.0662626711	-0.026077942799999997	-0.11507515789999999	0.0195466555	0.0351387358	-0.0160703853	0.0094255844	-0.07198013610000001	-0.0036855451	0.0682323407	0.0470012535	0.031152763599999998	-0.0307161872	-0.0322771278	0.0601443971	-0.0707777137	-0.06638325190000001	-0.1045580576	0.09107673449999999	0.012495025	-0.0513574209	-0.0005165123	-0.0723118618	-0.032423348500000004	0.09540385650000001	0.04871114730000002	-0.0633821749	0.0189705402	-0.08393076740000001	0.0305280775	0.055350759900000004	0.0075126524	0.0577682375	0.0066183037	0.0336360026	0.08242649269999999	0.0178195887	0.1101237408	0.11462531109999999	-0.0421924464	-0.053105289900000005	0.09097467779999999	-0.030463555899999998	-0.0629910206	0.0	-0.05745419999999999	0.0047284000000000145	0.0033009850976399987	2.2357766560000134e-05	0.06530520000000001	0.04008080000000001	0.004264769147040001	0.00160647052864	-0.32809	-0.019634999999999958	0.00038553322499999837	0.1076430481	0.00610466	-0.00012575	3.72668737156e-05	1.58130625e-08	-9.99516e-05	0.00014723740000000004	2.167885195876001e-08	9.990322342559998e-09	-0.00192352	-5.173999999999999e-05	2.677027599999999e-09	3.6999291904e-06	0.0	0.0	0.0	0.0	0.0	0.0	0.0	0.0	0.0	0.0	0.0	0.0
6649.874725440212	-7.944329156456662	63.112365746127395	44220833.86404854	5522.679347249549	-19.343289045785237	30499987.17253671	374.16283110879533	4766.353671341747	1.8341193442065558	22718127.32031295	3.363993768792687	4738.285780295169	8992.32143477826	0.981742	23.506952	0.06138736999999999	0.027774700000000003	-0.0506432283	-0.0307820494	0.0063214027	-0.031640478900000005	-0.0775717432	0.053965327300000004	-0.0056366463	0.043556852800000004	-0.002755562	0.004820473	0.10861522119999999	0.1149896652	-0.0231244821	-0.0252058971	-0.0309807392	-0.016055620700000002	-0.0586208012	-0.0173837636	-0.0762490428	-0.0285208336	0.068508103	0.0360079657	0.0012549246000000001	-0.0380063395	0.0007642567	0.057777181500000004	0.0609635616	-0.1188548087	0.016674054599999998	-0.0317201763	-0.006580703100000001	0.0093378595	-0.0232493571	0.039029027	0.0841825891	-0.0438041211	-0.050848423499999996	-0.0321266323	0.04481495059999999	-0.1758196837	0.0565082154	-0.0426582488	0.06529540389999999	0.0197595775	0.0414155907	-0.1524753516	0.0049691645000000005	0.0246987181	-0.10176753050000001	0.0261982204	-0.021450277599999998	-0.0699568247	-0.028919905099999997	-0.0755008683	-0.030207458700000002	0.1000111903	-0.012586465	0.1228609326	-0.0409010816	0.045623008799999996	-0.0017449053	0.055936880700000004	-0.0561402915	-0.0009361936	-0.030983487	-0.0256203692	0.0006332211	-0.0241149423	-0.010509218899999999	3.9424899999999996e-05	0.0242121725	-0.033425684500000004	0.0012392269	0.05605866599999999	0.0495767545	-0.08413416650000001	-0.0443693749	-0.0046092508	0.0288944765	0.0614572501	-0.0551266434	-0.025250647400000003	-0.025674569300000002	-0.0310342818	0.0857851084	-0.028734069900000006	0.0087938807	0.0830986704	-0.0188722204	-0.071703851	0.08190329519999999	-0.0399736502	-0.080822543	-0.04917294480000002	0.09332332310000001	0.0817485808	0.0235862107	-0.0191866731	0.0679543375	-0.0323793853	-0.0737215721	-0.0687254455	-0.011983088400000001	-0.0013352798999999999	0.0352644289	0.003976775	-0.0341961206	0.0180312011	0.067057959	0.1217269596	0.0591140792	0.0061084016000000005	-0.0224743011	-0.0029061835	0.013689478	0.0336073145	-0.0389228009	-0.0879920366	-0.0449752548	0.005848070699999999	0.036373376	-0.08475500949999999	0.1450282938	0.0433826179	0.0688715565	0.003014255	-0.09060768359999999	0.028735327400000007	-0.130988208	0.0865218153	0.0374629826	0.1020903182	0.029341849500000006	-0.0623513507	0.0775471275	0.0011858533	0.0013772191	-0.0015264211999999999	-0.0543546254	0.047629993600000003	0.11832800789999999	0.0288798204	0.0507585146	0.0316839553	0.0091541173	-0.0423974668	-0.013536011799999999	-0.0584482137	0.055601847999999995	0.037904071	0.0317581629	-0.0089313624	-0.0073624473	-0.0312784314	-0.0347621116	0.0575954087	-0.053476643	-0.0385808932	0.0061433878	0.074764653	-0.0104337166	0.0260519433	-0.005376994300000001	0.1031275062	0.0252372609	-0.0046624131	0.0046308606	0.0653529562	0.0121764421	-0.0825310784	-0.0225001979	-0.0484795741	-0.0813575436	0.1288287806	0.0862509934	0.010798872900000001	0.0517309476	-0.0380748443	-0.1309296091	-0.0164533596	-0.0014409341	0.0212620117	0.0353887538	0.054327213799999996	-0.044012488200000005	0.07757126	-0.0326846035	-0.043270374699999996	-0.0510996347	0.0914094366	-0.0350137895	-0.0584242501	0.0	-0.0692036	-0.011749400000000014	0.00478913825296	0.00013804840036000032	0.0516334	-0.013671800000000005	0.0026660079955600005	0.00018691811524000013	-0.31293000000000004	0.015159999999999953	0.00022982559999999849	0.09792518490000003	0.00587586	-0.00022879999999999952	3.45257307396e-05	5.2349439999999764e-08	-0.000216855	-0.00011690340000000003	1.3666404931560004e-08	4.7026091025000005e-08	-0.00199394	-7.042000000000007e-05	4.9589764000000114e-09	3.9757967236e-06	0.0	0.0	0.0	0.0	0.0	0.0	0.0	0.0	0.0	0.0	0.0	0.0
6639.689811487812	-10.184913952400166	103.73247221779556	44085480.79277506	5556.705220216658	34.025872967108626	30876972.904383056	1157.7600311738136	4766.114737014998	-0.2389343267486765	22715849.68639155	0.057089612498843326	4738.258759992392	8844.659252709018	0.938213	22.464693	0.10867917500000007	0.0593977	-0.0114188627	-0.024210815400000002	-0.0007423798	-0.042233062	-0.046141164500000005	0.0080497749	-0.0120052083	0.060363609400000004	0.047859600700000005	-0.0885520097	0.0596413836	0.0878548685	0.0435597722	0.0702361682	-0.0447607425	-0.013438347	-0.06729034610000001	-0.0419750038	-0.0218434506	0.0672091074	-0.0343800814	0.0295355272	0.0059219482999999995	-0.0325025959	0.0725798869	0.0307679585	0.0448859963	-0.0039509899	-0.028839479700000007	-0.0458161339	-0.09967716550000001	-7.669099999999999e-06	0.0397714417	-0.0412095273	0.0774114067	0.0813058862	-0.0116808166	0.11054003	0.1148768968	-0.0212395079	-0.0897100613	0.0404156767	-0.022755232799999997	-0.0326741078	0.06603382070000001	-0.1432200439	-0.0251186502	-0.0721708889	-0.1119859634	0.0097939458	0.07366863559999999	-0.0710530675	0.026192348100000002	-0.0351176406	-0.0893448908	-0.010204948	-0.0784498124	0.0680623314	0.048888977199999996	0.0714703757	-0.0290460834	0.0166530059	0.0375476167	-0.0571985512	-0.025039673399999997	0.0048537471999999995	-0.0922401013	0.0670202364	0.0066314569999999995	-0.0083640665	-0.0667611762	-0.061254201200000004	-0.047415553799999996	0.1198866997	0.06454388030000001	0.08491974949999999	-0.018240821100000002	0.04455613480000002	-0.026722842000000004	0.0184143563	-0.0115978103	-0.050041619100000004	0.0222646399	0.0033046223	-0.0319712503	0.0689497738	0.0228667592	-0.1024164051	0.022816779500000002	-0.0711813018	0.060259038499999994	0.027949472700000002	0.07174122299999999	0.0121287926	-0.0112688995	-0.1022563866	-0.035876201499999996	-0.0162259721	0.1078330715	-0.0810069924	0.0105220882	-0.0428605049	0.057656390700000004	0.0762365153	0.0309316194	0.0076352151	-0.0354034767	0.079464714	0.0308484807	0.0253217102	-0.0230800352	-0.0425998121	-0.020982719500000004	-0.0945223005	-0.0163784209	-0.0384572911	0.0403353926	-0.0681754789	0.07487408599999999	0.0624381668	-0.10100805869999999	-0.1226694147	-0.0434382861	0.0456811143	-0.0447617496	-0.0338316359	0.0512409602	0.0214458273	-0.122301287	0.0162111056	0.0998012273	0.1389462655	-0.0301880925	0.019564433899999997	0.10207617869999999	-0.0585005648	0.0187320994	0.0181788136	0.0362450067	0.1132911182	0.08750585050000001	0.029422302	-0.0631660116	0.0126500747	-0.0051230167	-0.0041638648	-0.0864983839	-0.0195937755	0.0144869547	0.0565299356	-0.10568921740000001	0.0131585851	-0.0231405071	0.070123502	-0.0410691826	0.1220820019	-0.1127512575	-0.0233173908	0.0103909663	-0.0501291043	0.055017747199999995	0.019253024	0.0294520152	0.0214143866	-0.0355891709	0.0013828085	-0.0662723724	-0.07615084009999999	-0.0211031338	0.042076604299999994	0.0571630135	-0.1123953491	0.0324554506	-0.0025834337	-0.0590034968	0.0161493203	-0.0521974956	-0.0280240428	0.065294643	0.0033891946999999997	0.0492516611	0.0028174059999999997	0.0325386304	0.1068317725	0.038078691	-0.012533729399999999	0.059030708	-0.0443407	-0.049058066100000006	0.0916996582	-0.0394656084	-0.05360092650000002	0.0	-0.0659022	0.0033014000000000103	0.004343099964839999	1.0899241960000066e-05	0.0104516	-0.041181800000000005	0.00010923594256	0.0016959406512400007	-0.339606	-0.026675999999999974	0.0007116089759999988	0.11533223523600003	0.00641549	0.0005396300000000001	4.11585119401e-05	2.912005369000001e-07	-7.54355e-05	0.0001414195	1.9999474980250003e-08	5.6905146602500006e-09	-0.00206329	-6.935000000000014e-05	4.809422500000019e-09	4.257165624100002e-06	0.0	0.0	0.0	0.0	0.0	0.0	0.0	0.0	0.0	0.0	0.0	0.0
6643.636120953087	3.94630946527468	15.573358395716536	44137900.90763258	5537.199760437012	-19.50545977964612	30660581.186983697	380.4629612153923	4769.158278415569	3.043541400570575	22744870.68457975	9.2631442569871	4740.7687689380155	8758.104142950006	0.909353	21.773663	0.043333235000000005	0.021906400000000003	-0.0042734907	-0.030727576200000002	-0.09288895130000001	-0.0342590121	-0.0310125432	-0.0746247715	-0.0237991177	0.010571286200000002	-0.021014371299999998	-0.0889162039	-0.017140412600000002	0.0575053858	0.0859076883	0.0180132998	0.017802724	-0.0389853528	-0.0647449449	0.029677680699999997	-0.0120053696	-0.008068336	0.0582252734	0.007193575600000002	0.042839237800000006	-0.0534437804	0.0646415668	-0.0193547071	0.0696995302	-0.0051685378	-0.1055275515	-0.0097797727	-0.022253593199999998	0.0364613206	-0.0132670752	0.0135301232	0.0635653674	0.0981791773	-0.0373671946	0.0393323939	0.018388911799999998	-0.079570728	-0.0088139633	0.0146250138	0.026012899300000003	-0.005720855699999999	-0.036013571099999996	-0.0383342661	-0.1065208098	-0.0865847388	0.1902336649	-0.0170380924	-0.0006015368	0.0534443643	0.0743508734	0.0055687859	0.0916677282	0.040236112000000004	-0.0515218483	0.0095498615	0.0679153542	0.06000277690000001	0.0800196257	0.06720511280000001	0.0090830539	0.0246465075	-0.026743355099999998	-0.032505265	0.0861590203	0.025256726400000002	-0.0348290473	0.079158405	-0.036749207400000004	-0.0553141929	0.0411606426	0.053494130599999995	0.0196248371	-0.0006286781	0.0203555341	0.0618289483	0.058029482	-0.0151380973	-0.0018355185000000001	-0.0664579861	-0.0407391343	0.0773622128	-0.0405237662	0.07685234889999999	0.047673017000000005	0.035121469	0.10738100539999999	-0.012834146299999998	-0.08085698599999999	0.022883299300000003	-0.1868560071	-0.010725196299999998	-0.0628688495	-0.0127838311	0.037983423100000004	0.017587806299999998	-0.0014613538000000001	0.0294740228	0.1636705734	0.0015625720000000001	0.074294982	0.0364353846	0.007430316899999998	0.0442530094	-0.053561476799999994	0.067204175	-0.014880096899999999	0.055069079400000005	-0.038819859	-0.09232251960000001	0.0322747788	-0.0202770387	0.0267840477	0.0017701465	-0.0049645947	-0.0515825942	0.09819034759999999	0.0795630504	-0.0486501893	-0.0334229921	0.0644294133	0.0313451906	-0.0183214662	0.0103533225	-0.0230573412	-0.021218482099999998	-0.0986222917	-0.0813815108	0.07342480009999999	-0.1518902058	-0.0629089441	0.0915258939	-0.09853674960000001	-0.0038798293	0.0035910709000000008	-0.1219317702	-0.0531286743	0.0060383013	0.0033641855999999998	-0.0382730961	-0.0238224436	0.07844712429999999	-0.08764462390000001	0.0008425914999999999	-0.0132389154	-0.0186734844	0.0768253703	-0.0128150222	0.0187463314	-0.0659683438	-0.07255209209999999	0.0244993108	-0.0712568064	0.0041561753	-0.0169656097	-0.0021212816000000002	-0.0313638797	0.0042940038	0.09678841	-0.057032800599999996	-0.0587477558	0.0597804241	0.011065898700000002	0.0374778163	0.017870053400000002	-0.050409623	-0.0733820307	-0.0415286269	-0.07191306530000001	-0.026376701800000003	0.0195327352	-0.0623209813	0.1980092826	-0.0602991054	-0.031790694	0.0795707639	0.0333762101	0.0158810259	-0.012234209	0.0082945236	-0.0303272286	-2.08119e-05	0.1290316483	-0.1252107603	0.08427578699999999	-0.045403234199999996	-0.0469820191	0.09184488380000001	-0.0438064995	-0.048542230199999994	0.0	-0.0598062	0.0060959999999999894	0.0035767815584400006	3.716121599999988e-05	0.0164373	0.0059856999999999974	0.00027018483129	3.5828604489999977e-05	-0.333979	0.0056270000000000495	3.166312900000055e-05	0.11154197244099998	0.00612551	-0.00028998000000000045	3.75218727601e-05	8.408840040000026e-08	-8.538620000000001e-05	-9.950700000000006e-06	9.901643049000012e-11	7.290803150440001e-09	-0.00185073	0.0002125600000000001	4.518175360000004e-08	3.4252015329000008e-06	0.0	0.0	0.0	0.0	0.0	0.0	0.0	0.0	0.0	0.0	0.0	0.0
6660.970384677267	17.334263724180346	300.4766988594347	44368526.46554762	5547.259797053608	10.060036616596337	30772091.256007235	101.20433672725905	4770.918195252081	1.759916836512275	22761660.42578737	3.0973072714393735	4742.421658443108	8906.097213878573	0.931356	22.30051	0.03231943999999995	0.0195859	-0.042632349800000004	-0.027740483	-0.1105497754	-0.0164310116	0.027057836600000003	-0.0692360862	-0.0616661347	-0.0544574302	-0.0021024862	0.0082294833	-0.0873278912	0.0026558725	0.0951086205	-0.0401303576	0.0844838705	0.10252182189999999	-0.057544763	0.0588380488	0.09706975949999999	0.053211080099999995	0.0094115268	-0.011633614399999999	0.0275711049	-0.08293269860000001	0.0051538069	-0.0313934145	0.0382065781	0.0129353978	-0.0192347165	0.026872839500000002	-0.049601807000000005	0.023238269300000003	0.049393739000000006	-0.0379263829	-0.0235761056	0.038371557	0.0229772056	0.1613996049	-0.0302734098	-0.0096394753	-0.0496777909	0.0347733672	0.0873223558	0.0198273099	0.0479220273	-0.0648235771	0.1173822542	-0.11587158560000001	-0.0672606492	-0.010542835700000001	-0.0483201954	-0.0257307902	0.005898856700000001	-0.059977255300000004	-0.0627548637	0.0282435922	-0.123335175	0.0262684021	-0.1259986245	-0.05659117070000001	-0.0166155068	-0.0051583245	0.011186405200000001	0.0214652821	-0.0359656389	0.0421862582	-0.0640902341	0.06372131190000001	-0.0577668321	0.0226984	0.0966158583	0.1209303511	-0.0437238261	-0.0199535107	0.0303847185	0.0776919395	0.005848487800000001	0.0655171253	0.0717982873	-0.107029869	0.0773913344	0.1487043609	-0.0090873352	0.0571303055	-0.022290418	-0.0083744425	-0.0348635642	0.0867202289	-0.0051365179	0.054375099	-0.0181098445	0.0900330742	-0.055654757699999995	-0.0060285745	-0.0039735917	0.0395717955	0.0169950112	0.1951225797	-0.0892195721	-0.0520765421	0.1109273707	0.0922600168	-0.0153099575	-0.1022204324	-0.010213210600000001	0.0278910027	-0.08243563400000001	-0.0063792634	-0.0352229597	0.0226526439	-0.0358807673	0.0038030439	0.0392425546	-0.0525794267	0.011311257	-0.0565683815	0.0420357317	0.028204564100000006	0.0618044505	-0.0012361234	-0.16335551480000002	0.0061907833	-0.011043645900000001	0.0303302011	-0.07367496559999999	0.0524362947	-0.07476038139999999	0.029656709700000002	0.0261784369	0.0682321793	0.1552277458	0.0837706267	0.017710079099999998	-0.0283821891	-0.0191020513	-0.0498860518	0.0101743525	-0.024181102799999996	-0.0002625685	0.1600922309	0.010553904	0.10027473	0.0853497808	-0.0575233438	0.0348621139	-0.0803258553	0.0289603929	-0.0148997243	-0.0315905332	0.0065825909	0.0156298591	0.0711959435	-0.09789833099999999	-0.0514068882	0.10096416300000001	-0.0081200044	0.0435426014	-0.031117824300000006	0.0308699887	-0.1042261267	0.0465519417	-0.06322457	-0.1053925066	-0.14182898019999998	0.12230414029999999	-0.0476681368	0.0847170927	-0.0332362232	0.0442331042	0.0147798164	-0.049730353	0.0975620732	-0.0070245217	0.0543115421	0.0119351466	-0.062439267300000004	-0.0624678132	0.0390872741	-0.021304650699999997	0.0184787877	-0.1841605714	-0.0718741136	0.0502637064	-0.044739361	0.069427769	-0.0829613805	-0.0417334756	-0.04645779059999999	-0.044872952699999996	0.09184488380000001	-0.048024261799999995	-0.043270374699999996	0.0	-0.0615026	-0.0016963999999999935	0.00378256980676	2.8777729599999788e-06	0.0335623	0.017125000000000005	0.0011264279812900002	0.0002932656250000002	-0.333981	-2.000000000002e-06	4.000000000008001e-12	0.111543308361	0.00611849	-7.019999999999942e-06	3.74359198801e-05	4.92803999999992e-11	-0.000210637	-0.00012525079999999998	1.5687762900639996e-08	4.4367945769000013e-08	-0.00198838	-0.00013765	1.8947522500000004e-08	3.9536550244000006e-06	0.0	0.0	0.0	0.0	0.0	0.0	0.0	0.0	0.0	0.0	0.0	0.0
6672.60951924398	11.639134566712528	135.46945346204242	44523717.79630537	5537.502297436319	-9.757499617288886	30663931.694112513	95.20879878139276	4775.700935338306	4.782740086225203	22807319.42379117	22.874602732385465	4747.491508859969	9058.919884439454	0.8660889999999999	20.737753	0.06389794999999991	0.031888400000000004	-0.0824936549	-0.0484146101	-0.0871217178	0.0279560779	0.0315941582	-0.0553891958	-0.0115840031	-0.0441902445	-0.021736657799999996	0.07043850900000001	-0.043535513600000006	-0.057582648099999995	0.1056671807	0.0137400222	0.0137003755	0.051671309900000004	0.0190522207	-0.0259256706	0.041550677599999995	0.1005478964	0.0333166003	-0.0409261753	0.032036988599999996	-0.0764232051	-0.0250841604	-0.0150003758	0.025779674	0.0535199985	0.020539261	0.0308062421	-0.0340050881	-0.0440360338	0.024147300400000002	-0.0215095852	0.0094584962	0.0440086568	0.0754564952	0.0810248782	0.0588649241	-0.04347213	0.0356762377	-0.0011625322999999999	0.10453642070000001	-0.0316225118	-0.0026735826	0.0059559899	-0.027761288500000002	-0.0211867546	0.10210230349999999	0.1657808237	-0.0138967118	0.0683150304	-0.0120015607	0.0461953769	-0.0989778533	-0.0078875397	-0.011266782099999999	0.027961010499999998	0.009299353599999999	0.181803446	0.027294874900000002	-0.006063345699999999	0.0022310184	-0.0675275612	-0.031095752799999998	-0.09603404369999999	-0.0974423195	-0.0314907764	-0.0151833985	0.0417405686	-0.0448016183	-0.0253107151	-0.0213843767	0.0190072309	-0.1441156676	0.027779689399999998	0.0071627880000000015	0.0399082309	0.0117186302	-0.023487263199999997	-0.0434317676	-0.018495676200000002	0.0386788385	-0.0426960681	0.0962480436	-0.0199171861	-0.0734105615	0.0534607201	0.000244337	-0.060783207199999995	0.0138687724	0.030854426600000002	-0.0071782534	-0.055817434900000004	-0.0767292348	0.0110399598	0.0831978992	0.0453180121	-0.026904407400000004	-0.029033538900000006	0.08899228279999999	-0.0384086368	0.1428315202	0.019170942399999998	-0.0399052416	0.0305841592	-0.0751198256	-0.038450543399999995	-0.013851556899999999	-0.0101968365	-0.0600634091	0.038968446600000005	0.023482370899999997	-0.0399671901	-0.04323086190000002	-0.0188715005	0.0161491925	-0.0096417974	0.0752919524	-0.06592579900000001	-0.0822406923	-0.059893633700000004	0.0366003054	-0.0242617975	-0.0194485407	-0.0178688546	-0.09593790210000001	-0.0451473374	-0.013294640900000002	-0.031902899500000005	0.0334677497	-0.0963513408	0.0669068059	0.11697555960000001	-0.0131187024	0.047868110199999994	-0.0006905987	0.1096745379	-0.05875419990000001	0.0646990153	0.044080245899999995	0.1190813895	-0.09961133380000001	0.11105440550000001	0.0232060573	0.0053828372	-0.1074091401	0.0116053772	0.0119345631	0.1469309936	0.0206047003	-0.0453614497	0.0218968522	0.047690774000000005	-0.0035403203999999997	-0.0163648178	0.054663710899999995	0.1182859381	0.0138556473	-0.0292161803	0.0453940471	-0.023401746600000002	0.0346840212	0.025728067	0.0128206555	0.00022150029999999998	-0.027549414900000003	0.06409768610000001	0.0809998207	-0.0360637668	0.0152602395	-0.021945915099999998	-0.0536341605	0.005582543299999999	0.0129646192	0.0069939488	-0.0718493372	0.06327928990000001	-0.0380276375	0.0445569251	-0.0776715408	-0.015070538	-0.0078411536	0.0725279523	-0.0062974258	-0.1450983279	-0.0814761547	-0.0475041838	-0.042732349100000004	0.0916996582	-0.052107040199999996	-0.03780851	0.0	-0.05749410000000001	0.00400849999999999	0.003305571534810001	1.606807224999993e-05	0.0552543	0.021692	0.0030530376684899997	0.0004705428639999998	-0.317296	0.01668499999999995	0.00027838922499999827	0.100676751616	0.00594114	-0.00017734999999999973	3.52971444996e-05	3.1453022499999913e-08	-0.000278236	-6.7599e-05	4.569624800999999e-09	7.741527169600001e-08	-0.00180308	0.00018530000000000003	3.433609e-08	3.251097486400001e-06	0.0	0.0	0.0	0.0	0.0	0.0	0.0	0.0	0.0	0.0	0.0	0.0
6673.917704325977	1.3081850819971803	1.7113482087599698	44541177.52411572	5528.056874273269	-9.445423163049783	30559412.80519995	89.21601872907732	4776.046950977371	0.3460156390647171	22810624.477940246	0.1197268224773646	4748.007330869531	9078.617154275693	0.88385	21.163023000000006	0.08991384999999998	0.0485718	-0.0949544276	-0.0366596087	-0.11947826800000001	-0.0065795614	-0.013698028999999999	-0.058889272199999995	0.0324049552	-0.0601740571	0.0003004333	0.0770843739	0.053324736	-0.0977776751	0.0876836144	0.0220398563	-0.0232480789	0.0344459972	-0.06420102150000001	-0.018149031399999998	-0.0603573268	0.0981628841	-0.0141862999	-0.0507169404	0.0057874814	-0.0874717451	0.0007621835000000001	-0.0306883964	-0.029347861	0.056847678	0.0906976615	-0.0688023999	0.0056224216	-0.0525751058	0.0130821069	-0.0814403794	0.0789941786	0.0748633214	0.05910138700000001	0.00036216339999999996	0.017947836499999998	0.0299714737	-0.08564564029999999	-0.0092844568	0.0218949936	0.1001077865	-0.0834716603	0.08667183310000001	-0.04720856019999999	-0.0321537884	0.027560354300000003	-0.0338830635	0.0213225256	0.0394309053	0.0192660099	0.0527539975	-0.022787232200000004	-0.0040518355	0.07114927019999999	0.0050068088	-0.0043019083	-0.0684558848	-0.0018731394	-0.0060513237	0.0738395102	0.0227158871	0.0485869628	-0.0632172636	0.0271558882	0.08117036400000001	0.0010232786	0.0565483143	-0.032085291	0.039997715	0.0876654372	-0.0933582853	0.0885496326	-0.0431919845	0.0382823888	0.12077997160000001	0.0848333391	0.052971864800000004	0.020674588799999997	0.0050308785	-0.056043005199999996	-0.048651451799999995	0.1123412889	0.035736438100000004	-0.0426923145	-0.0176180872	-0.0618289963	-0.053285633	0.163854573	-0.0208092769	-0.0087923223	-0.0979781051	0.06864254980000001	-0.107039525	0.025876305	0.0103963135	0.1855669567	0.071292267	-0.00046964690000000003	0.0414485235	0.0563291493	0.039075995	-0.049656693700000004	0.0009828659	-0.0903795242	-0.0138642782	-0.026757240499999998	-0.061416570999999996	-0.0197338233	0.0709742669	-0.09962910800000001	-0.0067069211	-0.052056732599999996	-0.0055223013	0.0871293401	-0.0763473553	0.1092355491	-0.0151284325	0.008619656	-0.0102676849	-0.0719738769	0.043501519599999997	-0.0051955287	0.1008111938	-0.0026461993	0.036900693	0.051632026100000006	-0.10757097130000001	-0.0168388559	-0.041440077799999996	-0.0277548712	0.0092316904	-0.0104293335	0.0096931851	0.0009572992999999999	0.08445284800000001	-0.0104287163	-0.0630684362	0.0005896471	-0.0175583411	0.0287099877	-0.0045745399	-0.0316518207	0.0093353513	0.0268806966	0.0986091498	0.0640535506	-0.0186249534	-0.0615734541	-0.0179575601	-0.11430111050000001	0.0342784548	-0.0033081721000000003	-0.07434954049999999	0.033487335	-0.0644384309	-0.009524614499999999	0.0349396312	0.0874627625	0.064602728	-0.1279640963	0.0527256234	-0.0430755328	-0.0178214904	0.0603863833	-0.027630843500000002	0.0411426764	-0.030464410499999997	0.1135907952	-0.09587658789999999	-0.039140972	0.1759806773	-0.0778055159	0.0356519457	0.0279712619	-0.0032537392	0.0158791031	-0.0095923503	-0.040689765	0.1148154143	0.0470915282	0.005544556	-0.09608124009999999	-0.0117206594	0.0297116512	-0.048542230199999994	-0.0405617128	0.0914094366	-0.056043359	-0.0321806203	0.0	-0.052963	0.00453110000000001	0.002805079369	2.0530867210000088e-05	0.0162056	-0.0390487	0.00026262147136	0.0015248009716900001	-0.334015	-0.016718999999999984	0.00027952496099999954	0.111566020225	0.00625246	0.00031131999999999953	3.90932560516e-05	9.692014239999967e-08	-5.5965e-05	0.000222271	4.940439744100001e-08	3.132081225e-09	-0.00186179	-5.871000000000001e-05	3.4468641000000007e-09	3.4662620041000007e-06	0.0	0.0	0.0	0.0	0.0	0.0	0.0	0.0	0.0	0.0	0.0	0.0
6669.036272305422	-4.881432020554712	23.828378571296852	44476044.801325396	5537.852531710289	9.795657437020054	30667810.662970066	95.9549046234463	4773.871545137229	-2.175405840142048	22789849.52947092	4.73239056932413	4746.173493926994	9119.613880133482	0.993414	23.786428	0.13489364999999998	0.0760783	-0.1019219928	-0.031794295699999996	-0.0993457458	0.013270195	-0.07265050320000001	0.0230508776	0.059673335599999995	-0.0203894519	-0.013893026599999999	0.0855236717	0.0885582107	-0.0919831063	-0.000652025	-0.09989635599999999	-0.0002386032	0.0539875289	0.0007176725	-0.0050490013	-0.0525392376	0.048990365999999994	-0.030928989599999998	-0.027694711	0.0066045283	-0.0397865685	-0.0426008741	-0.018638491299999997	-0.0089841398	-0.030588478	0.15358965189999998	-0.08130543230000001	0.0037744993	0.0289510416	0.012410385800000001	-0.0424192688	0.0315784031	0.1256316703	0.0765264304	-0.0751678875	-0.0198199297	0.09168855449999999	-0.0100318273	0.06601055780000001	0.06209330110000001	-0.0652833134	-0.054866236799999996	0.0036537019	-0.053507716399999995	-0.0051833821999999995	-0.005031117	0.0115087205	0.0013040927	0.0014341414000000002	-0.0452655707	0.0413184725	0.015200833700000001	-0.0144699327	0.075980437	-0.139685017	-0.07130287190000001	0.037771224900000004	-0.0480570219	0.0147671105	-0.007309731	0.1369171629	0.012348014899999999	-0.0503370441	0.0633279811	0.1692416626	0.0672225462	0.0502281722	-0.1031923325	0.0269741667	-0.0618538309	0.0963852151	0.0555532626	0.0974138084	-0.017868101100000002	-0.0745278349	0.006327348199999999	-0.010964218999999999	0.0875052135	0.0213136421	-0.0240372144	0.0797011411	0.0485634951	0.0524735408	-0.1163974846	-0.0149041885	0.0613409417	0.0113474576	-0.10176921119999999	0.1508455077	0.0024517231	-0.0441920432	0.0607271995	-0.0045512545	0.0045346136	-0.0074586088	0.0029176352	-0.0155659863	-0.1077858436	0.0366025116	0.0367363516	0.023908815099999998	-0.0278193253	0.0042142639	-0.0397046329	-0.0491618965	-0.0091103806	0.0183696121	0.038617569	0.1315521943	-0.1169768933	-0.0092492192	0.025467198700000002	-0.0161805135	0.0486758672	-0.0180635694	0.1525056257	-0.001145257	0.0610221186	0.0735231199	-0.0706074622	-0.036911405099999996	-0.058276169100000004	-0.0093989628	-0.020314093300000002	-0.0848524141	-0.0458275647	-0.0559215259	-0.0146024182	-0.0030479633	0.050700866799999994	0.0072400104	-0.0107765302	0.031705814900000004	-0.0396325249	0.0094980895	-0.0131977865	-0.05602032	-0.1534576998	0.0616460629	-0.0255780553	0.0063273992	0.016625099299999998	-0.0343669516	0.1126348025	-0.0657246692	0.08326844530000001	-0.0190554065	-0.18259757170000002	-0.0483851162	-0.05385935360000002	0.0722097916	0.0681008967	0.06434198719999999	-0.0414899979	-0.0163721545	-0.006110701999999999	-0.0775147513	0.0615417016	-0.067755467	0.0396977055	0.0201989616	0.011574013700000002	0.1345602425	0.1172630196	-0.024103532599999998	0.0760051883	0.0376683125	0.0160976898	0.0035224597999999998	0.11638349869999999	0.0029014162	-0.0216788064	-0.1276732508	-0.030705447900000002	0.0169523649	-0.049123756799999994	-0.0127681826	0.0372968916	0.014221988100000001	-0.0147789778	-0.0053981490000000005	-0.0752158874	0.0433884953	0.0474925457	-0.0495717471	-0.0383625694	0.09097467779999999	-0.0598221543	-0.0264114187	0.0	-0.0575266	-0.004563600000000001	0.00330930970756	2.0826444960000005e-05	0.0728401	0.0566345	0.005305680168010001	0.0032074665902500003	-0.310448	0.023567000000000005	0.0005554034890000002	0.096377960704	0.00551047	-0.0007419899999999997	3.03652796209e-05	5.505491600999995e-07	-0.000278236	-0.000222271	4.940439744100001e-08	7.741527169600001e-08	-0.0019001	-3.830999999999973e-05	1.4676560999999796e-09	3.61038001e-06	0.0	0.0	0.0	0.0	0.0	0.0	0.0	0.0	0.0	0.0	0.0	0.0
6664.509175555536	-4.527096749886368	20.494604982831717	44415682.55106393	5525.301334576878	-12.551197133411732	30528954.83787703	157.5325494817629	4768.918105503715	-4.953439633513881	22742579.897001144	24.53656420286613	4740.9697601246535	9122.377384074185	1.092634	26.16217	0.08018170000000002	0.0609761	-0.09428989310000001	-0.0244806067	-0.0410836689	0.043892966	-0.07316960759999999	0.0450394053	0.05850682910000001	0.027043834500000002	0.0138194873	-0.0357145433	0.0840920959	0.06513732700000001	0.0181419201	-0.1222550004	-0.1161573459	0.033193547999999996	-0.050286546900000006	0.0859736502	0.0390545758	0.061194539299999996	0.0476278642	0.0097992236	0.0050667972	-0.0266098213	0.0141499408	0.08503648039999999	0.025899751600000003	-0.0802168048	0.0361863961	-0.1233713492	-0.0996479366	0.061289237300000014	0.04210671480000002	-0.0644947173	-0.006682279300000001	0.12090226949999999	0.0567647018	0.0479355132	-0.0659542789	-0.08205584219999999	0.0833053837	0.0783994532	0.1223493225	0.024544273999999998	0.0379976061	-0.0598388697	0.0037708028999999996	-0.0856266064	-0.0009006728	0.0506034192	0.024737847599999998	0.11962634779999999	-0.058876192	-0.0041974332000000005	-0.0127238224	0.0069694381	-0.0067296355	0.0598437383	-0.0572123604	0.0567334174	0.0267018462	0.0379099253	-0.11888649130000001	0.1219306909	0.0154630483	0.0237332561	-0.0289853455	-0.0149948719	-0.061915178099999996	-0.0874651555	-0.0349850393	0.0456310232	-0.0172659871	-0.0354699628	-0.0159161748	0.1291896932	-0.0539962821	0.12347267099999999	-0.043485273399999996	-0.06145780150000001	-0.017611008600000002	0.0451905323	0.0434644953	-0.0653201435	-0.11321907810000001	-0.0777088507	0.0807305488	-0.0632643356	-0.012944976399999999	0.0233273295	0.0320520528	0.0440889849	-0.0567933168	0.1271923071	0.09666706539999999	0.011784248999999998	-0.1348262034	-0.067433468	0.062800627	0.0369198756	0.0239517996	-0.0607250048	-0.053443178099999995	0.0075541764	0.0107022777	0.0039722501	-0.025194429700000003	0.031181362999999997	0.0943851431	0.067719404	0.0507162531	0.0019934058	-0.1106839165	-0.0934677908	0.0683719948	-0.054012643799999996	0.059869336100000003	0.0209158584	0.09801792919999999	0.0038421558	-0.08938870199999999	0.0684872693	0.1275494659	-0.041167269	-0.0746536	-0.034387870699999996	-0.1165069834	0.0403072815	-0.061253358200000003	-0.0100356157	0.0948799367	0.0226095056	0.0221713673	0.0448229456	-0.017200563000000002	0.1496913823	-0.028209703	0.021033626099999998	-0.0031684242	-0.009773648499999999	0.0400055127	-0.005497846999999999	0.012593191299999999	0.10797743470000001	0.057533395599999995	0.0085732912	0.08876876789999999	-0.10557596359999999	0.0455660137	0.0131072577	0.0278529051	0.11461422710000001	0.0052932586	0.0476875057	0.0330644898	0.0248165631	-0.0292688489	-0.0023338809	0.0606018797	-0.0641182335	0.06077159820000001	0.1055720625	0.0020382269	-0.1126581857	-0.0471144247	-0.15942920130000002	-0.0755832319	-0.0038385910999999997	-0.0671650466	0.0779231392	-0.0403082249	0.0327152618	0.0100695956	0.005514196999999999	0.0839567601	0.0176343345	-0.043798143399999996	-0.14589055310000001	0.0394787979	-0.073434397	0.0765726129	0.043544403899999994	0.0073598105	-0.0331956474	0.0956839815	0.07697507049999999	0.0029563958	-0.0505925538	-0.0361364644	0.0903960694	-0.0634328049	-0.0205262391	0.0	-0.0598397	-0.0023130999999999985	0.003580789696089999	5.350431609999993e-06	0.0177235	-0.055116599999999995	0.00031412245225	0.0030378395955600003	-0.31042800000000004	1.999999999996449e-05	3.999999999985797e-10	0.09636554318400002	0.00595561	0.0004451400000000001	3.54692904721e-05	1.981496196000001e-07	-0.000278236	0.0	0.0	7.741527169600001e-08	-0.0018906	9.49999999999996e-06	9.024999999999924e-11	3.57436836e-06	0.0	0.0	0.0	0.0	0.0	0.0	0.0	0.0	0.0	0.0	0.0	0.0
6661.5156087078185	-2.9935668477173754	8.961442471752541	44375790.2050579	5523.2598912211915	-2.041443355686169	30506399.82597273	4.167490974475209	4765.69924801137	-3.218857492344797	22711889.322496146	10.361043556024228	4738.1391619309225	9076.660563080955	1.241043	29.715706	0.07465629999999998	0.0453304	-0.0839366627	-0.0164903796	-0.062913893	-0.1358971894	-0.029675698599999998	0.017352742	-0.035213434700000004	-0.0926744175	-0.013017855200000001	-0.11823903460000001	0.0757643053	0.0150325598	0.053185323300000004	-0.051973589900000006	-0.0488080119	-0.0158638948	0.1338565619	-0.0181364774	-0.0135036545	-0.029795886299999998	0.0026456492	0.0346639519	-0.0066832214	-0.0239297986	0.0218329129	-0.0976264187	0.053586694500000004	0.0090311312	0.0559519019	-0.057662398399999995	-0.018809563	0.0727859125	0.0575668282	-0.0574929234	0.0381183433	0.025796891000000002	0.0402597188	-0.0824394287	-0.0395214709	0.0472946032	0.10126548369999999	0.0064437798	0.040550718300000003	-0.0762775492	-0.0061604791	-0.1717994979	0.013341233400000001	0.0129851125	0.0076493030000000005	0.040031490499999996	0.0803129933	0.065125621	0.003599005	-0.058321793	-0.0342515979	-0.0185494097	-0.09481464869999999	0.0343877717	0.0142124674	0.0119820503	0.0080831598	0.0503702172	0.0810502041	-0.013336881799999999	-0.0316376583	-0.0149716596	-0.0826485667	-0.0010719074000000001	-0.045748135599999996	-0.0243185306	-0.030693241	-0.0645363629	-0.061292967000000004	0.0488542676	-0.015838227399999998	0.042612009000000006	-0.0141117439	-0.0835367091	0.031193272200000007	0.1586843103	0.033520801600000004	-0.041135813	-0.0401816702	-0.0555418783	0.0399400579	-0.0344824532	-0.1085370673	-0.0084685942	0.0040641585	-0.028953780499999998	-0.1018795933	0.0177426492	-0.0288268043	-0.0519690476	-0.1353735518	0.1151699836	-0.0788928468	0.0312461156	-0.0628702422	-0.0307195099	-0.0009343264999999999	-0.0426511092	-0.013446890500000001	0.09024563740000001	0.0349502645	-0.0080992514	-0.0249364533	0.0215878519	-0.0981434309	0.0492867107	-0.0356519494	0.0269027455	-0.0700973652	-0.0270322826	0.08399701279999999	-0.0599787575	0.051475439299999995	-0.0393956487	0.026233429	-0.0203485931	0.0602389886	0.0723663491	0.010794614099999999	-0.10959689630000001	0.0222550372	-0.0705520826	-0.0246904927	-0.0641349298	-0.109489455	0.0966917959	0.027530808599999998	0.0094110451	-0.0730488875	0.0585775263	0.0419815279	0.078777431	0.0284855104	-0.0123448458	0.0380842879	0.11420477150000001	0.0680367548	0.022353622200000003	-0.0196089162	-0.0073436489	-0.0422851673	0.020217509499999998	-0.014135833700000001	0.033652345800000004	0.0190277016	0.055581815199999995	-0.015582168799999999	0.0732315741	0.0162794001	0.027627642799999998	-0.06109757530000001	0.07348589929999999	-0.017238586599999998	0.016019239299999998	0.0017827301999999996	-0.0598025396	-0.1065252194	0.0292486004	0.0446102467	0.1445522841	-0.0525130522	-0.0083986812	0.0945869671	0.04948840349999999	0.1225730266	0.023566905099999997	0.019820207700000002	0.0178828762	-0.0013566484	-0.1106517115	0.014971905800000001	-0.0740025136	-0.045558041900000006	0.1263944922	-0.0372653538	-0.0940679851	-0.0391356068	-0.0597661226	0.0030603047999999996	0.00095821	0.0609315719	0.0465178188	0.011912474199999998	-0.0516044709	-0.0338849624	0.0896745262	-0.066865162	-0.0145509244	0.0	-0.0574518	0.0023878999999999914	0.0033007093232400005	5.702066409999958e-06	0.0072798	-0.010443700000000002	5.299548804e-05	0.00010907086969	-0.34925500000000004	-0.038827	0.001507535929	0.12197905502500005	0.00627667	0.0003210599999999997	3.93965862889e-05	1.0307952359999985e-07	-0.000196582	8.165400000000001e-05	6.667375716000002e-09	3.8644482724e-08	-0.00183336	5.723999999999985e-05	3.276417599999983e-09	3.3612088896e-06	0.0	0.0	0.0	0.0	0.0	0.0	0.0	0.0	0.0	0.0	0.0	0.0
6658.939786545816	-2.575822162002624	6.634859810263869	44341479.08084284	5514.701637366923	-8.558253854268514	30411934.14917742	73.24370903410188	4763.681255078294	-2.0179929330761297	22692659.099984314	4.072295477945201	4735.964691991087	9128.421272183794	1.304369	31.231989	0.09812629999999996	0.061591199999999985	-0.0755567227	0.0613013329	0.042071612599999995	0.0017765993	-0.037250635	0.0732534624	0.0061171151	-0.0725470838	-0.11763477380000001	-0.0197486945	0.050465666299999996	0.0327209215	-0.011659906599999999	-0.133103511	0.0037798958	0.1075424039	-0.0784766617	-0.044474411500000005	-0.0459891013	0.0347188076	0.0801038818	0.028444765499999997	-0.0557359801	0.1847072318	0.0534580993	-0.049301461	0.0661742612	-0.0896321279	0.1017385099	0.0634916762	-0.1202648001	0.0469097385	0.0419680345	-0.0038311246	0.0357468229	0.0629275647	-0.0496728716	0.057901594800000004	-0.0064170839	0.0985858644	0.0471360595	-0.0287948694	-0.0385773614	-0.0506100808	-0.0359267917	0.0952074159	0.0445989542	0.11330982220000001	0.0840892231	0.027668992799999997	-0.0647326352	0.0429345417	0.0184090172	-0.1063680527	0.0728319021	0.0339306889	-0.1120858809	0.1515823861	0.0270434686	0.1004905299	-0.0163578105	-0.0797516357	0.0583856201	-0.0031061569	-0.0061807867	-0.0142474904	-0.0332339408	-0.04632926	0.004788959099999999	-0.0099937128	-0.0634120027	-0.0906287548	0.0645872434	0.0174294175	-0.08726909	0.00479184	0.0934558446	-0.050743529800000006	-0.053109131100000005	0.08823386679999999	0.044512664199999996	-0.0997553434	-0.0048066014	0.011485356499999998	-0.043748965099999995	0.060711752699999996	0.0576767819	-0.010156341800000001	-0.018914031499999998	-0.0444059653	-0.1176262694	-0.14221281	-0.0812774702	0.0508121074	-0.0017641622	-0.0348669822	0.0129763719	0.1133305952	-0.0246451162	0.0041406161	-0.0282385352	-0.0978951409	-0.056477738799999996	-0.08326658099999999	0.0269335961	-0.0518807964	0.18454092719999998	0.055642675499999995	-0.052709005	0.1002414244	0.027995504700000003	0.1155979494	0.0458543771	-0.11897740710000004	0.023698330899999998	-0.0502244571	-0.0043468191	-0.041592516	0.013369313999999998	0.0939410166	-0.0550390896	0.011940051699999999	-0.0326813329	-0.06580497440000001	0.021800451800000002	-0.0326752111	0.037572961099999996	-0.0442111651	0.109953497	0.0436007083	-0.1399625552	-0.08485390570000001	0.0298066781	7.62041e-05	-0.0835606587	0.0466369668	0.0437345126	-0.12579577449999998	-0.0162918526	0.07417249719999999	0.1601117234	0.0335085911	-0.060921221399999996	0.044130889900000005	0.038316863900000005	-0.049061993899999996	-0.0424875743	0.0999032816	-0.0101299517	0.045576026900000004	0.0061578195	-0.0028444882	0.0497666436	0.0658544253	-0.1157357259	-0.0136800779	0.0005908185	0.0052597632	-0.0968123977	-0.0169152721	-0.052226896200000004	0.0580415808	0.0642567947	0.047281784900000005	-0.0582238146	0.0964185733	-0.0376766891	-0.0669771967	-0.0660597771	-0.04310109	0.009070917	-0.0135607223	-0.0520638258	-0.0624892283	0.06800522490000001	-0.07321923849999999	0.1301258444	-0.0049765763000000005	0.0444260178	0.0901141509	-0.0761723929	0.030271737400000002	-0.0384935759	0.0608954122	0.0716720404	0.10612002	-0.0269286931	-0.0526073205	-0.0316096456	0.0888111892	-0.0701095784	-0.0085117137	0.0	-0.0574702	-1.839999999999481e-05	0.00330282388804	3.38559999999809e-10	0.055142599999999986	0.04786279999999999	0.003040706334759999	0.0022908476238399987	-0.357686	-0.008430999999999966	7.108176099999943e-05	0.127939274596	0.00558577	-0.0006908999999999995	3.1200826492900004e-05	4.773428099999993e-07	-0.000206404	-9.822000000000017e-06	9.64716840000003e-11	4.260261121600001e-08	-0.00196892	-0.00013555999999999982	1.837651359999996e-08	3.8766459664e-06	0.0	0.0	0.0	0.0	0.0	0.0	0.0	0.0	0.0	0.0	0.0	0.0
6656.374789222503	-2.5649973233130368	6.579211268603044	44307325.33459692	5516.570007754535	1.8683703876122308	30432544.65045687	3.4908079053062777	4759.770478906463	-3.9107761718314578	22655415.011869457	15.294170266164713	4731.539785194596	9107.855092478632	1.296542	31.044567	0.1247702	0.08382449999999997	-0.06251701700000001	0.0807755558	0.054400257800000004	0.0010237936999999999	0.0422240133	0.059198969500000004	0.09924084550000001	-0.0133472027	-0.005311253399999999	-0.1696671579	0.09113887130000001	0.1194389623	0.0331714918	-0.012749183999999998	-0.022188117099999998	0.0856800544	0.0087668867	-0.0152060744	0.005388571700000001	-0.044833867699999995	-0.1257090069	0.0382563802	-0.1332727219	0.3115243164	0.106992912	-0.066667188	0.1027034706	-0.023328935699999997	0.0074479267	-0.0318330224	-0.1632590741	-0.18324895100000002	0.0449468691	0.1425514027	-0.041217053	0.0447453797	-0.1373941799	0.0001269543	0.016791074399999998	-0.0691408287	-0.11673358130000001	-0.1061385478	0.125738141	-0.0186245224	-0.085243766	0.0337309825	0.0896454681	-0.0378882085	0.0491980746	0.011052472399999999	0.057558604699999995	-0.036396607000000004	0.022763877999999998	-0.0339568468	0.014115126100000003	0.0219766338	-0.0245423547	-0.0598352349	-0.06806907599999999	0.0836493032	-0.08022006	0.0097888957	-0.0858817057	-0.0203702535	0.0556227162	0.0240156389	0.09604122779999999	-0.0634092598	-0.0441339501	-0.08655039460000001	0.0758483507	0.0344993757	0.0325216141	0.054654615700000006	-0.0653588837	-0.0490328712	-0.0259241013	-0.0189850586	0.0985373073	0.1170373915	-0.0018521011	0.0240055188	0.0515332708	-0.012290531	-0.0386645886	-0.0277234561	0.0801932081	-0.049637265199999996	-0.028908437999999998	0.026021083100000002	0.023749894900000002	-0.0017654370000000001	-0.1685485442	-0.023515294500000002	0.0422948752	-0.0088092779	0.06644841580000001	-0.0261949265	-0.095572832	-0.0319550657	-0.0093131752	-0.0217924695	-0.0119013688	0.0890347855	0.0359707571	-0.1279086452	0.3118347982	0.1206145451	-0.0604153026	0.0868979631	-0.0337701327	-0.010772796000000001	-0.0515575175	-0.1593974201	-0.18346406920000002	-0.030750238500000002	-0.14799794130000002	0.0315782607	-0.014387215600000001	0.1304903887	0.0272657354	-0.043262823	0.0179732387	0.11814606400000001	0.0372078708	0.1185483468	-0.1105472307	-0.1043622117	0.0803013371	0.0116518331	0.050084150599999995	-0.031089241099999998	0.0048153054999999995	-0.005279116800000001	0.0716758187	-0.012512305100000001	-0.0037983545	-0.0751905713	-0.0287120919	-0.0053564812	-0.018205367099999998	0.0949439501	0.0070389747	0.0570131159	0.08545446550000001	0.1035137602	-0.0099405355	-0.0763000371	0.0235121544	-0.0917234042	0.0867653504	0.0638531432	0.0240195028	-0.0524468661	-0.0207698399	-0.008983766800000001	-0.0567088293	0.044760523200000006	-0.0656512168	-0.020682162900000002	-0.09320463640000001	0.0831871839	-0.0806321149	0.0825980085	0.0463864445	-0.0116938479	-0.0288986883	0.0143015169	-0.0704137444	0.0521908159	0.0419678917	0.0010306536999999999	-0.0014362487	0.0666431425	0.1516225208	-0.0183073154	0.023205243700000003	0.04357151	0.0054966052	0.056425425	0.007569598	-0.10179098310000001	-0.0768559454	-0.0013403672	0.044172924	0.0148511983	0.0892262316	-0.05360092650000002	-0.0293121133	0.0878074234	-0.0731569346	-0.0024351261999999998	0.0	-0.064246	-0.006775799999999999	0.004127548516	4.591146563999998e-05	-0.0258953	-0.0810379	0.0006705665620899997	0.00656714123641	-0.362341	-0.004654999999999965	2.1669024999999672e-05	0.13129100028099994	0.00507083	-0.0005149400000000002	2.57133168889e-05	2.651632036000002e-07	-0.000149894	5.651000000000001e-05	3.1933801000000013e-09	2.2468211236000003e-08	-0.00189434	7.457999999999987e-05	5.5621763999999806e-09	3.5885240356e-06	0.0	0.0	0.0	0.0	0.0	0.0	0.0	0.0	0.0	0.0	0.0	0.0
6652.060097856548	-4.314691365954786	18.61656158344478	44249903.545495264	5522.146500552572	5.57649279803718	30494101.973565023	31.09727192656053	4764.5228173582755	4.752338451812649	22700677.67712764	22.58472076057703	4736.091709561926	9035.2457723327	1.357531	32.504894	0.17541579999999998	0.124221	-0.0482902984	0.0691365181	0.0373426501	-0.0572897371	0.0407235956	0.0524508641	-0.0424751414	-0.1063427472	-0.074014385	-0.1096973359	-0.0041596383	0.1329994369	0.058389651699999996	0.0492276966	0.0571670579	-0.0117418497	0.15820678130000002	-0.10203746699999999	0.0269206031	0.0654535641	0.050790324299999995	0.0329359969	-0.0841060426	0.114926402	-0.0208799663	-0.0371232749	0.0618223376	-0.0250722083	0.023695091	0.0210556694	-0.0659479231	-0.0392003065	0.0104211822	0.1329050745	0.0222186138	0.08048274009999999	-0.1122714776	0.0311917121	0.12790122310000002	-0.0612205367	-0.0221859596	-0.0859844311	-0.0076275303	0.022485243	-0.030335297999999997	-0.1076618567	-0.0773390659	0.0476303938	-0.058900303200000004	-0.1193922407	-0.006784694599999999	1.75578e-05	0.0157716606	0.0612020349	0.006491263299999999	0.0019377532999999998	-0.051134341500000006	0.004056372700000001	0.0382958278	0.011034341999999999	0.0705575021	0.07890572929999999	-0.0709268282	-0.057283217699999986	-0.0067761819999999995	-0.0252603275	0.1138295188	0.0230156926	0.0160351982	0.0317498083	-0.055465199999999985	0.0069297707	0.05747375110000001	-0.0570922783	0.0347767449	-0.0736175751	0.0963490694	0.0197212775	-0.0216404065	0.0060036232	-0.0891385942	0.0130878586	-0.011143100100000001	-0.0961897843	-0.0859254197	-0.060638542699999985	-0.1248146085	0.1701791359	0.0185047099	0.12165971199999999	0.043033714699999996	-0.011756463200000001	0.011247118	0.0889770624	-0.0505304959	-0.024551072799999997	0.042827700999999996	0.0435114556	0.017319574299999998	0.12251531800000001	-0.037811861	0.0478358029	0.0745378447	-0.0317383392	0.031501862799999995	-0.07958542610000001	0.1199286484	-0.018152556299999997	-0.030281327	0.0652424806	-0.0133201402	0.0242461481	0.014014906799999999	-0.0701132683	-0.054360101900000006	0.0002922475	-0.12381852439999999	-0.017573230800000002	0.0455349906	0.1279238868	0.0011748523	-0.1583422807	0.0049063206	0.026529266800000003	0.0651258774	0.0506204603	-0.0185591702	-0.013401907900000001	-0.1078808059	0.0402198011	-0.0363113529	0.0588598172	-0.09353218599999999	-0.0245657016	-0.04722189	-0.0656216824	-0.043319891	0.011684853799999999	0.033228685	0.0003884874	-0.0134877104	-0.0859838659	0.0387692501	0.0713561435	-0.0268813343	0.049366655499999995	-0.0541055598	-0.051362142	0.06306555309999999	-0.0624110737	0.0283348658	-0.1050967242	-0.0113505429	0.0322586622	0.003928918	-0.0748659933	0.0801820012	-0.0292290598	-0.0898679736	0.1153287041	0.045400604000000004	-0.0172090266	0.0187823326	0.0581959915	-0.008274308499999999	-0.04987336269999999	-0.055267113799999996	0.005552783	0.1303280583	-0.0170216482	-0.10570472560000001	0.1772608936	-0.036959826800000005	0.0019097004	0.0201443827	0.11472218220000001	-0.045047971	-0.0527778661	0.06173038400000001	-0.0089917116	-0.056243070199999995	0.09843752970000001	-0.0412054055	-0.0030725989	-0.0605056181	-0.0233514448	0.028847355800000002	-0.054585114299999994	-0.0269939802	0.08666481599999999	-0.0759986654	0.0036521544	0.0	-0.0678213	-0.003575300000000003	0.00459972873369	1.2782770090000024e-05	0.09348310000000004	0.11937840000000005	0.008739089985610007	0.014251202386560009	-0.362538	-0.00019700000000005824	3.880900000002295e-08	0.13143380144400002	0.00589869	0.0008278599999999997	3.4794543716099995e-05	6.853521795999995e-07	-0.000278236	-0.000128342	1.6471668964000002e-08	7.741527169600001e-08	-0.00198344	-8.909999999999994e-05	7.93880999999999e-09	3.9340342336e-06	0.0	0.0	0.0	0.0	0.0	0.0	0.0	0.0	0.0	0.0	0.0	0.0
6643.890552181344	-8.169545675204063	66.74147653924541	44141281.66936453	5543.246412085324	21.09991153275132	30727580.785096817	445.2062666899322	4762.010403770745	-2.5124135875303186	22676743.085620817	6.312222034806965	4734.0527840917575	8935.518055471091	1.4236209999999998	34.087368	0.1553739	0.102723	-0.0159485255	-0.0131808425	0.1019409151	0.055453836	0.0477491348	0.0317433277	0.0899598742	0.0461804403	-0.0506372132	-0.0043861771	-0.1412400838	-0.0657044878	0.027206052400000003	0.0284183578	0.1299338494	0.0022790251	-0.0897139853	-0.0312875017	0.0666338802	0.0389465286	0.1134670613	0.052091446500000006	-0.0009127885	0.034599407799999995	-0.132240365	0.0987020803	0.0043540101	0.0501298083	0.0132003675	-0.022464901699999998	-0.031331024900000004	-0.0136199604	0.016877525	-0.0086802254	0.016160401799999998	-0.0267982831	0.0103271413	0.09470131	-0.0116065655	-0.0685813304	0.038338317999999996	0.0265174827	0.0032022796999999995	0.09008876380000001	0.0182433573	-0.0757253558	-0.1490780649	0.0553342141	0.0423515478	0.060527266600000004	-0.032764728300000004	-0.0486107816	0.036282717400000004	0.0467923252	-0.039493243399999996	-0.0060996839	0.013119163999999999	0.08241831349999999	-0.007534691800000002	0.041170665099999997	-0.0005819866	0.0510128271	-0.0987279989	0.0198223713	0.0214470899	0.09355144230000001	0.012325446399999999	-0.0132353671	-0.0690045023	-0.027733423599999998	-0.1176508687	0.0038308095000000003	-0.0640846339	-0.07588391530000001	-0.039870607	-0.11154336039999999	0.0217537817	0.0664311351	-0.018275815	0.1029264388	0.019506271000000002	-0.020780751899999998	0.0381105793	0.0259415332	0.0590487223	-0.0920926495	-0.09101581060000001	0.0394031334	-0.0742529802	0.0292180661	0.008631624000000001	-0.1057684601	0.0097871344	-0.1000030227	0.0697388315	-0.091530402	-0.0415741903	-0.0558177042	-0.005683413399999999	-0.031698064	0.0437337683	0.09703728460000001	-0.0663192004	-0.0920411408	0.051767890899999995	-0.0012503513000000001	0.0397266073	-0.1277499682	0.10820565689999999	-0.0273329671	-0.0440730344	0.0025988116	-0.0165842096	-0.032555977	0.0041442421999999994	-0.0161140445	0.0028496379	-0.0124799723	-0.0203157751	-0.016351261399999997	-0.0827234796	-0.0197883095	0.043957957	-0.0186283398	-0.0035856341	0.0283686831	-0.0200675048	0.0991140692	-0.1688103894	-0.047238206799999995	-0.0442522382	-0.0586888712	0.0012418707	0.055324925899999995	-0.0029847532	-0.08054219309999999	0.0007925077	0.0430698719	-0.0118732808	-0.0035356451	0.07894116	0.0070983527	-0.0119381833	0.06336696780000001	-0.0045385322	0.011392641399999999	0.0407735081	-0.11467346980000001	-0.043130887199999995	-0.006233930600000001	0.0857449388	0.0208897395	0.0362565979	0.0985783936	0.0066126787	0.061211650599999994	0.1355639125	-0.0090622242	-0.0331680731	0.0814717993	0.0187701375	0.0971835706	-0.025618813799999997	0.04738137110000002	0.0556542888	0.0657858183	0.01422592	0.051051048200000004	0.0620075492	0.0313554018	0.025022858199999998	0.0351895978	-0.1016250072	0.0576174715	-0.0404277656	0.007768413	0.1758331959	0.0115305534	0.0496070563	-0.025226889300000003	0.0178438031	-0.0861695966	0.0095480472	-0.1136445366	-0.037336855499999995	-0.0168239774	-0.062177054	-0.055559711	-0.024656875499999998	0.0853851737	-0.07862678349999999	0.0097233977	0.0	-0.0652568	0.002564499999999997	0.0042584499462400005	6.576660249999986e-06	0.124422	0.030938899999999964	0.015480834084000004	0.0009572155332099976	-0.274214	0.08832400000000001	0.007801128976000001	0.07519331779600001	0.00523142	-0.0006672700000000003	2.73677552164e-05	4.452492529000002e-07	-0.000278236	0.0	0.0	7.741527169600001e-08	-0.0019871	-3.659999999999948e-06	1.3395599999999619e-11	3.9485664100000005e-06	0.0	0.0	0.0	0.0	0.0	0.0	0.0	0.0	0.0	0.0	0.0	0.0
6640.5123281596725	-3.3782240216714854	11.412397540598267	44096403.98044059	5514.923770388937	-28.32264169638711	30414384.193200924	802.1720326619256	4761.572507636567	-0.4378961341781178	22672572.745480385	0.19175302432814012	4733.264987231299	8854.724640020628	1.145047	27.417168	0.14719265000000006	0.0962525	0.0054458203	0.0426677931	0.1084939599	0.0204321749	-0.0367153076	-0.0130167561	0.0706431778	-0.0721720882	0.0845067315	-0.08643020470000001	-0.0678039896	-0.0542222586	-0.0795982007	-0.1056125319	0.0930428012	0.0756467157	-0.070984648	-0.0732973105	-0.007880125699999999	-0.0321172731	0.1268473926	0.0622988808	-0.066870633	0.05033368059999999	-0.082181703	0.037747629500000004	0.0166376204	0.20787149629999999	-0.0424998724	-0.11249418550000001	0.0071172838	0.0883015597	0.0038668928	0.0260432412	-0.0276186375	-0.0270472247	0.0641740804	-0.040504145899999996	0.1540520916	0.034725382799999996	-0.12095258	-0.0287669783	-0.0189208563	-0.0604101621	0.0736487846	0.053890546500000004	0.0875053872	-0.0748056818	0.0723710332	-0.0054585047	0.0307192079	0.036853629900000004	0.011927028899999999	-0.0231097886	0.048767577199999995	-0.0071310735	-0.0414060979	-0.0925357184	0.049532507	-0.10793651679999999	0.015670814499999998	-0.07762139	0.0199188006	0.1290189755	-0.0654710441	0.055020871	-0.0402319721	0.1486607207	-0.022331527099999998	0.0341636733	-0.06297150730000001	0.1037128376	0.1848608856	-0.1285284073	0.0656439454	-0.030120555099999998	0.013859224	0.0569962688	-0.0463009913	0.09018168609999999	-0.0264483744	-0.0201253108	0.1399271376	-0.036971859100000004	-0.069457433	0.0156861466	-0.0290892803	0.0043016152	0.1462568426	0.0048194155	0.0528737064	0.0526723749	-0.0100639094	-0.022972593700000002	-0.0148389194	-0.048660845700000004	-0.0512421005	0.01678454	-0.0336367478	-0.027622284900000002	-0.010700616599999999	0.0274148998	0.09224934380000001	-0.0890826908	0.0623745737	-0.067931945	0.055492936900000005	-0.08142105849999999	0.042240169699999996	-0.0916740541	-0.16803444879999999	-0.0838614281	-0.10508193099999999	0.0026034677999999998	0.10595310390000001	-0.005302090799999999	-0.023024479599999998	0.0206156523	0.0394785583	-0.0649059158	0.0479777978	-0.1215785714	-0.1126830956	0.0957762911	-0.04794135769999999	-0.09943531779999999	0.0281774139	-0.0566116667	0.10782360630000001	0.016706081	0.0781498457	-0.047818904800000006	-0.023091919500000002	0.0380776223	-0.0123178045	0.017042557	0.006957723000000001	-0.0582294856	0.0344426366	0.0116398372	-0.0854747408	-0.0549216805	0.028570515699999997	-0.11891152140000001	-0.0003706037	-0.0978189902	0.0683696327	0.024066660499999996	-0.0312679369	0.0122118621	-0.0251686686	0.0629728027	-0.1587885587	0.1285552827	0.0393024501	-0.1861985688	0.0475442683	-0.0892186965	-0.0511311624	0.0751656684	0.0846940873	0.10554052550000001	-0.057179792300000004	0.0338848789	-0.0194721351	0.0646907849	-0.1275541458	0.0223667479	0.0527441691	0.057985613	-0.0835920267	-0.045083422000000005	0.1042464236	-0.043900713200000004	0.0133539349	0.0078429393	-0.0555495043	-0.011684228799999998	0.047391372	-0.0448270947	-0.0624452823	-0.0295818442	0.0016483182999999998	0.0057709595	-0.0740351657	-0.0735133758	-0.0996501592	-0.0565245452	-0.022302441699999998	0.08397052	-0.0810339018	0.0157519435	0.0	-0.06366000000000001	0.0015967999999999954	0.004052595600000001	2.549770239999985e-06	0.0434162	-0.08100580000000003	0.0018849664224399995	0.0065619396336400035	-0.324199	-0.049984999999999946	0.0024985002249999946	0.10510499160099997	0.00536063	0.00012921000000000026	2.87363539969e-05	1.6695224100000068e-08	-0.000278237	-1.0000000000157452e-09	1.0000000000314906e-18	7.741582816900001e-08	-0.00182421	0.00016288999999999995	2.6533152099999984e-08	3.3277421241e-06	0.0	0.0	0.0	0.0	0.0	0.0	0.0	0.0	0.0	0.0	0.0	0.0
6667.39545865299	26.88313049331737	722.70270512073	44454162.20206651	5565.508774340638	50.58500395170177	30974887.91726264	2558.8426247936827	4766.80316513646	5.2306574998929145	22722412.41515497	27.359777881185984	4738.872032274262	8879.430612288841	1.440137	34.482826	0.29829170000000005	0.16638499999999998	0.006275505400000001	-0.1211572159	0.1556897756	0.1254307657	-0.0426288436	-0.0314466569	0.0246000289	0.0332751126	-0.1429881984	0.0496308742	-0.11259049630000001	-0.0876600011	-0.1543448785	0.0180568512	0.1268634148	0.025956491	0.0521931719	-0.01270049	0.0458706384	-0.037505914700000004	-0.024036316000000002	0.030841911	0.09650987720000001	0.1439648841	-0.1864961389	0.0769473065	0.0751925933	0.1251673741	0.0265147075	-0.0321780827	0.11985631890000001	-0.0675436846	0.0046738571000000005	-0.0312270499	-0.0184907004	-0.0739620176	-0.0642057411	-0.021300472799999998	0.074317711	-0.0852144128	0.11854433880000001	0.0278592844	-0.0379095236	0.0084266612	0.0428716396	-0.0241990354	0.023844317900000002	-0.0198650353	-0.045263675	-0.0070069141	-0.1245671609	0.0665086859	0.040167580099999996	-0.0131413701	0.0860718382	-0.060584956900000014	-0.0392498638	0.0538897213	0.060379720899999996	0.0145800235	-0.0798375184	-0.086120704	0.0547947079	0.006733549300000001	-0.0406398077	0.07210816610000001	-0.0648143388	-0.13234308390000002	-0.0150907678	-0.0424462545	0.0396718092	-0.0255067694	0.10184364380000001	-0.0795093969	-0.0179086135	0.1460745377	0.0408932375	0.0091362205	0.0651684366	-0.0965753677	0.07490241389999999	-0.015232765700000001	0.0373458683	0.11128979929999999	-0.030380253399999998	-0.026387674500000003	-0.0102926771	0.0365169628	0.041644206600000004	-0.0491895154	0.0294228336	-0.0223107026	0.0842269689	0.075663649	-0.0638738289	-0.0014926762	0.0400650615	0.0827670841	-0.0011580104	-0.09523927830000001	0.0496346034	-0.0030821248999999998	-0.0908871057	0.0514577185	0.031042722000000002	0.09894895390000001	0.1480096312	-0.1869982234	0.074508273	-0.0183629777	-0.149125372	0.023876977599999998	-0.041209858599999996	0.1129507468	-0.0343798514	0.0053603852000000006	0.0186377725	-0.010502727199999999	-0.1062562741	-0.0079192705	0.0195932732	-0.0836917684	0.1513154073	-0.07221728849999999	-0.0322956212	-0.032571765	0.0158955435	0.030447047799999998	-0.0019666618	0.060955231799999995	-0.0025299847	0.0660835553	0.013267773500000002	0.0335187915	-0.1653512821	-0.0208559132	0.0273608804	-0.0573352522	0.05215911769999999	-0.0282854974	0.0694518465	0.040547074100000004	-0.0890076977	-0.0719246357	0.0008839869999999998	-0.009946713000000001	-0.0005783623999999999	0.0830213185	-0.047387934699999995	0.0161095866	0.113339825	0.0801589642	0.0962833163	0.0284246131	-0.0585198131	-0.1098526836	0.013632648300000001	-0.0383679586	0.039040812700000004	-0.1099816906	0.0392532066	-0.1107737483	-0.0521324387	-0.0790768944	-0.019234692299999998	0.042930085599999994	0.0003526424	-0.024493056800000003	0.0039231481	0.0802746922	-0.0573665576	-0.038784066299999996	-0.060045550499999996	-0.0536168562	-0.0712139125	0.0644095539	-0.0257194202	0.0153096571	-0.0094310814	0.1001477041	-0.07221786940000001	-0.0616260404	0.1253155252	0.028567630099999998	0.0889043635	0.028369471299999997	-0.009394323199999999	-0.0574794475	-0.0199323335	0.0824230915	-0.0832132545	0.0217113192	0.0	-0.0420431	0.02161690000000001	0.00176762225761	0.00046729036561000037	0.135668	0.09225180000000002	0.018405806224000003	0.008510394603240004	-0.198826	0.12537299999999996	0.01571838912899999	0.039531778276	0.00488031	-0.00048032000000000017	2.38174256961e-05	2.3070730240000018e-07	-0.000278237	0.0	0.0	7.741582816900001e-08	-0.00112353	0.00070068	4.909524624e-07	1.2623196609e-06	0.0	0.0	0.0	0.0	0.0	0.0	0.0	0.0	0.0	0.0	0.0	0.0
6674.68963697332	7.294178320330503	53.20503736877951	44551481.74991904	5582.7929039001465	17.284129559508074	31167576.60783783	298.7411346298608	4775.646212396363	8.843047259902962	22806796.745975725	78.19948484087725	4747.769463613941	8996.533438549663	1.350436	32.335026	0.1676789	0.0852021	-0.017213811399999997	-0.24431587649999997	0.2506862337	0.13418611119999999	-0.0670955651	-0.0035944075	-0.1019014843	0.1299999239	-0.0324181635	-0.044903175499999996	-0.0300876973	-0.1789908017	-0.298576154	0.037267700099999995	0.1204739611	-0.0193044524	0.0844049737	-0.0207843148	0.011675014899999999	-0.10660363279999999	-0.007555219599999999	-0.0333486713	0.21784673510000002	0.23495747649999998	-0.1250247448	0.08976934980000001	0.12759516029999998	0.1847904868	-0.0273675881	-0.1127801056	0.1766481068	-0.0946534381	-0.0273782882	-0.0027628375	0.0828339358	-0.0845461656	0.0408410829	0.0136127601	0.0366492683	0.1640031203	0.20867811390000002	0.0604296811	-0.1102132316	0.0925262525	0.0344100023	0.0367139077	0.0049133775	0.11351055289999999	-0.0745135212	0.08584124289999999	-0.0331674795	-0.026079945400000002	-0.0381771968	0.050863150700000005	-0.0420528873	0.1396927001	-0.0182766044	0.0151685311	-0.0151056197	-0.029646331	-0.0859572323	0.0222517591	-0.0106201969	0.0904403272	-0.0129892963	0.0833598902	0.0277608577	0.013815699099999999	-0.0142598397	0.0672230108	0.043086397199999994	-0.0724116811	-0.0631962245	0.08690088259999999	-0.0184777557	0.0036341294	-0.0212910273	0.0071490067	0.025783592400000003	-0.056045079299999995	-0.071844905	0.1216973073	0.0804741789	-0.0904746646	-0.0248418007	0.0498932517	0.0834196521	0.036432377	-0.025945379700000003	0.0267556625	0.0050307393	-0.0291465233	0.0273604323	-0.0294600735	-0.1433755648	0.0529194557	-0.0501030538	-0.09985283800000001	-0.0480392554	0.0717969538	0.0449129452	-0.014142749	0.0361131598	0.09732737960000001	-0.0339168635	0.21821876129999998	0.2309991729	-0.1133427242	0.0957440616	-0.0152149775	-0.2160878451	-0.0465343034	-0.1342821421	0.17260317719999999	-0.0520354683	0.0513715682	-0.013478753799999998	-0.0837814067	-0.08143164160000001	-0.0882026714	0.009734003199999999	-0.0093479073	-0.0231428536	-0.2761832168	-0.0080316235	-0.0251153258	0.0599275793	0.15061893140000002	0.0336861813	0.0351215314	-0.14277914390000002	0.0467754134	0.0671471556	0.032020958599999996	0.0085534259	0.010905357	-0.0647002286	0.0114264181	-0.1328689476	0.071113441	-0.0282338602	0.0021557126	-0.0100587451	-0.0766563319	0.0522910895	-0.0338522681	0.09438892380000001	-0.0722891033	-0.030932492599999997	-0.039327071899999996	-0.0046673855	-0.060361335700000004	-0.0488639424	-0.0190818427	-0.0532347166	0.090068972	-0.0553154228	0.0272669125	0.0434456356	-0.046377685999999994	-0.0427620566	-0.0006217441000000001	-0.0130457707	-0.01762145	0.0850310606	-0.1170874123	-0.1181932245	-0.0207539869	0.0338579251	-0.08568945230000001	-0.009222295600000001	-0.0078394494	-0.052589791799999994	-0.052805363499999994	0.002413017	0.0702167372	-0.0372123708	0.0850087689	0.0284015887	-0.075284902	0.0796061762	0.0100536708	-0.1116915705	-0.0074529544	0.0475223704	-0.0704892689	0.048412518200000004	-0.0584242501	-0.0175482166	0.0807453353	-0.08515871609999999	0.027575356000000002	0.0	-0.0172034	0.024839700000000003	0.00029595697156000004	0.0006170106960900001	0.10158	-0.03408800000000002	0.010318496399999998	0.0011619917440000016	-0.133805	0.06502100000000001	0.004227730440999999	0.017903778025	0.00433863	-0.0005416800000000001	1.8823710276899995e-05	2.934172224000001e-07	-0.000278237	0.0	0.0	7.741582816900001e-08	-0.000790606	0.000332924	1.1083838977599995e-07	6.250578472359999e-07	0.0	0.0	0.0	0.0	0.0	0.0	0.0	0.0	0.0	0.0	0.0	0.0
6669.234103597931	-5.4555333753896775	29.76284440999069	44478683.528593704	5569.310928521119	-13.48197537902706	31017224.21854477	181.76366012069192	4782.86243441929	7.216222022926559	22875773.06657921	52.07386028417027	4755.146892183496	9027.658844718293	2.0862580000000004	49.953644	0.4645738500000001	0.353172	-0.0393118353	-0.13006251060000001	0.2051316645	0.006511836500000001	-0.1775678016	-0.0532288169	-0.0845209273	0.1057426198	-0.0691678176	0.0019651455	0.0303030738	-0.1082587711	-0.0082107465	0.1799335028	-0.1368543538	-0.059448744299999995	0.0576546642	0.05125726480000002	-0.0101985284	-0.0271998664	-0.017227859499999998	-0.09441287359999999	0.1549833976	0.0367458584	0.2903680734	0.11122350310000001	0.032302238999999996	0.07936049690000001	0.048753270999999994	0.0344232198	0.15886706220000002	0.083336169	0.1444345377	-0.023759281	-0.0117413399	-0.1790295339	-0.127223811	0.027263887799999997	-0.0434796847	0.09784881599999999	-0.024661236	-0.0741115298	0.045800157800000005	-0.0631976291	-0.1037040048	-0.022814381800000002	-0.09956321779999999	0.1548716798	-0.0379671484	-0.019432438700000002	0.012757993799999999	-0.10516366220000001	0.0890238366	0.0215079046	0.0008108739	-0.0624015058	0.0009806678	0.032919518700000004	-0.0762945607	0.0626314784	0.019903480600000002	-0.0550661363	0.0485862378	0.11670437970000001	0.0162196143	-0.139682085	0.0487840631	0.0252397089	-0.0485911886	-0.052793114599999996	0.1364101006	0.0747937331	-0.0105221521	-0.054482292300000006	0.0318913767	-0.1064523424	0.0354937179	-0.0582659688	-0.023376865299999997	-0.0499148652	0.12355112480000001	-0.1095266156	-0.0815498371	-0.0618709347	0.011412138300000001	-0.08100962980000001	-0.0206503827	-0.1464073134	0.024092802599999998	0.0021269795	-0.031453753	-0.0026001884	-0.0078989972	-0.0232392049	0.024462216600000003	0.0373036879	0.0006867902	-0.1163054993	-0.056271796500000006	-0.030902693199999998	0.011256673200000001	0.009442419799999999	0.0590876858	-0.027599965299999998	-0.09421493	0.1553130549	0.0260604207	0.2895554112	0.0657586209	-0.0490747072	-0.0975735323	0.08820637279999999	0.0247629085	0.1684458655	0.0888669869	-0.1478196375	0.0059103456	-0.0055147053000000005	-0.20982554469999998	0.0204270885	-0.0043975029	0.0330303952	-0.1206741739	-0.006598738000000001	0.07409473820000001	0.0858788348	-0.032433289	-0.1050485049	-0.08039599730000001	-0.0130645532	-0.1652972924	0.0058690997	0.0055353803	-0.0180870453	0.0412307176	-0.1319359163	0.029444437099999998	-0.0152078401	0.0356434324	-0.0131582946	-0.0015966703	0.0487340871	-0.021318813399999997	0.0978197749	0.0632262938	-0.0090103825	0.09504342210000001	0.1035890776	0.09520174699999999	0.007823753900000001	0.0016651142000000002	0.0761981937	-0.049436408700000004	-0.1200815879	0.079593017	0.004101613	0.0358771562	0.0376914911	-0.0364317078	0.1172621643	-0.0930858309	-0.0465350608	-0.0267465924	-0.07620491389999999	-0.18857851379999999	0.0157489232	0.0908040289	0.0428262243	0.0070925261	0.0545959908	0.0411865425	-0.018187313400000002	0.07704079679999999	-0.0224545915	0.0175544649	-0.0098988137	0.059228045800000004	0.0027363853999999997	-0.0394719489	-0.0005814109	0.0789842192	-0.0369982413	-0.0126650682	-0.007758275899999998	-0.06475204820000001	-0.09377799269999999	-0.091743337	-0.0593587869	-0.0151517667	0.078939904	-0.0868648184	0.0333183036	0.0	-0.0340079	-0.0168045	0.0011565372624100002	0.00028239122025	-0.243063	-0.344643	0.059079621969	0.11877879744899998	-0.173239	-0.039434	0.0015550403559999998	0.030011751121	0.00508368	0.0007450500000000006	2.58438023424e-05	5.55099502500001e-07	-0.000733527	-0.00045529	2.072889841e-07	5.38061859729e-07	-0.000864113	-7.3507e-05	5.403279049e-09	7.466912767689999e-07	0.0	0.0	0.0	0.0	0.0	0.0	0.0	0.0	0.0	0.0	0.0	1.0
6625.465322438462	-43.768781159468745	1915.706204185466	43896790.73883459	5542.1234819617675	-27.187446559351887	30715132.689312026	739.1572504176146	4773.301232995391	-9.561201423898638	22784404.66091532	91.41657266836134	4745.201095243877	8871.568379442591	1.2274120000000002	29.389305	0.2052695	0.104286	-0.0043905412	-0.1114363157	0.17449181670000002	-0.0721684058	-0.059311408499999996	0.0543981535	-0.11540657689999999	0.0877961325	0.023188739	0.06699657120000001	0.1326053472	-0.0221351054	-0.0039121376	0.09646849810000001	0.0002895075	-0.0421887061	-0.0648827445	0.0117472653	0.054244252400000005	-0.032554195	0.1529564433	-0.0541287032	0.1428159756	0.009909162800000001	0.2540438982	0.0579031643	-0.0902989871	0.015273485600000001	0.0409694399	0.044522993600000005	0.1398746531	0.044863564	0.11837919	0.025620228999999998	0.0518877838	-0.0503202241	-0.11972065679999999	-0.053731092800000005	0.177282845	0.09568556859999999	-0.0946838534	-0.08847907	0.0165505417	-0.0169410597	0.0333090075	-0.088814836	-0.0683022421	0.0353249563	-0.0459155604	-0.1109372873	0.026949419199999998	0.0398187058	0.0344379085	-0.0331364012	-0.0600568511	0.1365115221	0.074378909	-0.07776584339999999	0.0184422105	-0.0209857907	-0.0395631237	0.0840470722	0.007020090200000001	0.0203907763	-0.0157694729	0.1164435533	-0.05727561730000001	-0.06317845	0.1901269959	-0.0475497645	-0.015947657900000002	0.0486435929	-0.0156013797	-0.053051282400000004	0.0177502623	0.0244537071	-0.0413281857	0.1048636427	0.046411116399999994	-0.09366595230000001	-0.010888416100000001	0.0384775769	-0.042818135800000004	0.0578184408	-0.129410536	-0.1226591041	0.0273162717	0.0610051596	0.0596337578	0.0105937402	0.0666455807	-0.0372744484	-0.013060368999999999	0.050307620899999995	0.0722582065	-0.0464825793	-0.1066514023	0.0694136027	-0.0031433646000000003	-0.013575097900000001	-0.0196980617	-0.0003503433	-0.0139856927	-0.0820849389	-0.0533860771	0.1418172536	0.0009551558	0.2442351714	0.0247775793	-0.1053466549	0.0316461012	0.0747152718	0.023471819799999998	0.1475196912	0.0407494133	-0.12292629599999999	-0.0283430238	-0.0587876483	-0.060661726900000004	0.08472827470000001	0.09419209029999999	-0.15512791609999999	-0.16826225649999998	0.044219813600000005	0.0350155606	-0.0182085599	-0.0448070689	-0.0261837335	-0.0626865284	0.0438232396	0.0018862816	0.0813103877	-0.1134802536	-0.029843262599999996	-0.021592760699999998	-0.0316523552	0.0476542872	0.0096245197	-0.1434554545	-0.0017191849	-0.061416517000000004	-0.014607687099999999	-0.005709130600000001	-0.0712655311	-0.0673444783	-0.021197558300000002	0.0497246488	-0.0995195528	-0.0565347102	-0.0051016129	-0.0629358207	-0.0134363244	0.1792327243	0.0151543538	0.0538853916	-0.0931863706	-0.0100133124	-0.013574761999999999	0.0667796562	-0.007052794	0.0694228113	0.0022935419	-0.08587218199999999	-0.042997265800000004	0.0140869543	-0.0780469947	-0.0027624674	-0.0545391875	-0.0597669117	0.1152776478	-0.159474231	0.0182700426	-0.0287129909	0.0673563131	0.007906343100000001	0.0440820404	0.038616758	-0.1283616876	0.0772287073	-0.08707516439999999	-0.0706164267	-0.0068126642000000005	0.0321798395	0.0070694114	-0.0136784892	0.0331640587	-0.0799554321	-0.060282893899999995	-0.0127446681	0.0770096525	-0.0883267658	0.0389149436	0.0	-0.0459104	-0.011902500000000005	0.0021077648281600005	0.0001416695062500001	-0.158446	0.084617	0.025105134916000003	0.007160036688999998	-0.221387	-0.048148	0.002318229904	0.04901220376899999	0.00475086	-0.00033282000000000016	2.25706707396e-05	1.1076915240000013e-07	-0.00117068	-0.00043715299999999986	1.9110274540899996e-07	1.3704916623999995e-06	-0.00130618	-0.0004420670000000001	1.9542323248900007e-07	1.7061061924000004e-06	0.0	0.0	0.0	0.0	0.0	0.0	0.0	0.0	0.0	0.0	0.0	0.0
6600.555529626108	-24.909792812353768	620.4977779543916	43567333.2996778	5542.413753947591	0.2902719858238925	30718350.21994743	0.08425782575414603	4759.057504280179	-14.243728715211544	22648628.32904549	202.883807712542	4731.476663995489	8678.31408323665	1.222867	29.280489000000006	0.2287863	0.139761	0.052379215199999996	-0.0054108093000000005	0.0930960809	-0.0848069823	-0.0168097547	0.0563510948	-0.0581202591	0.010773181299999999	0.0780012539	-0.0275779137	0.0033241962	0.0303103423	0.058787171299999996	0.0285499332	-0.0612367713	-0.09610638140000001	-0.0821539459	0.0137972138	0.0361478093	-0.0329034109	-0.0294082913	0.047857517300000006	0.07950918	0.0110327738	0.15790780529999998	-0.022703074900000002	-0.1595036517	-0.0330440476	-0.0539481371	0.0507367804	0.0820927178	0.10712868	0.0726317444	0.0691091068	0.10269101720000001	0.0635481611	-0.0142769179	-0.08345994080000001	0.1137701785	-0.0179306985	0.0328314392	-0.0861185094	-0.10630392289999999	-0.0429650662	-0.011741356699999999	0.16522129259999999	0.029073122799999997	0.021167466099999997	0.030407699	-0.027932103399999998	0.030732562	0.0401622646	-0.0693856506	0.09209104580000001	0.0078969816	-0.060611324	0.0155229057	-0.016069478600000003	0.0563442596	0.045773731100000006	0.1110496156	-0.048911797800000004	0.0284274406	0.0313564861	-0.0185755757	-0.0184842994	0.0155162232	-0.0900081743	-0.0012296279	-0.0196755462	-0.0408228651	-0.069502896	-0.1751332971	0.0899151588	0.0051120193	0.1354623683	0.0081092297	-0.0427117615	0.021649602999999996	-0.0817343636	0.0344219894	0.0656294657	-0.053087728	-0.0172480529	0.0074068384	0.12085212740000001	0.033060389700000005	0.084693801	0.0360869908	0.0251236739	0.018251481200000003	-0.1067511169	0.0128034668	-0.0208596603	0.059870447699999996	-0.0551395664	0.0320808041	-0.0876355449	0.009053051500000001	-0.058092777699999994	0.0834920437	0.0436348411	0.059725376399999995	-0.033934767000000005	0.047164549199999996	0.0777545105	0.0050981705	0.14843360490000002	-0.042312395499999995	-0.12322541669999999	0.1109584582	-0.0349841681	0.076540503	0.08892375820000001	0.0875792739	-0.0725351451	-0.0702960962	-0.09899991279999999	0.0753008767	0.042315308600000004	0.0902026968	-0.0907896875	0.0172999047	-0.005565946400000001	0.0688129009	-0.1017434443	0.0673498133	-0.04160225	0.1538302214	-0.064016422	-0.0685508319	-0.0316967236	-0.034473242200000004	0.029613668	-0.0240565625	0.042042486799999994	-0.08859421199999999	0.029881479300000006	0.0255244072	-0.0420308226	-0.0484076875	-0.0948175783	-0.0753672511	0.10853517210000001	-0.04440537	-0.0188123872	-0.0029776815000000004	0.0337143667	-0.0268358519	0.0177260957	-0.0120952991	-0.0102863716	0.08242303549999999	-0.0164172288	0.0137587671	0.17138878329999999	-0.037178583700000004	-0.0055603728	0.0387919522	-0.1568817068	0.022699711600000002	-0.0907518568	0.035785547	-0.0441267427	0.0418355829	-0.0237797425	0.0314709654	-0.12104672650000001	0.0162053106	-0.12290213130000001	-0.0300457339	-0.0369962422	-0.0005722793	0.0393141376	0.0473875156	0.0541323127	0.07880890230000001	-0.025870241699999998	0.0224381448	0.05353810690000002	0.0715813892	-0.0612661717	0.0399536358	0.0311096212	-0.0183369435	-0.1265625847	0.0280526652	-0.061196408499999994	-0.0103286123	0.074957633	-0.0895404494	0.0443407	0.0	-0.0500776	-0.004167199999999996	0.0025077660217600003	1.7365555839999967e-05	-0.0311171	0.1273289	0.0009682739124099998	0.01621264877521	-0.273334	-0.05194700000000002	0.002698490809000002	0.07471147555600001	0.0051826	0.00043173999999999985	2.685934276e-05	1.8639942759999988e-07	-0.0008648760000000001	0.0003058039999999998	9.351608641599987e-08	7.480104953760001e-07	-0.0014755	-0.00016931999999999993	2.8669262399999975e-08	2.17710025e-06	0.0	0.0	0.0	0.0	0.0	0.0	0.0	0.0	0.0	0.0	0.0	0.0
6599.430673023767	-1.124856602341424	1.2653023758310928	43552485.20804693	5533.544786418356	-8.868967529235308	30620117.90329777	78.6585850346302	4753.440070431381	-5.6174338487980995	22595192.50318269	31.55556304562264	4725.920891084432	8602.241237995362	0.957006	22.914679	0.12351390000000002	0.0913147	0.07150576639999999	-0.0256660722	0.0384993317	-0.0872846481	0.0615982004	0.022638155	-0.047970789900000005	0.0095502252	0.051997563600000005	-0.00041185099999999997	-0.0515130171	-0.0244375683	0.059393969299999995	-0.023185837200000003	0.0056961762	-0.1396040534	0.0537062964	0.007353701	-0.0375738916	-0.1031802649	-0.0512383029	0.0920658634	0.0474309281	0.025632224199999998	0.0432995336	-0.0791991291	-0.16247218089999999	0.0056372	-0.1221616875	0.0465006705	0.11981979960000001	-0.0121467755	0.0142086773	0.05499093	0.009957282900000001	0.0464364165	-0.0499697075	-0.042442843099999995	0.0277051207	0.0084121923	0.0149310421	-0.0358930456	-0.0036306494	-0.0319633416	0.0025232463	0.0860070197	-0.021954897200000004	0.029494729700000007	0.09734545019999999	-0.021408891800000003	-0.0390229454	0.040712737400000004	-0.0071687385	0.0356317931	-0.0876647157	-0.0423796986	0.1349215959	0.045497937999999995	-0.0488024171	0.047742785499999996	0.0162258653	-0.139747486	-0.0933852325	0.030613292799999997	0.0462284393	-0.122171368	-0.0623694266	0.018297042700000002	0.0784059876	0.08589451099999999	0.0824641771	0.0726215418	-0.053343662699999995	0.0846829078	-0.0270326135	-0.0032563315	0.034543062	-0.0314563225	0.0110387202	-0.07393916610000001	0.0431431845	-0.0083779053	0.0728822092	-0.0034276946	0.0777158586	-0.0846507209	-0.07986655570000001	0.0024517947	-0.014654723500000001	-0.0897018527	0.0259128344	0.0378349728	0.1076298018	0.0437045779	-0.0448427199	0.0589767218	-0.1366081181	0.06391545559999999	-0.0444733337	0.0528012352	-0.0340825815	0.0426195507	-0.038788781099999996	-0.0919197916	0.0899791242	0.047338309800000006	0.023461117099999998	0.0341403104	-0.0890986725	-0.12161800710000001	0.0925401025	-0.0935676132	0.0684979398	0.130254323	-0.0135332041	-0.0048750773999999995	-0.057383585	-0.0085959395	0.022516909300000002	0.0543076919	0.049929451	-0.0278874118	-0.006788802900000001	-0.005653897	0.0361248897	-0.029423322000000002	-0.0206853556	-0.041731240499999996	0.050701736399999996	-0.0383768934	-0.0332719322	-0.0991277469	0.023817967000000002	-0.058739273700000004	-0.04504318	0.0290156022	0.044664895700000005	0.13057019949999998	-0.026928373199999998	-0.10209131449999999	0.0088991149	-0.0037870990000000004	-0.028848376600000007	0.0733093531	0.1795067266	-0.0475833903	0.025111758799999998	-0.0050738339000000006	-0.0372656988	0.10493931470000001	-0.0475549781	-0.0849032602	-0.0424998826	-0.0901116759	0.0835886772	-0.009987526	-0.037545471000000004	0.0895958128	-0.0201501329	-0.0561889896	-0.044049484800000004	-0.09712410390000001	-0.0179726059	-0.061787718099999986	-0.049063141799999994	0.0292067061	0.0102732002	0.1038732662	0.0872965089	0.0483046691	-0.0147949159	-0.043272345	-0.09472811140000001	-0.0748910229	-0.0747642824	-0.0106872199	-0.0589556604	-0.049056503200000004	-0.020722683500000002	-0.1075237578	-0.06409000549999999	-0.015316029699999999	-0.023164991200000002	-0.0902999082	-0.0180796717	0.031148465499999996	-0.0153839406	-0.0620991702	-0.0079052975	0.07278709	-0.0905024577	0.0495717471	0.0	-0.051538	-0.0014604000000000006	0.002656165444	2.132768160000001e-06	0.0569882	0.0881053	0.00324765493924	0.0077625438880899985	-0.258868	0.014466000000000034	0.00020926515600000096	0.067012641424	0.00495648	-0.0002261199999999998	2.45666939904e-05	5.1130254399999904e-08	-0.00101425	-0.00014937399999999986	2.231259187599996e-08	1.0287030624999998e-06	-0.00146135	1.41500000000001e-05	2.0022250000000282e-10	2.1355438225e-06	0.0	0.0	0.0	0.0	0.0	0.0	0.0	0.0	0.0	0.0	0.0	0.0
6595.727846398538	-3.7028266252291364	13.710925016505792	43503625.82375709	5536.433878483811	2.8890920654548613	30652100.09082329	8.346852962674234	4754.731689499305	1.2916190679234203	22607473.439128917	1.6682798166233657	4727.241895968944	8645.81310105628	0.988593	23.670994	0.1371113	0.109923	0.068454086	-0.016922401	0.046539436100000005	-0.0692500526	0.0862289912	0.057815424800000015	-0.0600907165	-0.0261228282	-0.0341334932	0.0475844213	-0.073156921	0.0341725097	0.0095061768	-0.1026398681	0.0202372251	-0.059395674	0.052221817999999996	0.0541623543	-0.0922915461	-0.0345292552	-0.0430701368	0.0850811233	0.0649444888	0.0120925094	-0.0836007228	-0.056202859800000005	-0.1246140187	-0.0447549564	-0.0731310776	0.0339932789	0.1403585132	-0.0092074967	0.0287736961	0.043893042800000004	0.005384210899999999	0.11215798960000001	-0.054273667000000005	0.0103992058	0.0358392408	0.0208919821	0.0569216952	0.013159148999999998	0.075250526	-0.018976991699999998	0.0176515717	-0.0380868813	0.0199806369	-0.11535653189999999	0.0386597446	-0.0031194059000000003	0.19499904920000002	0.011265891399999999	-0.0808529647	0.0172741792	0.0600490016	0.10812316820000001	0.08886755210000001	-0.0121107053	0.0808616559	0.0915071628	0.08911134230000001	-0.1141606132	-0.047782812699999996	-0.05742967280000001	0.0868385547	0.018918867	0.086178185	-0.0321015446	-0.0284759093	0.0358348453	0.0241315814	0.0239110656	0.0110247717	0.019852604399999998	-0.0740254539	0.0347473709	0.0168823117	0.0947480014	-0.027801175600000002	-0.0052687638	-0.010208703000000001	-0.0541803029	0.0092002115	0.0312392209	-0.0027113386	-0.1172746432	0.0428283782	-0.032211101299999996	-0.004697835	0.10449888560000001	-0.0824713215	-0.0036202395	0.1409315076	-0.0228025686	0.043527155	-0.005946315799999999	0.0306660803	-0.019042978000000002	-0.0076871763	0.0018110207999999998	0.07389444419999999	0.0157684913	0.022774662200000004	0.1342131916	0.0834020295	0.0637214234	0.0145234372	-0.09271230529999999	-0.0573971233	-0.0583892966	0.1114158686	-0.0492523396	0.0517995093	0.15215550519999999	-0.013748983400000001	-0.0301270641	-0.045101557199999996	-0.0051831651000000005	0.0704068616	0.0895447615	-0.010591869399999999	-0.0111308433	0.0166957706	-0.0705356164	-0.0284446509	-0.032621156899999997	-0.08462982529999999	-0.0448756869	0.009049574599999999	-0.0257517094	0.1294445191	-0.004516073	-0.083461362	0.0226282624	0.1367484745	0.1090148685	-0.07715613519999999	-0.065903345	-0.08491000380000001	-0.11794126140000001	-0.018497084599999998	-0.06368807230000001	-0.0997096035	0.1139050344	0.0644519335	-0.033642052799999995	-0.0745989777	0.0008181077	-0.0587096892	-0.066956883	0.0385648118	-0.0468448738	-0.0023657462	-0.023213923799999998	-0.0518284491	-0.025138381499999998	0.0384952915	0.08752841880000001	-0.0355787867	-0.025119653199999998	0.0716745554	0.0407700842	-0.0175216786	-0.0502607599	-0.0343664307	0.0310526211	0.0072688688	0.0858868418	-0.0804728158	0.0403724981	-0.0320553569	0.1285965242	0.0492022848	-0.0230070834	-0.1443154286	-0.0009003858	0.0704749387	0.0249677033	-0.013656423999999999	0.0086774135	0.0488518474	-0.0098131387	0.0115853065	-0.009742948199999999	0.0576669706	-0.0730951195	0.059461985099999996	-0.0629910206	-0.005476426800000001	0.07050145570000001	-0.0912100867	0.054585114299999994	0.0	-0.0493765	0.0021615000000000037	0.00243803875225	4.672082250000016e-06	0.165456	0.10846780000000002	0.027375687936	0.01176526363684	-0.276459	-0.017591000000000023	0.00030944328100000084	0.07642957868099999	0.00495439	-2.089999999999731e-06	2.4545980272100007e-05	4.368099999998875e-12	-0.001074	-5.975000000000013e-05	3.570062500000015e-09	1.1534760000000002e-06	-0.00157733	-0.00011598000000000012	1.3451360400000026e-08	2.4879699289000004e-06	0.0	0.0	0.0	0.0	0.0	0.0	0.0	0.0	0.0	0.0	0.0	0.0
6590.699533006649	-5.028313391888331	25.283935567043546	43437320.33437406	5547.866233831499	11.432355347687915	30778819.7484877	130.6987487958085	4760.9386898584025	6.207000359097947	22666537.20859064	38.52685345784204	4733.479599308269	8583.685095280593	1.002946	24.014671	0.06561720000000004	0.0391846	0.09254081619999999	-0.0154844618	0.0929451171	0.0025617598999999997	0.0652116271	0.0994753616	0.0031866412	0.0734590892	-0.0271269117	0.0238053664	-0.09703024710000001	0.0305909488	-0.0826768487	-0.14823752029999998	0.038169791200000004	-0.0560476267	-0.1127629969	-0.021576915	-0.0217722455	-0.0844924058	-0.0182941348	0.047774346399999994	0.0103459696	0.0473479667	-0.1402318019	0.0217984637	-0.1341104533	-0.12209543369999999	-0.0826542639	0.021988532400000003	0.0237994736	-0.0290333721	-0.10208243289999999	0.0177115033	-0.0263744405	-0.0398886348	-0.0831210996	0.030087472200000007	-0.1577474091	0.0262625526	0.0060752826	0.0536471931	-0.0608047125	-0.011283578600000002	0.018235181	-0.1038461409	0.0480957086	0.005845000600000001	-0.007477355600000002	0.0286973446	0.0366546926	0.0440556371	-0.1265346014	-0.0186297627	0.0224987273	-0.064841783	0.05707567230000001	-0.0011120805	0.009163313900000001	0.0343673446	0.0042045839	-0.0093850558	-0.022745983100000002	-0.06327926980000001	-0.044397855599999994	0.09774592210000001	-0.0318832481	0.0304460033	0.07844544070000001	0.09020104960000001	0.0409467454	-0.0617251338	-0.0296189335	-0.044098032300000006	-0.023881099399999998	0.036757727000000004	0.0699151504	-0.0446608743	-0.083720814	-0.13799162210000002	0.1306214712	-0.0877453598	-0.0710023709	-0.041357965	0.0312266148	-0.080732894	0.0107058059	0.0031777091	-0.0021611823000000003	-0.10298778869999999	0.1028226208	0.0789583521	-0.0163745942	0.049028957000000005	0.1302374727	-0.019922608	0.0068099126	-0.00060224	-0.055913444400000005	0.0413254833	-0.0451404121	0.0960984753	0.046552358499999995	-0.0324285895	0.0458222141	0.009226314000000001	0.0509112177	-0.1315197176	0.036915127	-0.022949395499999997	0.1754910343	-0.0749093027	0.0521025259	0.037453582799999996	-0.0220275094	0.0904662048	-0.0177967531	0.027769727200000004	-0.0920187318	0.0736346806	-0.0567474656	0.1475776726	0.0084492775	-0.0047089893	-0.0092496486	0.0009110694000000001	0.06811546639999999	0.0168252633	-0.0598249742	0.098808144	0.039920287900000004	-0.005577244499999999	-0.008102996500000001	-0.008064843	0.023890931600000002	0.10675258929999999	-0.0478842175	0.0153813499	0.0755007245	-0.0379283074	-0.0035492178	0.0470704421	-0.0134288098	-0.037677976200000005	-0.038902145299999996	-0.0865209211	-0.0537125288	-0.0931019389	-0.0838363032	-0.0030222108000000003	-0.022726767999999998	-0.0554392134	0.0347286832	-0.0317915623	-0.0376246267	-0.011262747	0.0670165454	0.0088931927	0.0196049032	-0.0482763555	-0.002242516	-0.0686898736	0.065422673	-0.1290877594	-0.19081125440000002	0.0535196374	0.06541463360000001	0.017809863000000002	0.0038541312	0.03763362	-0.0334342461	-0.056849978600000003	-0.0711601491	0.1186300283	0.0154843954	-0.0243922211	-0.0717050202	-0.1454682027	-0.0160304535	0.0038924913	0.0088720154	-0.0610734994	-0.0320233271	-0.063722073	-0.0860678274	-0.0322262568	0.0830231068	-0.0638718027	-0.0030437071999999997	0.0681043441	-0.0916613475	0.0593587869	0.0	-0.0507422	-0.0013656999999999975	0.0025747708608399988	1.8651364899999928e-06	0.197572	0.032116000000000006	0.039034695184	0.0010314374560000004	-0.260581	0.015878000000000003	0.0002521108840000001	0.06790245756100001	0.00472236	-0.00023203000000000026	2.23006839696e-05	5.383792090000012e-08	-0.001074	0.0	0.0	1.1534760000000002e-06	-0.00148421	9.312000000000014e-05	8.671334400000026e-09	2.2028793241e-06	0.0	0.0	0.0	0.0	0.0	0.0	0.0	0.0	0.0	0.0	0.0	0.0
6589.138475321105	-1.561057685544256	2.436901097596789	43416745.84695694	5558.271053604964	10.404819773465533	30894377.105342846	108.26027451829935	4766.331827204429	5.3931373460263785	22717919.08702191	29.085930433104448	4738.724860215287	8429.145745763251	1.1126490000000002	26.64142	0.0914675	0.0583052	0.137172357	0.0210636869	0.057167842	-0.059179006900000004	0.1325300147	0.05798216570000001	-0.0292049742	-0.0002121553	0.042137470999999996	-0.09027097210000001	-0.1569226077	-0.0433054804	-0.0499051538	-0.049230021799999996	-0.0417610889	-0.0197672565	0.0549178947	-0.0193463574	0.0230733448	-0.0614283023	-0.0398360795	0.0112849199	-0.0216059143	-0.0245098699	-0.1696497383	-0.035208232400000004	-0.1184048921	0.009322222	-0.1553042611	-0.0090047509	-0.047818456100000004	-0.0457516204	-0.0185586415	0.0572123652	-0.1342708409	-0.086486429	-0.0748652839	0.0157611514	-0.10726553949999999	0.014097363600000001	-0.0014517000000000002	-0.09271339599999999	0.020114816	0.0917895475	0.0266011175	0.0796258241	0.0517249308	-0.0242670358	-0.0629870201	0.0148526256	0.07310211309999999	-0.0008696597	0.0811598833	-0.0422495561	0.0731676128	-0.047871422999999996	-0.0194598851	0.0921076245	0.0071022397	-0.018271001999999998	0.0180009374	0.0111096341	0.0620509567	0.0158689458	0.0024615126999999997	0.082232565	0.0299219833	-0.0595826826	0.0981035711	-0.09734210019999999	0.05736797110000001	0.0092567137	-0.0346315403	-0.0150931429	0.035624356600000004	-0.0424543609	0.023527447799999997	0.1059388056	0.0192210339	0.024208157799999998	0.0036898138	-0.012036976299999998	-0.09513952939999999	-0.10366882349999999	-0.0014531426000000001	0.08434714800000001	-0.027090996000000003	-0.0903453144	0.0645322772	0.058655142599999995	0.0048435685	-0.0639018764	0.08205921990000001	0.058860594	-0.07310078190000001	-0.0463402583	0.0602708449	-0.025746527999999998	-0.0066560409	-0.0021675245000000003	0.047835208399999996	-0.0621298533	0.0328984016	-0.0990905377	0.0110135293	-0.0233335363	-0.0219276629	-0.167730819	-0.029710867599999996	-0.0803089964	0.07018245669999999	-0.168226512	0.024717499900000002	-0.0274617002	-0.0277168674	0.0117029991	-0.0569615179	0.1324841672	-0.131923759	0.0333691886	-0.0231288128	0.078966877	0.011608926	0.0207477591	0.0610342825	0.049385456200000004	-0.0468961697	0.0734831626	0.1235326319	-0.0005224812000000001	0.0021783354999999997	0.060468989199999996	-0.050416981900000005	0.0655258273	0.0356866995	-0.028703539500000007	0.039500641499999996	-0.0722832593	0.0512318724	-0.032457471	0.11233766960000001	0.020004616200000002	0.0238447346	-0.0120745617	-0.0648802112	-0.0128231204	0.0460395234	0.0411891429	-0.0650485025	-0.052043874500000004	0.0068059198	0.008748740500000001	0.10075795650000001	-0.08471345279999999	0.0266864458	0.0004622019	-0.023643917400000002	0.0156720551	-0.038289484500000005	0.0840031116	0.055329860300000006	0.0374187122	-0.068740873	0.0202306483	-0.0817694376	-0.09406801570000001	0.0191619803	-0.082856583	0.054328248600000004	-0.0648698272	0.0364423038	-0.0129622089	0.11933381300000001	-0.0675580491	-0.04616824519999999	0.0982555088	0.0103354472	-0.0008665560000000001	0.0471991417	0.0785462454	0.0040682467	0.022995116200000002	-0.0332058515	0.0417497062	0.030932881800000006	-0.0487053155	-0.1084241471	-0.064741362	-0.0006088484	0.0655995455	-0.09185497179999999	0.0638718027	0.0	-0.0571812	-0.006439000000000007	0.0032696896334399998	4.146072100000009e-05	0.146356	-0.05121600000000001	0.021420078736	0.0026230786560000013	-0.286337	-0.025756	0.0006633715360000001	0.081988877569	0.00479233	6.996999999999993e-05	2.29664268289e-05	4.89580089999999e-09	-0.00101272	6.128000000000015e-05	3.755238400000018e-09	1.0256017983999998e-06	-0.00151409	-2.988000000000014e-05	8.928144000000084e-10	2.2924685281e-06	0.0	0.0	0.0	0.0	0.0	0.0	0.0	0.0	0.0	0.0	0.0	0.0
6585.005059612015	-4.133415709089603	17.085125424148714	43362291.63511584	5537.04440359953	-21.22665000543475	30658860.727432877	450.57067045322304	4765.308080315271	-1.0237468891582466	22708161.10031801	1.0480576930611871	4737.139964422921	8264.385184747856	0.980459	23.476242000000006	0.02259240000000005	0.0116084	0.1759909474	0.0321727048	0.0344964673	-0.0116934506	0.1026112966	0.0189710516	0.0074874795999999985	-0.0026377458	-0.0276133694	-0.0174791852	-0.1282608877	-0.0638090444	-0.039681725	-0.0713660775	-0.0055163175	-0.0280784535	0.0955071198	-0.0326477206	-0.030589514900000007	-0.09796840820000001	0.0352828578	0.015156581799999999	-0.0185112841	0.0136426307	-0.1648415807	-0.0560837805	-0.0788737561	-0.0015798329	-0.012990547	0.1273976668	-0.047537926900000006	0.0615700056	-0.0402520923	0.1022510061	-0.1104189018	-0.0568331803	0.0238043466	-0.021513280899999997	-0.0044411271	-0.0322210015	0.016199345100000002	0.0223909083	0.000318594	0.057368028	0.022912503799999998	0.0209419086	-0.0373429925	0.0526538502	0.022764688300000002	0.052049651100000004	-0.0202371477	-0.0506852744	0.036586681600000004	-0.0513040165	-0.038975017	0.1104782069	-0.0214353703	-0.12365056599999999	0.0048655067	0.0540729474	0.0704298132	-0.0415057659	0.0620623894	-0.0257554958	-0.0059744487	-0.0522704011	0.0208183109	-0.0369460781	0.0159783478	-0.08632708789999999	0.115677041	0.0194598437	0.1207622077	-0.0354412105	0.052161892599999996	0.049898698899999996	-0.0192310968	0.0419927097	0.10936720789999999	0.0488741711	-0.0195324484	-0.0133059818	-0.0361366699	0.046530008899999996	0.1003692072	0.1295936705	-0.0274426969	-0.07367547370000001	0.024416625299999998	0.0370892053	0.1404409931	0.0590327007	0.020083273500000002	-0.0146440823	0.0396131311	0.0563757012	-0.053328065	0.0380854794	-0.0219993951	0.057593100700000004	-0.0010513789	-0.0818210717	0.047878035199999995	-0.0109950173	0.015998698500000002	-0.0170550278	0.0170863729	-0.1739014144	-0.05342765360000002	-0.0527065575	0.046424929299999994	-0.0021807979000000003	0.1215546578	-0.0481290667	0.0455820734	0.0349321113	-0.10478576630000001	0.1278823564	-0.0474392758	-0.0508561414	0.029257973700000002	-0.010075353	0.039321876400000004	0.0165102326	0.0002533397	-0.0080793647	-0.0145942111	0.0589025665	-0.012899781200000002	-0.013563122	-0.0435461709	-0.0414925932	0.0515681416	-0.0114691949	0.05684181889999999	-0.0109980568	0.0652351743	-0.0401476147	-0.0871128994	0.0583088721	-0.1115828584	-0.0046989035	-0.0245522808	0.0736800947	-0.021159533799999998	-0.0293191008	-0.07198089860000001	0.0931487891	0.0491525587	-0.015087998	0.0104768163	0.0991001717	0.0365273607	-0.0796898522	-0.035088215	-0.11216566630000001	-0.0535865686	-0.0531560265	0.0180215759	-0.006840316999999999	0.042847391799999995	-0.0094208447	-0.0830628462	0.0711522612	0.026576037	0.0226335247	0.0213983765	-0.0412444035	-0.0248597987	-0.047639953	0.132043415	-0.0746073309	0.0963828233	0.0782875511	-0.0480244096	0.0871572944	-0.0748813809	-0.0434763525	-0.10220698240000001	-0.092883315	-0.062473222	0.0387848822	-0.0481572809	0.026003901800000003	0.0334461827	-0.0080417407	-0.0440878404	-0.0655995455	0.0018264382000000002	0.0629910206	-0.0917904153	0.0681043441	0.0	-0.0620371	-0.004855899999999996	0.00384860177641	2.3579764809999968e-05	0.1452	-0.0011559999999999904	0.02108304	1.3363359999999777e-06	-0.28515300000000005	0.0011839999999999626	1.401855999999912e-06	0.08131223340900003	0.00464836	-0.00014397000000000018	2.16072506896e-05	2.0727360900000058e-08	-0.00115041	-0.00013769	1.89585361e-08	1.3234431681e-06	-0.00148782	2.6270000000000116e-05	6.901129000000059e-10	2.2136083524e-06	0.0	0.0	0.0	0.0	0.0	0.0	0.0	0.0	0.0	0.0	0.0	0.0
6602.185181054624	17.180121442608648	295.15657278278155	43588849.16493728	5559.0328472203355	21.988443620805807	30902846.19647463	483.49165286535566	4769.408697804207	4.100617488936224	22747259.32669042	16.815063790569614	4741.842050800762	8223.054719588303	1.152658	27.599388	0.13639919999999994	0.102277	0.1875547425	0.0433332629	0.0067936752	0.1224882309	-0.0051944944	-0.0789893396	0.0713130197	0.0956711904	-0.0340858411	0.011247033500000002	-0.1436351007	0.0565434316	-0.06334335740000001	0.0277407879	-0.0244130187	0.013324356599999998	0.1415277693	-0.0223798671	-0.0598120554	0.0026117375	0.0965090851	0.0008677141	-0.0250518074	0.010999703000000001	-0.0247671615	0.1011716767	-0.0404582089	-0.0430257041	-0.0720144021	0.0822822882	-0.022298331600000002	0.0795247466	-0.0599854263	0.1000213331	-0.1342390642	-0.027966944599999998	-0.0854805712	0.0207223849	-0.06855691950000001	-0.0190700533	0.013453143600000002	0.0534463038	0.0432049346	0.0501519181	-0.0194797821	0.039053506	-0.0061766415	0.05879671700000001	-0.08424781630000001	-0.0551178042	-0.0680006536	0.0268649428	-0.05774794940000001	0.006534348000000001	0.0256700927	-0.0082628753	-0.12380714300000001	-0.0803564176	0.0543496822	-0.0274358777	-0.0605936318	-0.047260524500000005	0.0292407435	-0.0028746953999999997	-0.10770148660000001	-0.0191206287	0.003162472	0.114017177	-0.0865142364	0.010843782	-0.1070498008	-0.0430631534	0.0729602145	-0.033456694	0.07727461070000001	-0.0112916903	-0.08307720860000001	-0.0041243067	0.0904602076	0.0848225269	0.0119583166	0.024859015	-0.024869865499999998	0.0027434661	-0.0460656253	0.0035544078	0.0164884065	0.0405347249	0.040548639	-0.0069394598	0.004475594	-0.021212426099999997	-0.00027008580000000004	0.0511400941	-0.1120487194	-0.0216855948	0.0435655645	0.0187450067	0.040917874900000005	-0.0910759784	-0.1455694256	0.0673445824	-0.1366737472	0.0742101019	0.0014476894	-0.0242997467	0.0062970722	-0.0144908265	0.0985197173	-0.0056072556	0.04980992150000002	-0.039046175600000003	0.11791933310000001	-0.009600390600000001	0.0740485707	0.04520442190000002	-0.0964900002	0.1426656102	-0.0774727757	0.0588499758	-0.017533357700000002	0.050842263799999995	0.0599226576	0.01573861	-0.0438407068	0.0579324451	-0.035455950099999994	0.0225610567	0.0273676581	-0.0045974603	-0.0893048719	0.0582315179	0.0133969965	-0.0545625569	-0.0732448613	0.020916786	-0.037539970299999996	-0.021235903700000003	0.0683342821	0.09769686289999999	-0.099359537	-0.0181128332	-0.0345292995	-0.101767934	0.0164090961	-0.0320867047	-0.0487211862	0.0247537977	0.0879545184	-0.0404786167	-0.0086389251	0.0364855237	-0.10334017460000001	0.163519876	-0.0493585346	-0.007443678100000002	-0.0122870175	-0.060515201500000004	0.0710598587	0.0497890359	-0.0288034377	0.0091190458	-0.0608336775	0.1073147774	0.0202809702	0.0006870895	0.0382826069	-0.023256432	0.0191128809	-0.0063561307	-0.0612015355	0.0334070253	0.0239391965	-0.0460695599	-0.006721839300000001	0.045880624800000006	-0.0558033222	0.0642931166	0.059834856	0.0742094252	-0.0192257857	-0.059968024	0.1005792161	0.0278131048	-0.0666208909	0.1492844958	0.081899309	-0.0664462025	0.0042604413	0.060282893899999995	-0.09146785939999999	0.0720378251	0.0	-0.06196090000000001	7.619999999999155e-05	0.003839153128810001	5.806439999998713e-09	0.046331	-0.098869	0.002146561561	0.009775079161	-0.265898	0.019255000000000026	0.0003707550250000008	0.07070174640400001	0.00491021	0.0002618500000000001	2.41101622441e-05	6.856542250000006e-08	-0.001074	7.640999999999986e-05	5.838488099999977e-09	1.1534760000000002e-06	-0.0014620999999999998	2.572000000000013e-05	6.615184000000065e-10	2.13773641e-06	0.0	0.0	0.0	0.0	0.0	0.0	0.0	0.0	0.0	0.0	0.0	0.0
6633.803983646648	31.618802592023712	999.7486773533657	44007355.29344613	5567.446646471334	8.413799250998636	30996462.161304906	70.79201783610522	4774.271720725007	4.8630229208001765	22793670.46331452	23.64899192822788	4746.213359947484	8434.56752481143	1.180032	28.25485	0.10145139999999997	0.0765421	0.129816803	0.0406418596	-0.041803369	0.0382136488	0.0578918541	-0.09451767400000001	-0.027051147799999998	0.031463989399999996	0.1332473378	-0.0184949432	-0.15072859689999998	0.0024272188	0.0062507890000000005	0.0220986793	0.0100040388	0.0709103309	0.083046593	0.08163625299999999	0.0705362813	0.0477409737	0.0667888982	-0.0255792427	-0.0456525514	-0.0328009011	0.0456026801	0.0444253647	0.022569871600000003	0.0461041584	-0.0838097254	0.0512005763	0.02815972	0.0813841375	0.0250524484	0.0452750632	-0.1623525308	0.0066014101	-0.1132516447	-0.0380697988	-0.0417174999	0.0420685347	0.1148388124	0.044497943899999996	-0.1317097555	0.0538006841	0.058242280599999995	0.031354774	-0.0129177094	0.0484315836	0.0617092978	-0.0658248786	0.0015963945	0.056740230999999995	-0.0333328114	-0.0249064662	-0.0152871652	-0.0017736749	-0.0918776201	-0.26141599050000003	-0.08478336410000001	-0.0581167575	-0.01117791	-0.0071806375	-0.015174763700000003	-0.051579887000000005	-0.0101867341	0.0340831088	-0.0435585808	-0.0046972239	0.0671332955	0.0547679818	-0.1300723752	-0.0556367552	-0.0209364522	-0.0009544417	-0.0617503157	-0.07634120009999999	-0.0398716798	0.0222652931	-0.045106264800000004	0.0333594066	-0.089630832	0.058649517699999994	0.0125183602	0.13181913050000002	0.0103824947	0.0840802208	-0.009994464100000001	-0.0821878984	-0.0169188948	-0.022038408399999997	-0.056185266100000006	-0.0078808475	-0.1452195118	-0.1724525002	0.0937434114	0.1065174413	0.0843540475	0.0612372003	0.124578768	-0.072721218	0.0281240844	-0.08768952470000001	-0.0049129805	0.071891526	-0.0255322348	-0.0446940977	-0.0349456743	0.0515522603	0.0346053961	-0.011730554499999999	-0.0591401363	-0.06325782190000001	0.0796648539	0.0377425418	0.0627679521	-0.038512511	-0.0326515566	0.1649205447	-0.0515859842	0.09434863619999999	0.0436021343	0.0412175515	0.0333850437	-0.0812719195	0.0173689153	-0.0411077773	0.09547394349999999	0.0729641316	0.024740108700000003	-0.0057212499	-0.0298329654	-0.0737791453	-0.1017499474	-0.0283183748	-0.0470041179	0.032604233999999996	-0.0009076014	0.0017884099	0.031640611400000004	0.0896931293	-0.2587295921	0.0412555369	0.1142887094	-0.082968827	0.0210499991	-0.0023213368	-0.0699678583	-0.0156840924	-0.046919273399999996	0.0461859053	-0.0883557992	-0.0735502268	0.0787727402	0.0644430055	-0.0082945608	0.028752503	0.06683564759999999	-0.0020853126	-0.012557093100000001	0.05996048740000001	0.0744165682	0.0608301882	0.029804286099999997	0.0408181579	0.14618710570000001	0.0344828466	-0.030062565099999997	-0.0411150022	-0.1107576344	0.04644119519999999	0.0987255048	-0.0626792503	0.043215653799999997	0.0676954939	0.1243650283	-0.0939908375	0.1213347315	0.1320063683	-0.1769059616	0.0164604818	-0.030864818399999997	0.0656204863	0.1148477573	0.0784887342	0.0240027862	0.0309873983	-0.0197740981	-0.06728118429999999	0.00669145	0.0574794475	-0.0908882107	0.0756549729	0.0	-0.06194	2.0900000000011187e-05	0.003836563599999999	4.3681000000046763e-10	-0.027032	-0.073363	0.0007307290240000001	0.005382129768999999	-0.28608	-0.020181999999999974	0.00040731312399999915	0.0818417664	0.00489307	-1.713999999999969e-05	2.3942134024900006e-05	2.9377959999998937e-10	-0.00107399	1.0000000000157452e-08	1.0000000000314903e-16	1.1534545201e-06	-0.0016026599999999995	-0.00014055999999999964	1.97571135999999e-08	2.5685190755999987e-06	0.0	0.0	0.0	0.0	0.0	0.0	0.0	0.0	0.0	0.0	0.0	0.0
6639.394922543751	5.590938897103116	31.258597751140595	44081564.93749974	5544.254868749681	-23.19177772165312	30738762.049654543	537.8585538905662	4779.627700517865	5.355979792858307	22844840.955557697	28.68651954150651	4751.658615390626	8554.335277212078	0.986234	23.614529	0.05462479999999999	0.0250566	0.0898637182	0.0288567864	-0.021851328700000002	0.0281561554	0.034555945299999995	-0.0456906058	-0.1068518618	-0.0485425674	-0.0071610467000000014	0.0771886958	-0.0683148288	-0.0517083195	-0.0195321363	0.08943313380000001	-0.014790425500000001	0.0322524599	0.062397034500000004	0.0422216301	0.0092740523	-0.0918965536	0.060568157699999986	-0.0722446732	-0.007348449	-0.0685564986	0.0416296692	-0.0054581864	0.0584058217	-0.0008685053	-0.0100291507	0.0542196076	0.0380163434	0.0032578758	-0.0622976062	-0.0140641072	-0.18028167879999998	-0.12283591630000001	0.0714922894	-0.0119225153	-0.1059383612	0.0142658109	0.014825631399999999	-0.042346801600000004	0.0015146897	0.09338739189999999	-0.0660901289	-0.0089154262	0.0928058092	0.09551069599999999	-0.0191404521	0.058410244000000014	0.1623670108	0.0387153426	-0.0354136121	-0.0254575654	0.0296242355	0.0203222113	-0.1166440088	0.0310612586	-0.0069670702	-0.0303715131	-0.013741663999999999	0.1529029167	-0.1061265778	0.0848263009	0.0331660588	-0.0383576068	0.0685022462	-0.0039002047	0.023127961699999998	0.0853669142	-0.0528229468	0.1380232406	0.0621899264	0.0361358997	0.009322035	0.012467048799999998	-0.0443589282	-0.06900667860000001	-0.0347301375	-0.0763963406	0.040439073	0.0093615235	-0.0847360607	-0.009897023199999999	0.0387700219	-0.0019420856	0.0675024649	-0.0003051989	-0.0247701192	-0.017238511499999998	-0.0700251105	-0.0376820878	0.064308694	-0.0533231727	-0.0749797587	0.0426660696	0.1064322767	0.036068915	-0.0179261985	0.0885630884	0.09636191470000001	0.0602012092	-0.0152240029	0.0050983406	-0.07158267509999999	-0.0092135963	-0.07176557019999999	0.0368080604	-0.016721389099999998	0.040221832799999996	-0.0415361203	0.018601963	0.054426485499999996	0.0332723006	-0.0005902157	0.0566718122	0.0132767234	0.17754958010000002	-0.0835519546	-0.12378267609999999	-0.0015561728	0.0885091718	0.0189494009	-0.0033004444	0.0435391999	0.09399854960000001	-0.007663738499999999	0.0417806742	0.0619474749	0.0954601724	-0.08819765130000001	-0.0074638349	-0.0607211356	0.09220319689999999	0.1102057809	0.0951073604	-0.0519470973	-0.0813853625	0.027285097400000003	0.08969936810000001	0.020585098700000002	0.0025695445	0.055580312800000004	0.032069667	-0.0010244916	0.102959629	0.1043471025	-0.1108900945	0.0760496993	-0.0222020465	0.0260854291	-0.1086389545	-0.0733986109	0.0148428114	0.097777955	-0.09923276699999999	-0.0721348594	-0.0022504108	0.0372232229	0.0102685081	-0.0160436402	-0.014386331200000001	0.060662966299999996	-0.06714553870000001	-0.0348907006	-0.0301085659	0.1098981461	0.0031137239	-0.043106184000000006	-0.0813035758	-0.048206600700000005	0.0037553560999999997	-0.0242072323	-0.058025123399999996	-0.059224824599999996	-0.0020578042	0.041555668399999995	0.1032759227	-0.030856097599999997	0.0870764091	-0.0311735287	0.048124416399999995	-0.0168355755	-0.1250112901	0.0181126197	-0.0744259113	0.0544831929	-0.0681043441	0.0091177559	0.054585114299999994	-0.09005309859999999	0.078939904	0.0	-0.052483100000000005	0.00945689999999999	0.0027544757856100004	8.943295760999982e-05	-0.0224189	0.004613099999999999	0.0005026070772100001	2.1280691609999986e-05	-0.268579	0.017500999999999992	0.0003062850009999996	0.072134679241	0.00497367	8.060000000000012e-05	2.4737393268900007e-05	6.4963600000000195e-09	-0.0008873939999999998	0.00018659600000000005	3.481806721600001e-08	7.874681112359999e-07	-0.00140878	0.00019387999999999936	3.758945439999975e-08	1.9846610884000004e-06	0.0	0.0	0.0	0.0	0.0	0.0	0.0	0.0	0.0	0.0	0.0	0.0
6641.4246890918985	2.0297665481475637	4.119952239978875	44108521.90087942	5509.397700424118	-34.85716832556318	30353463.02143856	1215.022183676645	4779.215026480384	-0.4126740374813379	22840896.2693359	0.17029986121114876	4750.734166671043	8615.181296502637	0.9094620000000002	21.776287	0.06875199999999998	0.0327543	0.0735314647	-0.0051536502	-0.0118538868	-0.0087709522	0.0598810145	0.0014715388	-0.0290807068	0.041454022400000005	0.0447915146	0.109212147	0.0583710896	-0.1276867966	-0.0273723775	0.0529861082	-0.007547576899999998	0.1301186574	0.0116701638	-0.0048998717	-0.0506880058	-0.0074750237	0.0599194642	-0.08461640890000001	0.013049811699999999	-0.0459229905	0.061556674400000004	-0.039854749700000004	0.0124236124	-0.017041525800000002	-0.0015113059	0.0405562277	0.0136686102	-0.061944242300000014	0.024505874900000002	0.0063130281000000005	-0.1667958168	-0.1122121499	0.0757721705	0.10487215890000001	-0.0633498024	0.0068457482	-0.018171751200000003	0.0152565519	-0.052733639299999996	-0.10224204810000001	0.0034758977	-0.0709522818	-0.0061426669	-0.10190900800000001	-0.1066435451	0.0219389102	-0.0094905032	-0.049617919100000005	0.0068617146999999995	-0.06524790009999999	0.0265777125	-0.0134287733	-0.0196354149	0.05641181980000001	0.0539930499	0.0040338496	0.0426838708	0.0336540573	-0.018365566	-0.0753842539	0.0312576038	0.0088292746	-0.08836631240000001	0.0428780725	-0.0868354781	0.097794215	0.0542521838	0.0516786486	0.0296923564	0.0486529852	-0.060250438899999995	0.0160201129	0.0020495395	-0.0311087657	-0.0346101294	-0.0585162733	-0.0028168144	0.0724725319	-0.1484944463	-0.020175885	0.0369303059	-0.09407893710000001	0.035136716400000004	-0.0424242141	0.0581820412	0.050013023399999995	-0.07563264389999999	0.0644674444	-0.064442918	0.044372850199999994	0.0210250227	0.0024117074	0.0351054616	-0.0408288532	0.058389818600000004	0.0256566408	-0.051359422300000006	0.0956871588	-0.023651920400000002	0.0469068053	-0.08523164859999999	0.012153270800000001	-0.047818012	0.0609598774	-0.0305453906	0.0216680627	0.0097909455	0.0108578364	0.0156280424	0.0074032651000000005	-0.0754403414	-0.0218513654	-0.0084636242	0.155523188	-0.0777856203	-0.1251548388	-0.1116065256	0.0352904929	-0.032088711	0.0005932207	0.023180084500000003	0.0018936763	0.08411535369999999	-0.056251362400000005	-0.0746483041	-0.0035734341	0.10801526019999999	0.1204829874	0.0447522283	-0.023332631800000003	0.0172703625	-0.038453503300000004	0.0291923327	-0.056499704500000004	0.029753600499999998	0.028119540499999998	0.0559568724	-0.0068413974	0.0069107827000000005	-0.0104465049	-0.0387943894	0.0096814536	-0.08831620529999999	-0.044593407300000006	-0.0807963677	0.0669829826	0.0234611523	-0.035136222200000004	-0.13083895199999998	-0.0190648825	0.0028397533	-0.0381430039	0.0185360994	0.0637325206	-0.0078396508	-0.045892753	-0.011306126000000001	-0.0367186328	0.0538494463	-0.0665521278	-0.0201183577	-0.05288794769999999	0.1323864555	0.0717793775	-0.059115916399999996	0.011524142099999999	-0.026800992599999997	0.0701704308	0.10453311970000001	0.044080033600000006	0.1042247212	-0.0428233338	0.0175256547	-0.0043407488000000004	0.062193890999999994	0.0166271101	0.060388600999999986	0.0510781475	0.048527450199999995	-0.04468291889999999	-0.0914865874	-0.0371991995	0.0796471021	-0.0689155372	0.011537653799999999	0.0516044709	-0.0889648703	0.0818781935	0.0	-0.0435032	0.008979900000000006	0.00189252841024	8.063860401000009e-05	-0.0476269	-0.025208	0.0022683216036100003	0.0006354432639999999	-0.261882	0.006697000000000009	4.484980900000011e-05	0.06858218192400001	0.0052022	0.00022852999999999936	2.706288484e-05	5.2225960899999705e-08	-0.0007028119999999999	0.000184582	3.4070514723999994e-08	4.93944707344e-07	-0.00126455	0.00014423000000000018	2.080229290000005e-08	1.5990867025e-06	0.0	0.0	0.0	0.0	0.0	0.0	0.0	0.0	0.0	0.0	0.0	0.0
6619.223310835736	-22.20137825616257	492.9011964732082	43814117.23871121	5545.80162322812	36.40392280400192	30755915.64419965	1325.2455955197313	4765.1158744265995	-14.099152053784563	22706329.296712376	198.78608863573749	4737.834962046795	8644.255571802438	1.0218969999999998	24.468439	0.03881880000000002	0.0193767	0.0692594568	0.0184710725	-0.012978813600000002	-0.0329005062	0.0365850468	0.09008812890000001	0.1055701736	0.0781898335	0.055010798300000004	0.0836988201	0.0207846488	-0.08419987150000001	0.11805303029999999	0.1193974265	-0.034749285299999995	0.0861483772	0.0044393139	0.10947979099999999	-0.0718919945	0.1805488468	-0.11824685289999999	2.15169e-05	-0.008910657399999999	-0.0613298715	0.116594622	-0.012317109	-0.1251655942	-0.014009715	0.057332675199999995	0.059785066	0.0769517928	-0.0993550825	-0.0403541185	-0.0727798635	0.0271783257	-0.0237320642	0.0500930664	0.11325601099999999	0.017805984099999998	0.0680885218	-0.0455127105	-0.0019958732999999997	-0.061060939400000014	0.0285753573	-0.0846541116	0.0162583276	-0.060920818499999994	-0.0686474145	-0.0203915567	0.0292915877	-0.047443375999999995	0.011692518700000001	-0.0436140298	0.0066615516	-0.0131814989	0.055356508	-0.0095828306	0.12187772470000001	0.0417062024	0.0205904364	-0.0763866979	0.1046545226	0.0528258215	-0.008578526999999999	0.1209394738	-0.10193931960000001	0.10960347640000001	0.10570247029999999	-0.0869094158	0.0324153336	0.0561920599	-0.0096128498	-0.011043098500000001	0.033192057000000004	0.0498423157	-0.0300108809	-0.0502306004	0.09350883859999999	-0.0556560549	-0.0023313705	-0.0172681898	0.0394459201	0.0837259961	0.0632725117	0.0339910075	0.0859772391	0.1426004595	0.007867288	-0.052157374000000006	0.0895824334	0.1093528267	0.017667831999999998	0.0582168624	-0.1025485902	0.0547320735	-0.0269041166	0.0855090473	-0.0005158582	-0.054701537599999996	-0.045684555599999996	-0.09578070890000001	-0.0869111446	-0.009017625	-0.0021877802	-0.0006567960000000001	-0.012479711499999999	-0.0693366059	0.0988826114	-0.0299201931	-0.1177965168	0.0780750366	0.0738298162	0.0360033653	0.07539902309999999	-0.11095333	0.0423589531	0.0663261016	-0.0231624057	-0.0135025663	-0.0345636671	-0.1030082958	-0.0318558094	-0.1006735375	-0.0115025331	0.0216838481	0.0648734092	0.0703649059	0.0222740745	-0.0177499366	-0.0734245397	0.014452761599999999	0.022235738799999998	0.0626907651	-0.0063775365	-0.042819737000000004	0.0452067938	-0.0349740505	0.014964155900000001	-0.0676237044	0.016189479	0.1295659319	0.015067750900000001	-0.06362251740000001	0.0038483912	-0.0242374465	0.09525881119999999	0.0076654099	0.0183052697	0.1236908801	-0.07279625769999999	-0.06568334940000001	-0.032188565499999995	-0.1643284072	-0.07832001059999999	-0.0165541804	0.0878575374	-0.0042418864	-0.0427554174	-0.0081038194	0.036922300400000004	0.0356421225	0.10036702789999999	-0.025246316	-0.0792449158	0.1269331273	0.0624210254	-0.0599649631	-0.012108178300000001	-0.1309292393	-0.06936722370000001	0.051122636799999996	0.0411852154	0.0148475917	0.1132772038	-0.09199835210000001	0.06654703049999999	-0.0161365998	0.0274750603	-0.0729894715	0.0196409232	0.024800275400000002	-0.054677412599999996	-0.0899972465	0.0350830294	-0.0241474492	0.084664238	-0.0446102968	-0.0697146213	0.013949442900000001	0.048542230199999994	-0.0876265845	0.0844569388	0.0	-0.0492924	-0.0057892	0.00242974069776	3.3514836640000014e-05	-0.0432506	0.0043763000000000005	0.0018706144003599998	1.915200169e-05	-0.276681	-0.01479900000000001	0.0002190104010000002	0.076552375761	0.00536474	0.00016254000000000008	2.87804352676e-05	2.6419251600000027e-08	-0.0007717979999999998	-6.898599999999983e-05	4.759068195999976e-09	5.956721528039996e-07	-0.00131011	-4.556000000000005e-05	2.075713600000004e-09	1.7163882121e-06	0.0	0.0	0.0	0.0	0.0	0.0	0.0	0.0	0.0	0.0	0.0	0.0
6612.2258034236975	-6.9975074120384315	48.965109981532784	43721530.07546216	5533.667436553211	-12.13418667490896	30621475.29836938	147.23848626153818	4758.670277536688	-6.44559688991103	22644942.810311105	41.54571926723074	4730.655091756557	8512.15181715386	1.0603209999999998	25.388475	0.10911989999999996	0.0694244	0.10354839099999999	0.008652268000000001	-0.053427563	0.057615765	-0.0533569147	-0.0517214604	0.1539350197	0.0357761818	-0.0552574516	-0.0067246965	0.0072404372	-0.0124892651	0.0211611846	0.1444793704	0.0005139183	-0.0439322544	0.0655745092	0.1156603336	0.022942469	0.0269175718	-0.014974580500000001	0.061828903399999996	0.0041530076	0.007508329399999999	0.036791664700000004	0.040121163	-0.0830424691	-0.0754074641	0.048116467	-0.041428012599999994	0.1234353595	-0.0385089756	-0.0220447156	-0.09043655380000001	-0.1125225772	0.0047433465000000005	0.11574233390000001	0.0161939594	-0.047392559	0.0354683588	0.0336985379	-0.0671963556	0.0578765454	-0.0723464248	-0.035520625	0.0593013888	-0.047541380099999996	0.0096788602	0.0017995293	0.0145556895	-0.0215577398	-0.1084249351	-0.0260160389	-0.0391425042	0.0271048812	0.0061777376	0.0009185179	-0.0316077134	0.0792074816	-0.0540774526	-0.053370364	0.0964940415	-0.0391859029	0.023677206	0.0140459222	-0.0418087279	-0.014102744399999999	-0.0969079801	0.002426575	-0.0789750763	0.05606508809999999	-0.08583063310000001	0.0970120067	-0.0452179846	0.0189268891	0.04530316349999999	-0.012181124299999999	-0.0147277721	0.011089653500000001	0.006506339599999999	-0.0920618441	-0.0060011807999999995	0.0811020595	0.044767900599999993	0.0021286505	0.1365123851	0.0061226402000000004	0.07698980650000001	-0.1236799405	0.0266775908	-0.0617040772	-0.0123145981	0.014215495	0.050336346100000005	0.043497971100000005	-0.10320832949999999	0.0397102353	-0.019467595900000002	-0.0086529455	0.044102307400000006	-0.0801730676	-0.0657804779	-0.07763132360000001	-0.0420270176	0.0624766846	0.0031586376	0.0063305270999999995	0.039478832799999995	0.0412082162	-0.026981415699999997	0.11411669890000001	0.0423922405	-0.0601912056	0.1172514418	-0.0365431033	0.026431611400000003	0.0903239025	0.1163153142	0.0385489581	-0.10142145970000001	-0.029738311	0.0477716071	-0.0223494014	-0.0338604982	0.0647597304	-0.014003556	-0.0429257491	-0.0764241113	0.015375043500000001	-0.0608425067	-0.029310122200000007	-0.0076413527	0.0969419991	-0.0412312773	0.038543854	-0.0392815164	-0.0176738912	-0.0686733068	0.010733815800000001	0.0202866402	0.0048717737	-0.0455080754	-0.035190653100000004	-0.0607018261	-0.06986170480000001	0.09356081779999999	0.0467085551	-0.0224061215	0.07572654919999999	0.038951027	0.0584615884	0.03401592	0.08618058519999999	-0.0442668555	-0.0835371038	-0.0926008423	-0.0177053474	-0.0550982553	0.028246909599999998	0.005433379300000001	0.023148902000000002	-0.0565955595	0.025072305099999997	0.0046853723	0.1064155799	0.0084282478	-0.1105385312	-0.0407626285	-0.0376810931	-0.1027498234	0.0928574427	0.1046002067	-0.047935095899999995	-0.0230240946	-0.0256944811	-0.06185700230000001	-0.0011849675	-0.0616493509	0.061073854000000004	0.08536213460000001	0.0187730984	-0.0042572228	-0.048858283200000005	-0.0396542434	-0.019305683400000002	0.1351324801	-0.0148709232	-0.07050145570000001	0.0163514282	0.045403234199999996	-0.08604200279999999	0.08666481599999999	0.0	-0.0484157	0.0008767000000000012	0.0023440800064899996	7.686028900000021e-07	0.0152501	0.058500699999999996	0.00023256555001000006	0.0034223319004900005	-0.256244	0.020436999999999983	0.0004176709689999993	0.06566098753600001	0.00485384	-0.0005108999999999999	2.35597627456e-05	2.610188099999999e-07	-0.000728848	4.294999999999972e-05	1.8447024999999762e-09	5.312194071040001e-07	-0.00127785	3.2259999999999884e-05	1.0407075999999926e-09	1.6329006225000004e-06	0.0	0.0	0.0	0.0	0.0	0.0	0.0	0.0	0.0	0.0	0.0	0.0
6628.926557481674	16.700754057976155	278.915186105007	43942667.30448584	5524.273799002655	-9.393637550555466	30517601.00634723	88.24042643120573	4754.9930309566	-3.67724658008865	22609958.72444583	13.522142410773668	4727.201254775833	8689.810630187483	1.040437	24.912357	0.08376659000000003	0.0488333	0.0577107628	0.005581810899999999	-0.0721355725	-0.041350158399999996	-0.0627768709	-0.0403234222	0.049828766399999995	0.0192941084	0.0629329564	-0.0437767687	0.06295362040000001	-0.0153763661	0.0207446689	-0.06441211849999999	0.0916464634	0.1043147442	0.0177230375	0.18720673940000002	0.0620770722	0.0404400725	0.0766706034	0.09712158470000001	-0.0032657478999999997	-0.0216226569	0.0565642519	-0.056774859500000004	0.0585920349	-0.046438076200000004	-0.0281543221	-0.0638806274	0.051626236500000006	0.0147185332	0.024620383500000002	-0.0831199861	-0.0188719168	0.007649355799999999	-0.0045394968	0.0158906096	-0.09231722029999999	-0.053191761	-0.0133571449	-0.022186868399999997	0.012898253600000001	-0.15420404699999998	0.033274070600000004	0.0592307438	-0.0211824973	-0.031557066099999996	0.0231624318	-0.0240701971	-0.0798969774	0.08674944679999999	-0.07745157230000001	-0.0007738444	-0.0354937829	-0.0025434405	0.0726953393	-0.041032865099999996	0.09865188119999999	0.1031908218	0.0649595111	0.1138540906	0.0446296889	-0.018230028500000002	0.033992670499999995	-0.0215880013	-0.046524742800000005	-0.0524943581	-0.045338571200000004	-0.0347680942	0.0020847047	-0.0201841771	-0.011190096399999998	-0.0117467512	-0.0509726745	0.019761649	0.014145765800000001	-0.0643605691	0.0084613629	0.1211580835	-0.0292201848	0.06836089599999999	0.025516405	-0.0013764842000000002	-0.052248818200000005	0.016203163200000002	0.0232260325	0.014838959399999999	-0.05019117	-0.0463982029	0.11311049349999999	0.0354530541	0.0420948272	-0.0407040235	0.1257122717	0.0087023272	0.0683026868	-0.0417119407	0.0464677597	-0.0687009492	0.0788487308	-0.027736985899999997	-0.08584970189999999	-0.0296430381	0.0973047774	-0.0042427411	-0.023420570699999997	0.0650735848	-0.0490928352	0.0816577993	0.005556674300000001	-0.0485711366	-0.0591066396	0.0560641028	0.0105139954	-0.0383199471	0.0725760452	0.0134756361	-0.0197192665	0.010773018600000002	-0.0530059653	0.0915841793	0.0476885201	0.0677314095	0.0382248818	-0.1152591784	0.0060324696	-0.10633982939999999	0.0214930344	-0.0381996907	0.0165657581	-0.0032444286	0.0359922477	-0.0633056603	-0.08597836029999999	0.0766814745	-0.0063656649	0.072682099	-0.0465078915	-0.0335112484	-0.0172618354	0.0017459182999999998	-0.09050786640000001	0.0681071955	-0.1379733819	0.0754759004	-0.048990432	-0.027641992400000003	0.006392839599999999	0.0682215958	0.010209924399999999	0.027190052599999997	0.012199104799999999	-0.0053690928	-0.0323184137	0.00889507	0.0292201279	-0.026051301800000003	-0.0357695212	-0.049437607800000005	-0.1040180536	0.0832708746	0.0345540584	0.0890612027	0.0754194741	-0.0358524186	-0.0311950965	-0.0251630388	-0.0214520243	0.031902698199999996	0.0177539108	-0.0341993416	-0.0121133481	0.08493789369999999	-0.0406455323	0.0108200218	-0.0140233653	-0.0601523717	-0.0647013072	0.060963144000000004	0.0858633872	-0.007149114200000002	0.10298947119999999	-0.05250629019999999	0.043430059900000005	0.025785141600000002	-0.06415087559999999	-0.0712759023	0.0187419216	0.0421924464	-0.08421557910000001	0.08849212990000001	0.0	-0.043511699999999986	0.0049040000000000064	0.0018932680368899996	2.4049216000000048e-05	0.00565416	-0.00959594	3.19695253056e-05	9.20820644836e-05	-0.295094	-0.03885	0.0015093224999999993	0.08708046883600001	0.00530447	0.0004506300000000005	2.8137401980900005e-05	2.0306739690000047e-07	-0.000704605	2.4243000000000076e-05	5.877230490000034e-10	4.96468206025e-07	-0.00114439	0.00013346000000000018	1.7811571600000043e-08	1.3096284720999995e-06	0.0	0.0	0.0	0.0	0.0	0.0	0.0	0.0	0.0	0.0	0.0	0.0
6638.091484614453	9.164927132779667	83.99588934916092	44064258.55811092	5516.2524801831905	-8.021318819464796	30429041.425127197	64.3415556035001	4757.91474062223	2.9217096656302597	22637752.679030307	8.536387370237286	4730.304381515191	8812.771353189035	1.002797	24.011099	0.08925363999999998	0.0749911	0.0187892427	-0.0237693134	-0.0545940626	-0.068061144	-0.09578858800000001	-0.0596020147	-0.025111428999999998	-0.016118002	-0.0382558823	0.036733998500000004	0.0777330412	0.031165446099999997	0.014713563999999997	-0.0006292792	0.030821744900000007	-0.0282238859	0.06152601	0.0255164319	-0.0287321831	-0.023130425299999997	0.08473193109999999	0.07405197919999999	0.0216084448	-0.022394231299999998	-0.0089005838	-0.07834355009999999	0.0718911002	-0.0976797109	-0.0030332109000000005	0.0221703302	0.040753164	-0.0437080825	0.012864306899999999	-0.0868677847	-0.0118131382	-0.07981145099999999	-0.0120286452	-0.0776436211	-0.0789399862	-0.0243138215	-0.0033852459	0.060526080999999995	0.062364106399999994	-0.0989877393	0.0009883371	0.103342271	0.0406672591	-0.0764295624	0.051427083600000006	-0.0078187181	0.0015588021	-0.0557600065	-0.0273698425	0.0590599005	0.0773989105	0.0836443194	0.08503984029999999	0.0508306766	0.0211861245	0.0511722244	0.0066941883	-0.133536329	-0.0580174684	-0.08775250550000001	-0.0162362252	-0.029474655099999997	0.014365468300000003	0.059805785300000004	-0.0577648929	0.0216359568	0.0936124499	0.0652531382	-0.0616815218	0.027500439300000002	0.0186719607	0.11280074720000001	-0.0044601523999999995	0.0348662491	-0.0102394948	0.12465379019999999	-0.0501718124	0.0191285009	-0.0156523483	-0.037603032	-0.1658097233	-0.019789077	-0.0791244741	-0.0812807193	0.0090478168	0.08053143019999999	-0.0256979612	-0.0828357049	0.0023654063	-0.0230266002	0.112842439	-0.0122365479	-0.027501901699999998	0.0446346095	0.0152361661	-0.008414924499999999	0.0098314602	-0.0891446206	-0.0033932314	-0.0467892143	0.0737553731	0.0222307898	-0.022931544300000002	-0.0041479938	-0.0697371645	0.11249046380000001	0.0285728561	-0.0034513228999999996	0.0225778742	0.043640627800000005	-0.0509755291	-0.014174253700000004	0.0822917425	-0.0094667928	-0.0980490093	-0.0288273288	0.0640250629	0.1042531637	0.0439194419	0.0350249221	-0.0687898354	-0.0450674219	-0.0183140602	-0.0997834445	0.0657260343	-0.0834486074	0.0597177563	-0.050290347699999995	0.0533911037	-0.0499414575	0.0322686871	-0.019969783799999998	-0.056390532300000004	-0.016487089099999998	-0.0636543566	-0.1150617151	0.0590722979	-0.0318042716	-0.0371092863	0.006417689	0.1006095848	-0.0954568142	-0.1426643626	0.0063652408	0.0026241803000000004	-0.0182730855	0.0332738302	0.0300370545	-0.08628616609999999	-0.076550973	0.0180785044	0.050886395300000005	0.0086016957	-0.0330854437	-0.008613518399999999	-0.0946903159	0.037064039	0.0709768786	0.0294200603	0.07698345599999999	-0.021468541	-0.0352798739	-0.0417347765	-0.0800128655	0.015695328600000003	0.1194002249	0.006298527	0.1120553174	0.1113524145	0.0100252324	-0.038287322900000004	0.0064448685	0.1355035617	-0.049240142199999996	-0.0065185688	0.00037970410000000016	-0.0868320029	0.055737816100000004	-0.025525113	0.0212515021	0.0419075331	0.0247788238	-0.1056489652	-0.0720378251	0.021119243	0.0389149436	-0.08215244690000001	0.08993085640000001	0.0	-0.036164	0.007347699999999993	0.0013078348960000002	5.3988695289999876e-05	0.07953450000000001	0.07388034	0.006325736690250002	0.0054583046385156	-0.295163	-6.899999999998574e-05	4.7609999999980326e-09	0.08712119656900001	0.00517267	-0.0001318000000000005	2.67565149289e-05	1.737124000000013e-08	-0.000681493	2.3111999999999937e-05	5.341645439999972e-10	4.6443270904899997e-07	-0.0011486100000000002	-4.2200000000003086e-06	1.7808400000002606e-11	1.3193049321000004e-06	0.0	0.0	0.0	0.0	0.0	0.0	0.0	0.0	0.0	0.0	0.0	0.0
6636.127451162705	-1.9640334517480367	3.857427399585308	44038187.54807522	5503.1657107942465	-13.086769388944047	30284832.840461545	171.263533039403	4762.435688856574	4.5209482343443606	22680793.690494794	20.438972937621386	4734.09707967008	8875.186541040044	1.044819	25.017281	0.051344750000000015	0.027588	0.013661078500000002	-0.0070961723	0.0280997491	0.0193712072	-0.049711837099999996	0.0318338051	0.0288476432	0.1020705985	0.048890799299999996	0.033042027	0.1380642385	0.1007830172	-0.0096531631	-0.0467839679	0.0669392265	-0.030929265	0.0362895556	-0.0856180177	-0.0672958801	0.0486156503	0.06370304759999999	0.040825156200000004	0.0061302667	-0.0002235538	-0.0183392331	0.0522135406	0.0300290709	-0.1698288189	-0.038501485099999996	-0.0006055508999999999	-0.0319404781	-0.0367097538	-0.1499455647	-0.0144115552	0.04317148269999999	-0.0428735643	0.0015866615	-0.045589105899999996	0.1033133477	-0.0136780351	0.0065681736	0.0589167622	-0.0524411339	0.0092316289	0.0710601523	-0.0255791673	0.049762104800000005	-0.0894283416	0.0297022058	-0.0725892489	-0.08414533199999999	0.0251869011	-0.0329829589	0.0582047191	0.045338091	-0.10554302939999999	0.0503546722	-0.0838122429	-0.011433298500000001	0.0590605479	-0.010368895	0.0078524121	-0.11523514730000001	0.0622934044	0.016531631	0.0100252139	-0.010472367199999999	0.0336524473	0.0161299952	-0.0714347504	-0.1075786887	0.10062842529999999	0.0051902484999999995	-0.074560044	0.1264017661	-0.045755807999999995	0.0537342345	0.0146748292	-0.0560471787	0.0114404074	-0.0373587618	-0.056073147000000004	-0.026082469599999998	-0.048513277800000004	0.08846397539999999	0.0487757611	0.0605583962	-0.0488038501	0.0074355077	-0.0186056253	-0.0456360609	-0.049943727300000004	-0.1078574351	-0.10500242580000001	-0.0769066032	-0.0242774566	-0.0536133388	0.0293714116	0.0697650898	-0.044974832199999995	-0.0346625342	-0.0575424323	0.026395697200000002	0.0825688354	0.0416072019	0.011049383700000002	0.0026726066	-0.00121947	0.0717396574	0.1138841125	0.11069506970000001	-0.041651585299999995	0.0252771775	-0.0249129152	-0.045549294299999994	0.1545204947	0.027395819	-0.0477436623	-0.0327384561	-0.015213793100000001	0.050779035	-0.08320701650000001	0.0007660649000000001	0.013379522	-0.0712810059	-0.065487008	0.046665470599999995	0.035742485299999995	0.013092106000000001	0.0340287321	0.0984540303	-0.0165542663	0.0172869269	-0.0350181264	-0.0998630795	-0.0066824055	-0.035182994100000003	0.0346255097	0.0809435484	-0.1079045993	-0.098240939	-0.009775994100000001	-0.0122506407	0.025517867000000003	0.0290478485	0.0082749648	0.0074530353	-0.0954190395	0.0239179883	0.016993834	-0.042593672	0.0696012016	0.0099030676	0.0674090932	0.1145881039	0.0047159509	0.0041196524	-0.1435153598	-0.065834591	0.09887798939999999	0.073585218	0.0416914049	0.0236705883	-0.002107324	-0.0799175313	-0.023106179900000003	0.0072899064	0.032857773199999996	-0.035325124	-0.09971346869999999	0.0578445874	-0.0931702012	0.0102794172	0.0014072195	0.052018485999999996	-0.052929244900000005	0.0570839753	0.1381558157	0.037555366800000003	-0.0531440244	-0.0505683126	0.0082167337	0.0112542519	0.09170143619999999	-0.0058611246	0.0319817216	-0.0043363339	-0.07278709	0.0234817216	0.0355759084	-0.0798584053	0.09097467779999999	0.0	-0.0435784	-0.0074143999999999955	0.00189907694656	5.497332735999992e-05	0.101512	0.0219775	0.010304686144000002	0.0004830105062499999	-0.295159	4.000000000004e-06	1.6000000000032004e-11	0.087118835281	0.00495671	-0.00021596000000000026	2.4568974024099995e-05	4.663872160000012e-08	-0.00079887	-0.00011737700000000001	1.3777360129e-08	6.381932769000001e-07	-0.00125425	-0.00010563999999999971	1.1159809599999943e-08	1.5731430625e-06	0.0	0.0	0.0	0.0	0.0	0.0	0.0	0.0	0.0	0.0	0.0	0.0
6644.522907134728	8.395455972022319	70.48368097816521	44149684.66343813	5533.092343698672	29.926632904425787	30615110.883896865	895.6033569962602	4766.454559728537	4.018870871962463	22719089.06995696	16.151323085508327	4738.34303233015	8800.042464958817	0.935375	22.396746	0.07690535000000001	0.045024	0.027943776899999998	0.0195629374	-0.0358016201	-0.014514608899999996	-0.0040599186	-0.0355211805	0.0086702962	0.054403527699999996	0.0676896218	-0.0604323506	0.0162890594	0.1140391432	0.053458606299999996	0.0093504232	0.007028978199999999	-0.09458605689999999	-0.042374322400000004	-0.020474023	-0.08873700710000001	0.043324712599999995	-0.0803075234	0.0120818252	-0.025107540299999998	-0.010483651	-0.0336851027	-0.0366848926	0.0549194743	-0.1154757059	-0.0969968369	-0.0211513752	-0.0398546375	-0.0339704411	-0.0961788764	-0.0241806443	-0.0045953908	-0.0705393684	-0.0083264029	-0.121686305	0.102170376	-0.0353522908	-0.0291516885	0.0665635741	-0.08489121529999999	-0.0657021439	0.0062985911	-0.0611277372	-0.0345120512	0.11536745609999999	-0.0397340186	0.0689817071	0.023282217400000003	-0.0051721174	0.09275151039999999	0.031759963700000005	-0.0118743142	0.1071045213	0.0545423288	0.0078410317	-0.09626153119999999	-0.0818302444	-0.022250160800000002	-0.054934278200000006	-0.1148793988	0.047606179000000005	-0.14928574890000001	-0.1259171886	0.0505521624	0.025038893399999998	-0.06752151099999999	-0.0080356984	0.0442394639	-0.0240244116	-0.08812867880000001	0.059490417999999996	0.0516239423	0.0029435221999999997	-0.09226968519999999	-0.09584012160000001	-0.0846210327	0.0005117944999999999	0.0339512598	-0.0205688539	-0.0151110096	-0.028668719	0.1342943415	-0.0812535216	-0.0764781621	0.0611629928	0.0897747084	0.0553094866	0.0616687567	-0.15244915109999999	-0.028950173	-0.05853193070000001	-0.1122349857	-0.0641189795	0.1089925013	0.0448698955	-0.05847488	-0.0489326454	0.058512073	0.0366565743	-0.009725934200000001	0.0769314679	0.012275403700000001	-0.0214257098	-0.0070957632999999985	-0.020968916599999998	-0.0165065946	0.1163209301	0.0577426453	-0.1047706353	0.0167867132	-0.0340586622	-0.0369494138	0.0915602128	0.0295091918	-0.0064488089	-0.0527071146	-0.021955122799999997	0.11755612650000001	-0.0687405521	0.0026202562	0.0382662218	-0.0470159031	-0.0702882109	0.0957208701	-0.0301451578	-0.0952156852	0.0246406185	-0.0939675208	0.0256475334	-0.0125007491	0.0642444023	0.06316253990000001	-0.0386232988	0.0661018245	0.0399500662	-0.1166784134	-0.0098433724	-0.0348846045	-0.0191211333	0.0943561337	-0.0587126121	0.107065946	-0.1087242476	0.027906990299999997	-0.0160575401	0.1462349555	0.0183245459	0.0884746376	0.0414895636	-0.029233462400000007	-0.0402389988	0.035745001	0.1210960275	-0.0314359347	0.0178707379	0.0820675806	0.028112621299999998	-0.0023123697	-0.0593188942	0.108375099	-0.009502971800000001	0.011240046799999999	0.11090672480000001	0.0876662814	0.0888404637	0.1353884834	-0.052030747300000006	-0.054607899	-0.0067792476	0.0117561481	0.0345981546	0.025760695899999998	0.1362206572	0.1135378843	0.11147030890000001	0.0334507811	0.08737257609999999	-0.0851246875	-0.10021273779999999	-0.0203389732	0.0147444198	0.0250553101	-0.051695382699999994	0.026695889599999998	-0.0735235656	0.0258276969	0.0321806203	-0.0773399021	0.09161901039999999	0.0	-0.0435401	3.829999999999806e-05	0.00189574030801	1.4668899999998512e-09	0.07588309999999998	-0.025628900000000024	0.005758244865609997	0.0006568405152100013	-0.319619	-0.024459999999999985	0.0005982915999999993	0.10215630516100001	0.00543043	0.0004737200000000004	2.94895699849e-05	2.2441063840000037e-07	-0.000788947	9.923000000000006e-06	9.846592900000012e-11	6.22437368809e-07	-0.00130617	-5.192e-05	2.6956864000000003e-09	1.7060800688999996e-06	0.0	0.0	0.0	0.0	0.0	0.0	0.0	0.0	0.0	0.0	0.0	0.0
6665.55729840232	21.034391267592586	442.44561599817513	44429654.09828444	5527.145174937519	-5.947168761153081	30549333.7848351	35.36881627363505	4774.172971712491	7.718411983953956	22792727.56383008	59.573883554044045	4745.237749834939	8927.428262303785	0.868117	20.786308	0.04581920000000005	0.0238648	-0.0095199663	-0.0112085311	-0.056720951900000004	0.0112068062	0.0077412381000000014	-0.07445867860000001	-0.0498050243	-0.012371753000000001	-0.0355028031	-0.0325860934	0.0658129806	0.0532703386	-0.020092818999999998	0.0014200864000000002	0.0639110933	-0.0615675714	-0.1313683175	0.020962766100000002	-0.016693624599999998	-0.0971782453	-0.06666569509999999	-0.0470058368	0.0127949939	-0.0090399134	-0.045772819400000005	-0.0313181604	0.0187155439	-0.019246361899999998	-0.10679437369999999	-0.0142138097	-0.0201319269	-0.0420351486	-0.0373270359	-0.09088673470000001	-0.0194717502	-0.025602866499999998	0.0299925725	-0.046847389	0.0084078001	-0.0645864473	-0.0638838347	0.065226844	-0.0130222203	-0.0484466069	0.0039077508	-0.0480843887	0.09344403009999999	-0.0265077094	-0.0451325782	0.0462101084	-0.078736392	-0.0569092334	-0.0596488592	0.029174804199999998	0.0124008508	-0.0033559667	0.0154031923	-0.021017329700000004	-0.0400565726	-0.0647611793	0.0140692785	0.0656249966	0.0280661523	0.0725497956	0.182688402	0.0070641422	-0.0811823985	-0.044143731	-0.0047438349	-0.0452922841	0.0302929661	0.0770471962	0.0524858627	-0.0153185573	0.0092932393	-0.0857763793	0.0273337199	-0.0018883535000000001	0.0607047356	-0.007566644	0.1006062739	-0.0189192833	-0.0018278079999999998	0.013092836100000001	0.0297198446	-0.0185141404	-0.0648897669	-0.09069367140000001	0.0537326572	0.0679504849	0.0317397757	0.007830772199999999	-0.0516406167	-0.08523671099999999	-0.0732426518	0.12014491449999999	-0.0723319806	-0.0547463995	-0.0696889183	0.015929196399999998	-0.06475384969999999	-0.0968469699	0.011991662299999999	0.0868679732	-0.0457529512	0.0160495899	-0.0054162129	-0.038611451	-0.0224359612	0.049221536600000004	0.010916085700000001	-0.108666949	0.0137258413	-0.0183258405	-0.035724473	0.0381525301	0.0979131385	0.014696984299999999	-0.0053512230000000004	-0.0534477008	0.0357369632	-0.0043730856	0.0523236679	0.044956108099999996	-0.0687743341	0.026582889	0.045856123799999995	-0.031490402599999995	-0.0130808095	0.08854645400000001	0.06855160490000001	0.06389951440000001	0.1114847875	-0.0391641632	0.004064249	-0.0012895609	-0.0629285495	0.012033763400000001	-0.0371019697	-0.009300721999999999	0.0035749575	-0.005121799099999999	0.0608294169	0.0410946575	-0.030946501	0.1479478694	0.11104034480000001	0.025766284100000002	-0.1028168833	0.0468643944	-0.0236376467	0.0723037145	-0.0105419171	-0.0331208982	0.0549215214	-0.08453406349999999	-0.010985053600000001	-0.0045324236	-0.0387891947	0.029934479	-0.0614093524	-0.0156939498	-0.1161414748	-0.0168583242	-0.0204095452	0.0510455313	0.06312805120000001	0.032178137	0.0399682437	0.0543439118	0.038540725299999995	-0.018906084099999998	0.0438274788	-0.0014131375	0.053674285	0.0529036962	-0.024656136000000002	0.1315455019	-0.07380300990000001	-0.15033329539999998	0.0743255738	-0.0199394859	-0.1086802282	0.0398608601	0.0248539366	0.0678254425	0.0648750692	-0.07424712230000001	0.0281555204	0.028734448	-0.0746040162	0.09186102480000001	0.0	-0.033149	0.0103911	0.001098856201	0.00010797495921	0.0937189	0.017835800000000013	0.008783232217209998	0.00031811576164000047	-0.320294	-0.0006750000000000367	4.556250000000495e-07	0.102588246436	0.00533289	-9.754000000000013e-05	2.84397157521e-05	9.514051600000023e-09	-0.000699301	8.964599999999997e-05	8.036405315999996e-09	4.89021888601e-07	-0.00115501	0.00015116	2.2849345600000003e-08	1.3340481001e-06	0.0	0.0	0.0	0.0	0.0	0.0	0.0	0.0	0.0	0.0	0.0	0.0
6677.306268492068	11.748970089747672	138.03829816978543	44586419.00324346	5550.589066825262	23.44389188774312	30809038.988760136	549.6160668441877	4782.421610720319	8.248639007828388	22871556.46268473	68.04004548146807	4753.849031738657	9078.264887098101	1.060806	25.400074	0.15248599999999998	0.08129419999999997	-0.0506231675	-7.06616e-05	-0.0785958466	0.0153444497	0.1062867009	-0.0136857656	-0.10756896869999999	-0.0582395645	0.004431728	0.048792387400000005	-0.016976659499999998	0.0536800712	0.058503248099999995	0.0601395024	0.10766049779999999	-0.024627580899999998	-0.0070133699	0.0042343919	0.0046792092	0.031419098300000003	-0.0829598773	-0.108185319	0.025263237799999998	-0.033900806400000004	-0.001255177	-0.0444822195	0.0455112975	0.031211363500000002	-0.0288574557	0.0727599698	-0.0657188355	0.0262325907	-0.0133216157	-0.079497266	-0.0771652588	0.0698243803	0.0754343482	0.0096852014	-0.0375586893	-0.0287576152	-0.08818810560000001	0.0070641741	-0.0945276001	0.0517652617	-0.0149141299	0.0043641942	0.0683865917	0.0186379881	0.0360200061	0.004975213	-0.0374519827	-0.0566982021	-0.0482273848	0.0040165852000000005	0.0164297595	-0.037059766200000004	0.1083045775	-0.001266653	-0.0434474513	0.1235900575	-0.0956851992	-0.10145385359999999	0.1634318472	-0.1185264779	-0.1072157358	0.029315411	0.05024053269999999	0.1074168943	0.0663076718	-0.025765105099999998	-0.0528489026	-0.0951623424	0.0090830484	0.0026656604	0.0844165967	-0.021793855299999998	-0.023510345800000002	-0.08249263009999999	-0.111465805	-0.008641664399999999	-0.0713369103	-0.1027772076	-0.12875703189999999	0.08175406639999999	-0.0166422937	0.0293854222	-0.10502862539999999	0.030536353500000002	-0.057640853099999986	-0.004250647	0.0316906454	-0.0497546582	0.0070456418	0.1494678468	0.0015739010999999998	-0.0512457407	0.0603900483	0.015613539899999999	-0.1235533427	0.0080150396	-0.052794849500000005	0.0327115144	-0.046290128099999994	0.0865288084	-0.10723978449999999	0.0271182446	-0.0339544914	-0.008257114599999999	-0.049583654299999995	0.0200614978	-0.0558064682	-0.0091530411	0.08309681370000001	-0.0703484792	0.0030679403000000004	0.0063289795	0.0942054701	0.0695540283	0.09049845449999999	-0.0253693798	-0.0149811449	0.0106693424	0.0028571219	0.0689033044	0.00828785	0.0765161256	0.11302161720000001	0.047200834299999994	0.0503693355	0.057719661299999996	-0.0035518442	-0.0680469581	0.0500307588	-0.0741643321	0.0343051414	-0.0393413729	-0.0177438477	0.0410157717	0.012018196399999998	-0.0760958512	0.0136229204	0.1541613343	-0.0836578862	-0.0648171583	-0.0356658563	-0.1050087972	-0.10520203560000001	0.1027251943	0.0042467394	-0.1165201583	-0.0895937228	0.0097292988	0.05621146900000002	0.0678117595	-0.0360759083	0.0337187424	-0.0185980138	-0.024706579399999998	0.0215295892	0.1303690043	0.033408421699999996	-0.1159389844	0.17246961289999999	0.0697173284	-0.0696726796	0.05329150269999999	0.0690563	-0.0620971274	0.0096613334	0.0432844701	0.048281753899999995	0.0711442601	-0.0496998939	-0.0831605824	0.0121462254	0.0631144248	-0.0401852222	-0.114137788	0.0289290281	0.0779161886	-0.0253443242	-0.0802052113	-0.014119113300000001	-0.029186791	-0.0434507482	0.0602882481	0.0787371677	-0.074957633	0.030463555899999998	0.0252428406	-0.0716584376	0.0916996582	0.0	-0.0264103	0.006738699999999997	0.0006975039460900001	4.5410077689999955e-05	0.0359024	-0.057816499999999986	0.0012889823257599999	0.003342747672249999	-0.324357	-0.004062999999999982	1.6507968999999865e-05	0.105207463449	0.00431436	-0.00101853	1.86137022096e-05	1.0374033609000002e-06	-0.000103745	0.000595556	3.5468694913600004e-07	1.0763025025e-08	-0.00109174	6.327000000000004e-05	4.0030929000000035e-09	1.1918962275999998e-06	0.0	0.0	0.0	0.0	0.0	0.0	0.0	0.0	0.0	0.0	0.0	0.0
6674.4984108282115	-2.807857663856339	7.884064660476778	44548929.03614832	5519.791617963371	-30.797448861891095	30468099.50573869	948.4828564007972	4774.177250461038	-8.244360259281166	22792768.41881972	67.96947608481462	4745.881253849015	9156.859423746855	1.081191	25.888184	0.10946565	0.066497	-0.0635898472	0.0557325159	-0.026991281800000003	0.0537165116	0.107669015	0.0583304775	-0.0263372248	-0.0404487081	-0.0274862175	0.0987842782	-0.1198217258	0.0093768133	0.15074953300000002	-0.13787169330000001	-0.0078709626	0.0907797599	0.0344697053	0.0110312875	-0.0264142292	0.017387088300000002	-0.050878788200000004	-0.0637757731	-0.0273153648	0.010720019099999999	-0.0666144082	-0.0049637376	-0.0340289446	0.026748303799999998	0.0631196086	0.0830550206	-0.0594537971	0.0035302767	-0.036022223799999996	0.035688415099999996	0.078445166	0.0915048913	0.14562414	-0.0658320197	0.0645407104	-0.0051655544	-0.10677484820000001	-0.025836229300000003	-0.076857222	-0.0491684258	-0.05297915	-0.0017067476999999998	0.0503605362	0.0584700179	0.0011508406	0.0738387294	-0.1211473131	0.1150487353	0.0453637093	0.033608252400000004	-0.0023155658999999998	-0.043988271100000004	0.1043448075	-0.0873127583	-0.078716386	-0.0068338109	-0.0622134885	0.025028573999999998	0.0289219046	-0.0769242069	-0.0115656222	0.024842809900000002	0.10945519	-0.0256266961	-0.1165298164	-0.0019457170999999998	-0.0009398421	-0.069896408	-0.1564148543	-0.0563019184	0.0123750305	0.0262100998	-0.0362965562	0.0753077654	0.0152143302	-0.1251559218	0.0459488888	0.0014907657999999999	0.13301411429999999	0.0714673054	-0.017617558300000002	0.0035879428999999997	0.0859570987	-0.098182536	-0.0546730608	0.0304037318	-0.0514584549	-0.0057848636	-0.0018243982000000001	0.039226353900000004	0.0726404829	0.058716522800000004	-0.07406850429999999	0.0480655404	-0.10499462949999999	-0.10532165140000001	-0.0070264857	0.028938215899999998	0.1251348685	-0.09200798449999999	-0.0634285559	-0.028014933399999997	0.0134468429	-0.0823112628	-0.0043710138	-0.0407076216	-0.0040830276	0.08490460640000001	0.0615323778	-0.0719798063	-0.0123698259	0.036793623500000004	-0.022672232	-0.057105844	0.17889072469999998	-0.0817610322	0.0543319277	-0.035480355299999995	-0.0587325496	0.0830542071	0.0187772669	-0.0052517145999999995	0.0746670344	-0.0523259675	0.020047080800000002	0.0757604479	-0.0574373191	-0.0088180667	0.0830160618	0.0627301698	-0.1017145645	0.042905829400000005	0.07120162299999999	0.0830765494	-0.052283343600000004	-0.08282311860000001	-0.0797452757	0.0682705627	0.0459572221	-0.0142939607	-0.025374400699999997	0.0760166425	-0.025217787400000004	0.0186534808	0.0202560197	-0.11600708400000001	0.0556226726	0.0150330002	0.0377425017	0.0164470874	0.0069272870999999995	0.2004338243	0.0855239807	0.012339443500000002	0.0705204474	-0.0398294941	0.027798108300000002	-0.0511633372	-0.0720889861	-0.1690072985	0.0225721607	0.0106862199	-0.06234438480000001	0.0336409071	-0.1144600452	0.052032329	0.0761478795	0.030531886299999998	0.0138748156	-0.0808712288	-0.0013552219	-0.0458361013	-0.0041004236999999995	-0.070259128	-0.055698742300000006	-0.0577506421	-0.026697054700000004	-0.11130802960000001	-0.030527609700000007	0.0923414417	-0.0171149103	-0.0907052483	-0.0818095342	-0.0756549729	0.0327501813	0.0217113192	-0.0685114455	0.0911356193	0.0	-0.0345598	-0.0081495	0.00119437977604	6.641435025000001e-05	0.0975974	0.061694999999999986	0.009525252486759998	0.0038062730249999984	-0.336488	-0.012131000000000005	0.00014716116100000007	0.113224174144	0.00402837	-0.00028598999999999986	1.62277648569e-05	8.179028009999992e-08	-0.000293158	-0.00018941299999999998	3.5877284569e-08	8.5941612964e-08	-0.00116614	-7.440000000000007e-05	5.535360000000011e-09	1.3598824995999998e-06	0.0	0.0	0.0	0.0	0.0	0.0	0.0	0.0	0.0	0.0	0.0	0.0
6683.757093038844	9.258682210632287	85.72319627747878	44672608.87874705	5536.004603011821	16.21298504844981	30647346.96456807	262.860884181257	4771.131569686195	-3.0456807748432766	22763696.45525625	9.276171382249943	4742.891191573322	9150.635720226976	1.140937	27.318737	0.1404374	0.0954047	-0.06315641309999999	0.0466296504	-0.0232814073	0.1431043481	0.011432808700000002	-0.019430558100000002	0.1160798348	0.004289282	-0.0150249552	-0.0227080504	-0.056494565	-0.0167218915	0.0375708376	0.0559812835	-0.040849204	-0.0016406304999999999	-0.0774316981	-0.10314809550000001	0.007845812800000001	0.0785865042	-0.06451009519999999	-0.0278449168	-0.07006006440000001	0.0131231519	0.0044327329999999995	0.12079254769999999	0.0134165082	0.11617046800000001	0.022092278599999998	0.010532059199999999	-0.04531417	-0.0134023501	-0.0618479903	0.0363233584	0.0185972429	0.1260955601	0.1511095826	-0.0484582157	-0.042120781399999994	-0.0360411312	0.0247716743	0.0483208647	-0.0565045313	0.0503121413	-0.046465785700000005	0.0125581065	0.0015210645	0.024775882599999997	-0.035172969500000005	-0.0073575343	0.0419882378	0.0110780782	0.1791734811	-0.0011401801	-0.13194219470000002	-0.0726906348	-0.0037917808	-0.0164667243	-0.0071098596	0.01552712	-0.0031307021999999996	0.0075594255	0.0811254672	-0.0711693276	0.0329711515	-0.067807918	-0.0445344122	0.095923977	-0.0329222454	-0.0138642015	0.0756434275	-0.028719955499999998	-0.0863213311	-0.0154147056	-0.08419990279999999	-0.0087389426	0.051522777699999994	0.0221132205	0.027523399	0.0969413276	-0.0405013339	0.0156633635	-0.006154113399999999	0.0251010648	-0.1077767097	-0.09247441890000001	0.0340353839	0.0586661958	-0.0262328787	-0.0476392877	0.0228714911	-0.0029816181	0.0745016899	0.0334377021	-0.056559410899999996	0.0904776816	0.10848063919999999	-0.0771283624	-0.1133349003	-0.006777152	-0.1066311291	0.0094070285	-0.0364452478	-0.07190481929999999	-0.0268749571	-0.0676944847	0.0156146645	0.005304086800000001	0.1201548824	-0.0681051755	-0.10074897	0.017982327	0.0090080514	-0.0621611287	-0.0010371604	0.0660234222	-0.0242176652	-0.0087045977	0.17589455980000002	-0.074493537	0.0322945788	0.052380219699999994	0.06441596	-0.038893470699999995	-0.0095955585	0.032080097099999996	0.0677240899	0.0289469189	0.0149880673	-0.027997296	-0.0336483436	0.0219327266	-0.065484712	0.054513384500000005	0.0408197554	-0.08249551349999999	0.163065653	0.0941341119	0.0248422223	0.026601288799999998	0.0033560238	0.0335320099	-0.0259722584	-0.0040275665	-0.005369966800000001	0.0327718178	-0.043056896100000006	0.0521878222	0.0234261418	0.0158441273	-0.0754748464	0.0626487696	-0.0426110815	-0.07767725389999999	-0.0140664262	0.0412622427	0.10777165679999999	0.0740626687	-0.0546528647	-0.067619153	-0.0869689776	0.0651542621	-0.0096942027	0.0842137484	0.021293950699999998	-0.0649364554	0.0058342716000000005	0.0237149215	-0.0338110592	0.06166529940000001	-0.08744171099999999	0.0781081781	-0.076211609	-0.06356501440000001	-0.044637489100000004	0.0629500345	-0.0856328907	-0.0089783206	-0.058923969699999995	0.08296116	0.0727824658	-0.0690372031	-0.0386470201	-0.0420487451	-0.08504527070000001	0.0652463653	-0.0099006404	-0.07633901950000001	0.0350137895	0.0181454677	-0.0651718852	0.0901713849	0.0	-0.0440416	-0.0094818	0.0019396625305599998	8.990453123999997e-05	0.0132528	-0.08434459999999999	0.00017563670783999998	0.007114011549159999	-0.33721	-0.0007220000000000004	5.212840000000007e-07	0.1137105841	0.00474283	0.0007144600000000001	2.24944364089e-05	5.104530916000001e-07	-0.000293158	0.0	0.0	8.5941612964e-08	-0.00136946	-0.0002033200000000001	4.133902240000005e-08	1.8754206916000003e-06	0.0	0.0	0.0	0.0	0.0	0.0	0.0	0.0	0.0	0.0	0.0	0.0
6699.220066233448	15.462973194604276	239.10354001705034	44879549.49582488	5532.864759559555	-3.1398434522661773	30612592.44757601	9.858616904738787	4775.444435622785	4.312865936590242	22804869.55772062	18.600812587000426	4747.490622948403	9259.301949490902	1.173856	28.106951	0.09606745	0.0483509	-0.1000084648	0.0321101317	-0.0613362113	-0.023514222999999997	0.0556783689	-0.0357352732	0.0022144278	-0.08923186300000001	0.1011646431	-0.0224210057	-0.0210965566	-0.0670316529	0.0045105118	0.037545292	-0.015241743899999997	0.0554339679	0.024531783199999997	-0.047661906600000005	0.0940454826	-0.049480513200000006	0.021988662599999997	-0.0504523089	-0.08432935470000001	-0.0592274599	-0.0037006492	-0.0292851127	0.0596021299	0.1563802169	0.06011963820000001	0.0693794539	-0.0076878963	-0.057703955599999995	-0.011510868300000001	0.0351578382	0.0400086221	-0.0278389569	0.0383662441	-0.0295698228	-0.1014994599	0.11840258039999994	-0.0017286087	-0.0654841963	-0.0420551216	-0.0908529493	-0.0246747613	0.0287379379	-0.052683211900000006	0.014859916200000003	-0.1029050224	-0.030816613700000002	0.016751783	0.0053666116000000005	0.0887352665	-0.0763678424	0.0928383467	0.0305541392	-0.0448377206	0.0034606567999999997	0.0193501745	-0.045795482	0.0011578753	0.028692124700000002	-0.0793381313	0.0273256472	0.0560750125	0.0494305198	-0.029800948100000002	0.0214614162	0.0324824698	0.04657234440000002	-0.0128676088	-0.052409076500000006	0.0028671505	0.0426340565	-0.10440618289999999	0.0949027219	0.0626364373	0.072908125	-0.0271165921	0.0214233129	0.0346926043	0.0519239112	0.0031226406	-0.0448017487	0.019483406	0.0210021211	-0.0698024984	0.055437940899999996	-0.045317622800000006	-0.0498208375	0.028671180499999997	0.0610921708	-0.1489143141	-0.08834431960000001	0.0922460532	-0.0384547793	-0.0369704238	-0.1398534563	0.0478721014	0.00033342720000000003	-0.045709655	0.0299972211	-0.0625571418	-0.1186579749	-0.05000448440000002	-0.08548815650000001	-0.0586695638	-0.0124176527	-0.0397870787	-0.0470872043	-0.16038716460000002	0.0524910024	0.021344378900000002	-0.0223881467	-0.0563237887	0.0143088706	-0.039233827	-0.026596807799999997	-0.0187340566	-0.035678602999999996	0.0178137519	0.1326851432	-0.09914942560000001	-0.0293366972	0.08899375359999999	-0.027533188700000003	0.037503576600000005	-0.057486801399999995	-0.0041194840000000005	-0.0399325993	-0.05972295740000001	0.1191760816	-0.0137399562	0.0147940233	-0.0223900808	-0.0192446883	0.0603946585	-0.1375729722	-0.0052254638	-0.018027238600000002	0.0178915116	-0.055495241699999996	0.0583860094	-0.0272359349	0.008475050100000001	0.0180216853	0.0124090659	-0.07366849519999999	-0.029905519	0.0470764211	-0.0370871982	-0.0414499542	-0.014262256999999999	-0.0065480433	-0.0743870791	-0.011255871899999999	0.028870429700000002	0.031755454	-0.0444333919	-0.12157382359999999	0.0852093261	0.0863439871	0.002486333	0.014983937099999999	0.00019088729999999998	0.017594253600000002	-0.0189345944	-0.053985534800000005	0.073710365	0.0026298111999999998	0.031048206499999998	-0.0101766575	-0.0374016702	0.1539141639	0.1088255393	-0.09214772789999999	-0.0148324102	0.0058073077	-0.0163603075	-0.0207040366	0.11970611119999999	0.0476894234	-0.0072399904	-0.0872386754	-0.0725073305	0.048386197699999994	-0.12511569	-0.0770096525	0.0372527898	0.0145509244	-0.0616491434	0.0888111892	0.0	-0.0298564	0.0141852	0.0008914046209600002	0.00020121989904	-0.018602200000000003	-0.031855	0.00034604184484000015	0.001014741025	-0.353763	-0.016552999999999984	0.0002740018089999995	0.125148260169	0.00522812	0.0004852900000000002	2.7333238734400007e-05	2.355063841000002e-07	-0.00017518299999999998	0.00011797500000000005	1.3918100625000009e-08	3.068908348899999e-08	-0.0013032400000000006	6.621999999999943e-05	4.385088399999925e-09	1.6984344976000015e-06	0.0	0.0	0.0	0.0	0.0	0.0	0.0	0.0	0.0	0.0	0.0	0.0
6685.016979762438	-14.203086471010465	201.72766530300046	44689452.019712105	5524.524550389469	-8.340209170085473	30520371.50785597	69.5590890007778	4774.627982840856	-0.8164527819290015	22797072.37452694	0.6665951451196057	4746.857639134179	9282.28340408596	1.03385	24.754641	0.04802031999999997	0.0295936	-0.1020865714	0.0166395793	-0.023544721499999997	-0.046069943200000005	-0.0114672129	0.0435917033	-0.022413375299999996	-0.1195881835	-0.047022738099999996	0.0565993392	0.10065418039999999	-0.0618233246	-0.0073127497	0.0299719077	-0.038086458999999996	0.0384543139	-0.0331983219	-0.0042399552	-0.0340784087	0.0484002412	-0.0472722095	-0.0573643937	-0.026825353399999998	-0.0354896877	0.0253915502	-0.0816311955	0.054518869500000004	-0.0045037001	0.0933113659	-0.0345292118	0.0016052345	-0.095483297	0.0143938121	-0.1177370164	0.0568186702	0.026605900800000002	-0.0638367585	0.0671285293	0.0060856792	0.0845749837	0.0224353293	-0.0059479704000000005	0.06986045860000001	0.0023231434	-0.0152858681	0.0554869979	-0.053401377400000005	-0.090430265	0.0145183651	0.0066283887	-0.1043072956	0.0810412317	0.012418201799999999	0.0065635484999999995	-0.1530725434	-0.11445930650000001	-0.0926588126	0.0832426271	0.0798541039	-0.0058808897	0.1101767042	-0.0559541081	-0.0075910163000000004	-0.05916836280000001	0.0399137743	0.042927756500000004	0.024658278399999997	-0.043816988	0.1250671237	-0.0626779947	-0.066743864	-0.1103261516	-0.018564831299999997	-0.0298034269	0.010326065	-0.0096220844	-0.0335393678	-0.0610670899	0.0235180802	0.0868353252	-0.0254467012	-0.048892269	-0.0429295918	0.0332790159	0.0507337688	-0.060685204699999995	-0.0007360447000000001	0.0326790444	0.0502455671	0.0627359347	-0.004052448	0.06814875849999999	-0.0411763926	-0.0077757932	-0.0126713795	0.0212661515	-0.042147506200000004	0.10667688339999999	-0.0271899886	0.0714561027	0.023774599599999998	0.015265383799999999	-0.0263642091	0.0020404103	-0.0589404694	-0.03065969	-0.0337033759	0.0121656297	-0.0851558325	0.0330851081	-0.029836937799999998	0.0932869016	-0.0718791047	-0.0008153519000000001	-0.10172565759999999	-0.0136503047	0.1086302386	-0.0646547911	-0.0113048711	0.0767915229	-0.0714929441	0.0047576	-0.06007097650000001	-0.0404164832	-0.023599372900000002	0.005877500600000001	-0.0638222589	-0.0093125807	0.0477673128	-0.0743544473	0.0547964986	0.0030581196000000004	0.0109133121	0.0558111439	-0.14542653279999998	0.0210012369	0.0760872647	0.1151973441	0.12349876039999999	0.1144272495	0.0792735194	-0.0923988683	-0.058224668	0.0991840794	-0.0164812819	-0.0373946547	-0.0113932102	0.010671953500000001	-0.061942803399999996	-0.0446665924	-0.0513501674	-0.025623267	0.15975014	-0.0096711079	-0.0704108213	-0.0065235913	0.0329784931	-0.019774843400000002	0.0233768495	0.0544823086	-0.0174603988	-0.021880711299999998	0.028024025	0.0984551685	0.0264289914	0.0645131699	0.0541205871	0.08849001710000001	-0.0342490468	-0.010526491899999999	-0.0388289187	0.0478712167	0.0409431408	0.0221665773	0.0237925027	-0.0174937501	-0.05768952610000001	0.034666835099999994	0.0048433152	-0.0444483187	-0.1122120699	0.0383303163	-0.0333723884	-0.0183625733	0.0472103304	-0.0122692997	0.0027010898999999997	-0.0776667542	0.0394656084	0.0109333732	-0.0579531217	0.0870610049	0.0	-0.026421100000000003	0.0034352999999999988	0.0006980745252100003	1.1801286089999992e-05	0.007744919999999998	0.02634712	5.9983785806399976e-05	0.0006941707322944001	-0.342222	0.011541000000000023	0.0001331946810000005	0.117115897284	0.00519159	-3.6529999999999896e-05	2.6952606728100007e-05	1.3344408999999926e-09	-0.000151735	2.344799999999997e-05	5.498087039999985e-10	2.3023510225000003e-08	-0.00122928	7.396000000000075e-05	5.470081600000109e-09	1.5111293183999995e-06	0.0	0.0	0.0	0.0	0.0	0.0	0.0	0.0	0.0	0.0	0.0	0.0
6658.091338730526	-26.925641031911248	724.990144979343	44330180.27487845	5525.227744495965	0.7031941064960847	30528141.62854797	0.4944819514108269	4768.520181888857	-6.107800951998797	22738784.72508134	37.305232469237424	4740.468223439101	9083.251023527471	1.071133	25.647341	0.04564323000000002	0.0238731	-0.0461785792	-0.0088181392	-0.0315325943	-0.0839157249	-0.0602785141	0.058272726399999995	0.0409313819	-0.0300556728	-0.12495912949999999	0.0163374928	0.0760071396	-0.047018407400000004	0.0363620728	-0.0037755877	-0.0370643008	0.072559064	0.051077831500000004	0.0983748362	-0.011878618700000001	0.11995525679999999	-0.0331822681	-0.013700078899999999	0.0275533444	-0.018992662	0.026578179700000003	-0.0422523421	0.05932686230000001	-0.1073453682	0.0711667515	0.013812551499999999	-0.0118693275	0.0265275481	-0.0470515146	-0.1337223733	0.0796718842	-0.0941837418	0.0012066105	0.0386057296	-0.06362341889999999	-0.0167214674	0.0580504779	-0.0717357778	0.0280038812	0.043517895099999995	0.1185949738	0.0798426925	0.0665606046	-0.11348564609999999	0.022156476499999998	0.048636743499999996	-0.0140658931	-0.023046317799999997	0.0339282839	0.0543518704	0.1592772864	0.0174963846	-0.0749689944	-0.0309061471	0.0168732058	-0.019173253799999998	0.0263478334	0.0600277508	0.0669010465	-0.044049795499999995	-0.017694887	0.0397428167	0.043214139900000004	-0.0675476274	0.015844308799999998	0.10451584050000001	-0.10978815119999999	-0.0839136367	-0.041544742999999995	0.0652564289	-0.0247739945	-0.0184574724	0.0752531964	-0.0116186429	-0.0196703814	-0.06399009900000001	0.0169498337	0.027831800499999997	0.098638735	-0.0586648254	-0.0781798603	-0.0334321016	-0.0177909731	-0.10820745539999999	-0.026232014799999998	-0.019868173899999998	0.051110933899999995	-0.054639110899999996	-0.079345355	0.0273407272	0.021140611299999997	0.0544253497	-0.0289156616	0.032025572	-0.07674921280000001	0.1343531227	0.067180315	-0.00252549	-0.012871942800000001	0.039102181800000003	-0.0137918145	0.0287784692	-0.0190267232	0.0284811244	-0.0399047615	0.10833882060000001	0.045545413300000004	0.0891603602	-0.000925343	-0.0163358174	0.027018495	0.0377308165	0.12386086439999999	-0.087713153	-0.0928752825	-0.052008909299999996	-0.06658021410000001	0.0595483642	0.048064757199999995	0.006476379399999999	0.0337137656	-0.0838295722	-0.0730039873	0.0792190059	0.1139770135	-0.0039496182	0.0729701914	-0.004635996	0.035868186499999996	0.11637130080000001	-0.0527169846	-0.0442546846	-0.0946516883	-0.12447087960000001	0.017797830900000002	-0.0172265174	-0.026875129700000003	-0.0116626685	0.0720411051	-0.0183739781	-0.0910591615	0.0211099621	-0.0483353977	0.044412182	-0.0285255469	-0.0213482363	-0.0107103849	-0.1663966361	0.037369481600000004	0.0638323592	-0.0615552455	0.0850515673	-0.0260833156	0.0219362413	-0.06570465660000001	-0.0235202253	-0.0447218621	0.0075023001	-0.0156165634	-0.0686753135	-0.0482758598	-0.045622461100000004	-0.08436248810000001	0.0129659219	0.003885163	0.08409772310000001	0.0286149161	-0.0269110964	-0.0173269684	-0.0526440419	0.07929420429999999	0.064034459	0.0071903499	-0.0222229738	-0.0728084031	-0.020831471100000002	-0.0953491749	0.052820313	-0.1098753475	-0.07574527269999999	0.055782263	-0.0316499312	-0.0623520346	-0.0783102091	0.0416506902	0.0072985341	-0.054094208600000006	0.0849285176	0.0	-0.0195273	0.006893800000000002	0.00038131544529	4.752447844000003e-05	0.0127932	0.0050482800000000005	0.00016366596623999994	2.548513095840001e-05	-0.335637	0.0065850000000000075	4.3362225000000106e-05	0.11265219576899994	0.005032	-0.00015959000000000025	2.5321024000000003e-05	2.5468968100000082e-08	-0.00013417	1.7565000000000012e-05	3.0852922500000044e-10	1.80015889e-08	-0.000864112	0.00036516799999999986	1.3334766822399995e-07	7.46689548544e-07	0.0	0.0	0.0	0.0	0.0	0.0	0.0	0.0	0.0	0.0	0.0	0.0
6648.772891815677	-9.318446914849119	86.83345290486106	44206180.966942996	5503.492777820525	-21.734966675440774	30288432.75552268	472.4087763825209	4761.94656033848	-6.573621550377537	22676135.04351948	43.21250028758799	4733.689117393733	8977.328345107198	1.087119	26.030128	0.046023150000000033	0.027010500000000003	-0.0165629266	-0.0021348009	-0.0273144575	0.0192105975	-0.026195059	0.0312284494	0.08451693390000001	0.09469938289999999	-0.0693600286	-0.0668519438	0.1359669451	0.0981199241	-0.005102843	0.014764368600000001	-0.025937708599999998	0.0503835972	0.1147903888	-0.0747441249	-0.0589369386	0.0498647942	0.016348686100000002	0.027136496099999997	-0.0084422984	0.034501074	0.051899802	0.0089237998	0.0050227465	-0.1135486665	-0.0157306372	0.051569516100000004	-0.1117615582	-0.0060069276	-0.0054136784	-0.0446352704	0.1300709351	-0.1530065379	0.0527492662	-0.0788916834	0.0476485553	-0.0153141178	-0.0107335355	0.0542725375	0.0747241865	0.06119891230000001	0.050872611799999995	0.0025576665	0.0206233975	0.0675791956	-0.0849582669	-0.11202969980000001	0.0146464747	-0.0545864206	0.115208346	0.0517391067	-0.0507536412	0.017670491899999998	-0.0339249513	-0.0383882373	-0.11957455800000001	-0.12401940380000001	0.0111701579	0.0113073229	0.008922525300000001	-0.0435629643	0.10934380630000001	0.0317518429	0.0404620911	0.021336602599999997	-0.019440171200000002	-0.09016389529999999	-0.0701778117	-0.0196742414	-0.06506010059999999	0.0393420357	0.0342676705	-0.0479045483	0.0276841583	-0.0032746788	0.0599360996	0.0222841373	0.0250916988	0.009743131700000001	0.0355573607	0.0376561842	0.0827479263	0.0154576067	0.0425231729	0.0620832768	-0.06924603809999999	0.011312119399999999	0.0459440453	0.0235399183	0.0883237885	0.1141558075	0.0036645987	-0.0157460998	0.07896946839999999	-0.0059743096	0.0909776364	0.1522032357	-0.0010275662	0.0273312683	-0.0661783721	-0.0973111535	0.0279004521	-0.0032688266999999997	0.037436334700000004	0.062005638700000004	0.0225227843	0.0712815688	0.0852695913	-0.0030838284000000004	0.058446594299999995	-0.1107569964	-0.0104219574	0.010101081	0.0328071583	-0.1399036362	-0.0968947166	-0.1313444896	0.0810976022	-0.0195410469	0.0001779948	0.0215025919	-0.096545016	-0.0087917897	-0.07466947360000001	0.048535670999999996	0.0057826786	0.0251339931	-0.043682258700000004	0.0787654797	-0.08666735310000001	-0.0272620577	0.0231581227	-0.1360930394	0.0357550179	0.0408132223	0.0050157990000000005	0.0132569322	-0.0485362999	-0.0631252272	0.1557014414	0.0051710586	0.0470317527	0.08908527220000001	0.031078866	0.0316464239	-0.009309498499999999	-0.1058516486	-0.0754141725	0.0408028975	0.0343535712	0.037418098999999996	0.0039694601	0.0830859042	-0.0265630333	0.0187501058	-0.022842651000000002	0.015868174199999998	-0.0525918719	0.0079770055	-0.070857497	0.0098569074	0.0470440528	0.0399416711	0.023113747599999998	0.051418592400000004	-0.010276069799999999	-0.08421553220000001	0.0168812632	0.0032122021000000004	-0.0790374202	0.0045041486	-0.0954596432	0.0656748927	-0.05380762309999999	-0.0853736552	0.042633123099999996	0.0682931593	0.0120649051	0.17132456010000002	0.0177520161	-0.1341637628	-0.024490556099999998	0.0783645963	-0.0078479785	-0.078939904	0.0438064995	0.0036521544	-0.050083250499999996	0.0824230915	0.0	-0.0264671	-0.0069398	0.00070050738241	4.8160824039999986e-05	0.0198451	0.007051900000000002	0.00039382799401	4.972929361000002e-05	-0.334148	0.0014889999999999626	2.2171209999998885e-06	0.111654885904	0.00458014	-0.0004518600000000001	2.09776824196e-05	2.0417745960000012e-07	-0.000293158	-0.00015898800000000002	2.527718414400001e-08	8.5941612964e-08	-0.0008641110000000001	9.99999999907325e-10	9.9999999981465e-19	7.466878203210002e-07	0.0	0.0	0.0	0.0	0.0	0.0	0.0	0.0	0.0	0.0	0.0	0.0
6657.508470111697	8.735578296019412	76.31032816588541	44322419.02960898	5513.003614388829	9.510836568304512	30393208.852264296	90.45601222899836	4752.816048735415	-9.130511603064406	22589260.393116925	83.36624213369375	4724.41506289937	8994.884457601034	0.933315	22.347408	0.07478925000000003	0.045778	-0.0235794897	-0.00235098	-0.0784017582	0.024238165099999997	0.0124492418	-0.0271674941	0.0684654275	0.0774658691	0.026935134700000002	-0.0972978823	0.0560269334	0.0818422981	0.0777559983	-0.0396485257	0.1148414299	-0.0072089491000000006	0.0038537287	-0.0289593503	-0.08173166379999999	0.08249198440000001	0.0411246592	0.0909364199	-0.0155184636	6.13364e-05	0.0436290191	0.0158257364	0.0172124903	-0.081221135	-0.0416305961	0.006518810999999999	-0.1056891139	-0.007958475999999999	0.0273169556	-0.0389286931	0.0414218651	0.019832387	0.0987403707	-0.0126556044	-0.0308800431	-0.0545329309	-0.0316275919	0.12012351119999999	-0.0689378896	-0.029492442200000007	0.0166397143	-0.0487151611	-0.019238056899999998	0.0085547703	-0.056021333	-0.0622150771	0.055332278799999995	0.046573454900000005	0.1450704005	0.0763717258	-0.0358753015	-0.0202545729	0.0347517196	0.0689237058	-0.12176024449999999	-0.026375485299999998	0.1144421377	-0.0375179783	-0.0018021327	0.0442682007	0.05945638480000001	0.0346966524	-0.08590511390000001	-0.058780490899999996	0.029889818199999998	0.04518625440000002	0.1011810471	-0.11879043199999999	-0.02764946	-0.0158767129	0.076857686	-0.0318515293	-0.0070104887	-0.0463388825	-0.0634246951	-0.0690595168	0.0446795195	0.0659817369	0.0745994873	-0.0045421554	-0.05895447030000001	-0.0017801894	-0.017415047700000002	-0.013097903700000002	-0.028188746299999998	-0.0767519022	-0.041601511	0.07030949730000001	0.0582819755	0.0058328435	0.021338187400000003	0.0051880591	0.1101496723	-0.058168795499999995	0.0380194229	0.0678544569	-0.0176044311	-0.0587847445	0.11015030039999996	0.0452263745	0.09000582439999999	-0.012565405600000001	0.001740665	0.0514649828	0.0257097034	0.0575430551	0.0493266088	-0.0398738677	0.0344175827	-0.104494109	-0.0261024638	-0.0328234579	0.0438106012	-0.0428275317	0.0816746945	-0.0694164091	-0.011129275	0.045828027	0.0274958606	0.04252339769999999	-0.0835122429	-0.0345018817	0.10083071619999999	-0.0041756519	-0.0677087995	0.0064366584	-0.0025772004999999997	0.0604067238	-0.1322870347	0.053247354000000004	-0.012838013300000001	-0.0663971689	0.051560088	0.0839851118	0.0102619141	-0.0671298539	0.0047583745	0.0044025596000000005	0.11368619529999999	0.0567078158	0.0379010938	-0.0815639618	0.0655270953	0.0316977757	-0.0816282007	0.09389172789999999	-0.028333866800000006	-0.025021834399999998	-0.014920616000000001	-0.1344918339	-0.1015485426	0.051665187	-0.0166533959	-0.0887019233	0.041231642799999996	0.0462821945	-0.0646085499	-0.0226794324	0.015494915900000001	-0.127293773	0.0419295947	-0.026045360899999998	-0.056969182300000004	-0.0036248103999999997	0.044611680300000005	0.030145080299999998	-0.0201158596	-0.0376243286	-0.0100689773	0.0063495365	-0.0574359831	-0.046298118	-0.0695960812	-0.0204007641	-0.0661750721	0.087638039	0.0691728106	0.1038903415	-0.0864943518	0.07953836660000001	-0.0346684015	-0.0444332603	0.008290546	-0.0795557284	0.0459315212	0.0	-0.0459315212	0.0795557284	0.0	-0.0264671	0.0	0.00070050738241	0.0	0.037868300000000014	0.01802320000000001	0.0014340081448900007	0.00032483573824000026	-0.356781	-0.022633000000000014	0.0005122526890000005	0.12729268196100002	0.0052628	0.0006826599999999999	2.769706384e-05	4.660246755999998e-07	-0.00029315900000000003	-1.0000000000157452e-09	1.0000000000314906e-18	8.5942199281e-08	-0.0008641110000000001	0.0	0.0	7.466878203210002e-07	0.0	0.0	0.0	0.0	0.0	0.0	0.0	0.0	0.0	0.0	0.0	0.0
6677.609891436794	20.101421325097363	404.06713928907897	44590473.86221451	5524.449597529278	11.445983140449245	30519543.35564141	131.01053005144828	4758.229341239071	5.4132925036556125	22640746.463828404	29.30373573013404	4729.893207809417	9124.592177846154	0.8942540000000001	21.412125	0.03594290000000002	0.0275618	-0.0620898581	-0.0461499414	-0.09235939789999999	0.0109076825	0.0143016565	-0.14846809449999998	-0.0465577047	-0.0183441359	-0.0701713893	-0.09590452869999999	0.052398773499999995	0.056235614100000005	0.061234144500000004	0.052382652599999996	0.0830488573	-0.057775486200000004	-0.0293541023	-0.0084257026	0.0312666009	-0.0521163311	-0.10470653199999999	0.07012299129999999	0.0237191717	-0.0108007818	-0.0088839877	-0.045089604500000005	0.1402352861	-0.0068158540000000005	-0.0729538566	0.0555157478	-0.0455735861	-0.0358486354	-0.0092952876	-0.0980367086	0.0281760927	0.0430479791	0.0510224772	0.027546014599999998	-0.0315148963	-0.028080746400000002	-0.05852262320000001	0.0010076496	-0.021740397400000003	0.0637915521	0.0217191907	0.0455325563	0.0103751099	-0.0188200917	-0.0433036558	-0.0216401485	0.0672865952	-0.0421159179	-0.0346689601	0.0016039229000000001	0.04253633230000002	0.0442055058	0.0284756288	0.011016063999999999	-0.053791680999999994	-0.075213797	0.0542536257	0.016709785	-0.030375978300000002	-0.0408015227	-0.003632963	-0.0106208156	0.0105637823	-0.0456575822	-0.0086994153	-0.1592490923	-0.0553646851	-0.0004020974	0.0488040178	-0.040698922	-0.0081075082	0.049658664500000005	-0.012304009199999999	-0.0249343162	0.0152602097	0.055444953899999996	0.08288067269999999	-0.0078722692	-0.047802957400000005	-0.011621086499999999	0.1208064227	0.06689841719999999	-0.003236525	-0.0303082521	-0.029682122000000002	0.0211951	-0.05746877070000001	-0.006558651800000001	-0.0159866644	0.09552982480000001	-0.0194309295	0.055487560400000004	-0.1170571271	-0.0244595547	-0.0149846812	-0.030725273900000002	0.0438900942	-0.044985873200000005	0.009228534	-0.0678417525	0.0705168134	0.0277012507	-0.0076785768999999985	-0.0071428357999999996	-0.0359363953	0.1161156528	-0.0807947511	-0.05139679900000002	0.0622095709	-0.044631576900000004	-0.0533353122	0.0059210987	0.0999528524	-0.0203571972	0.0534192775	-0.0235231263	-0.0428071292	0.0123427104	0.0138638928	0.042558232	-0.0143180348	0.0171472925	0.0095854474	0.0805557737	0.035912537200000004	-0.0392301215	0.0164098243	0.0465401924	-0.007837641	-0.0348858993	0.0791283009	0.009853144599999999	-0.043824229299999996	-0.0241251008	-0.0165081622	-0.055499723099999995	0.0213459525	-0.0676713935	0.0964387914	0.0375048207	-0.0030426129	0.041278138900000004	0.0095157488	0.0190482499	0.0357914956	-0.049301123499999995	0.033787722799999996	0.1117623496	0.1263475705	0.0641262487	-0.0006317069	-0.0593361356	-0.0323190291	0.008690654499999999	0.024467247799999998	-0.0080604546	-0.0316346386	0.0018535017	0.0027410725	-0.0154180121	-0.0032297390999999997	0.045502390700000006	0.0963780605	0.0265772752	0.0430073385	-0.0876283883	0.10687504269999999	-0.009128616800000001	0.0224910688	-0.08997749619999999	0.0243071728	-0.0249518377	-0.0380864342	-0.047320336	0.0368042066	-0.0692512896	0.014885730500000001	0.0060443399	0.0131068688	0.022730565699999997	0.0421028824	-0.022083780299999998	-0.1219990556	-0.0801575741	0.048024261799999995	-0.0036521544	-0.0416506902	0.07633901950000001	0.0	-0.0264671	0.0	0.00070050738241	0.0	0.06474919999999999	0.026880899999999985	0.004192458900639999	0.0007225827848099993	-0.350287	0.006494	4.2172036e-05	0.122700982369	0.00531416	5.1360000000000294e-05	2.82402965056e-05	2.6378496000000304e-09	-0.00029315900000000003	0.0	0.0	8.5942199281e-08	-0.0008641110000000001	0.0	0.0	7.466878203210002e-07	0.0	0.0	0.0	0.0	0.0	0.0	0.0	0.0	0.0	0.0	0.0	0.0
6686.263418596001	8.653527159207442	74.88353229514081	44706118.50285509	5539.934858444261	15.485260914982971	30690878.23580584	239.7933056050993	4770.327502755323	12.09816151625182	22756024.48354383	146.36551207331655	4742.4129100663895	9304.347253753827	1.027781	24.609337	0.046069450000000005	0.0250585	-0.1025870084	-0.0209878652	-0.072967346	-0.0071830107999999995	0.1012578636	-0.0368076902	-0.10466174869999999	-0.0251640544	0.025433667400000002	0.0899420608	0.001131875	0.0576487863	0.0804200906	0.035235176	0.1162130833	0.0120031604	-0.0086114803	-0.0722822545	0.07880502519999999	0.035583943199999996	-0.0451351049	-0.0236672917	-0.0011533278999999999	-0.0631747956	-0.023060843799999998	-0.050296094699999995	0.1050048833	-0.0267360281	0.0066798373	0.06957269440000001	-0.0470913092	0.014683304599999999	-0.0068375873	-0.1149996336	0.0075586267	0.1743048699	0.0046748657	0.12401659429999999	-0.0030522562	0.117213026	0.0144467905	-0.0485754013	-0.0126528186	0.0396929142	0.044683785999999996	-0.004810685800000001	-0.035318823	-0.0850060568	-0.0970993909	-0.0616496312	0.0225038491	-0.09865621710000001	-0.1270706587	-0.030243807200000007	0.0553527891	-0.0588306098	0.0298231859	0.0952520892	-0.0061883247	-0.0503616997	-0.022254687999999998	-0.0286812073	0.11986132570000001	-0.0231095988	0.0363582742	-0.0590558123	0.0625533478	-0.0156429751	0.0196543778	0.037518632	-0.011074713500000001	0.0292476825	-0.0156328681	-0.11988299570000001	-0.1735907559	-0.1047771094	-0.0517390111	-0.0506021212	0.03432418	-0.0428425896	0.00039212110000000003	-0.0837202642	0.0361266528	-0.011667150500000001	-0.0553349264	-0.0780857138	0.048486090499999995	0.0092855085	0.050351993399999996	0.0652776834	-0.09624185769999999	0.0216006506	0.0458041695	0.0389588112	-0.11609629390000001	-0.063763406	-0.0834270119	-0.0237390292	0.0410060981	0.0233865868	0.015959495900000002	0.07562416820000001	0.0112925752	0.058388540999999995	-0.023209830600000002	-1.3515999999999999e-05	-0.062358890199999996	-0.027993162999999998	-0.0498391049	0.1030046847	-0.0414688429	0.0267910397	0.0607806214	-0.0470606599	-0.0187749923	-0.0025775273999999997	0.1225040047	0.0140479907	0.1253531263	0.0987416243	-0.11645064050000001	-0.012450213799999998	-0.1037333927	-0.0827189106	0.0511035776	-0.0005529376	-0.0096122539	0.08100931360000001	0.0030920259000000003	-0.0332320078	0.0468716651	0.0837190192	0.0316553315	-0.1196188665	0.0544166582	0.0039924635	-0.092214644	-0.0422431953	0.0878051816	-0.056733396	0.08489400849999999	0.020041912	-0.0188855592	-0.0285537219	-0.0345130813	0.015259668799999999	0.045842937	0.1372453015	-0.0014862742000000002	-0.0521552202	0.0023909884	-0.09367433730000001	0.009727695	0.0113256446	0.057075109900000004	-0.0433041126	0.15287746289999998	0.1244391076	0.0807280741	0.04579994	-0.12301882900000001	-0.0096182531	-0.0002693286	0.0014919956	-0.0133868446	0.050277332300000005	-0.08476044869999999	0.0358728453	-0.027221804300000003	0.018369630300000002	-0.09024739279999999	0.025551291	0.0312606661	-0.023594925299999996	-0.038944804300000004	-0.0364528629	0.0027920026000000002	0.04216552269999999	0.1354514268	-0.0592155886	0.0342133558	0.049691031600000005	0.0277616882	0.044569623200000005	0.0083860046	-0.074916072	0.0769906656	-0.0807453353	0.050083250499999996	-0.0072985341	-0.0372527898	0.07278709	0.0	-0.0206978	0.005769300000000002	0.00042839892484	3.328482249000002e-05	0.0647899	4.070000000000462e-05	0.00419773114201	1.656490000000376e-09	-0.3713	-0.021013000000000004	0.0004415461690000002	0.13786369	0.00514566	-0.00016850000000000025	2.64778168356e-05	2.8392250000000083e-08	-0.00029315900000000003	0.0	0.0	8.5942199281e-08	-0.00108054	-0.000216429	4.684151204099999e-08	1.1675666916e-06	0.0	0.0	0.0	0.0	0.0	0.0	0.0	0.0	0.0	0.0	0.0	0.0
6679.158974322733	-7.1044442732682	50.47312843197332	44611164.60427591	5517.421744802134	-22.51311364212779	30441942.71001542	506.8402858633605	4774.231748205688	3.904245450365124	22793288.785575137	15.243132536696773	4746.119453321441	9356.599426639828	1.083243	25.937307	0.06890970000000002	0.0392129	-0.1088985451	0.009414598100000001	-0.0147160979	0.0660006415	0.1026544293	0.0589738343	0.0146017412	-0.015248658600000001	0.048021304800000005	0.0991635248	-0.045417169400000006	0.0546828186	0.0830535385	-0.0867678664	-0.014825018999999997	-0.0104850199	-0.1106090194	-0.0106761202	-0.0433703053	-0.031143747200000002	0.0045190766	-0.07000473759999999	-0.013473728700000001	-0.0098025336	-0.052065235300000005	0.0739767662	-0.0183327653	-0.0009473605999999999	0.0109223727	0.0649109124	-0.0327753362	-0.058263197300000014	-0.1365370438	0.0167533298	0.0252429072	0.0752739554	0.0095224285	-0.0284175988	0.038573073199999995	-0.044538836	0.0863487359	0.0127846653	-0.0133242595	0.0436337229	0.0624249812	-0.0775277498	-0.0286191916	0.0772667109	0.1340044024	-0.0432139072	0.0156140826	-0.0038887413	-0.0015006670999999998	-0.0689818916	0.0293512787	-0.011561285800000001	-0.0520914751	0.1025431902	-0.1223176982	-0.037848109500000005	-0.052383436299999996	0.0843400701	0.026041974199999998	0.067012857	-0.026992667799999998	-0.042543354900000004	-0.0461584349	-0.0409796394	0.1201903264	0.0344717352	-0.0436880687	0.0190280566	0.060504887699999996	0.1379442712	-0.11451618179999999	-0.0221942321	-0.021113632599999998	-0.019318726499999998	0.0473218971	0.063599499	0.0145893025	0.13225319970000002	0.0412617049	0.0032260510999999998	0.0761856958	-0.0009040708	0.0518758936	-0.037034902599999996	0.055667786100000005	0.0691594336	-0.0719350647	0.09827151210000001	0.1377198339	0.0523658266	0.032775852200000004	-0.026916502999999998	-0.0197760049	0.0545190449	0.047898478499999994	-0.025960857099999998	0.10357959289999999	0.0742619543	0.0058101567	-0.0829148943	-0.0707534818	-0.013980252299999999	-0.0080886239	-0.0525248587	0.07182283889999999	-0.0233448225	0.0005807114	0.0295017317	0.0649648594	-0.0372143328	-0.05172956769999999	0.1320172638	-0.0044488973999999995	-0.013373903500000001	0.0665216033	0.0326501833	0.026554751	-0.03016808	0.06820301299999999	-0.0477044472	0.005057875	-0.0613666324	-0.0139260197	0.0681684182	-0.0788538535	0.0646391485	-0.0360553927	-0.1273347628	-0.0700271829	-0.0152510448	-0.035987220800000004	-0.0010086094999999999	-0.0162520899	-0.059219325499999996	0.0160792992	0.042356574800000005	0.09606612560000001	0.0940957427	0.0887925172	-0.0304668003	0.028615471099999998	-0.0043650771	0.116395178	-0.0174343307	0.034214923	0.0951816482	-0.0593380254	-0.10202603460000001	0.0628116042	0.0107954124	0.0178354974	-0.041464637799999995	-0.11809426710000001	0.1261435478	-0.0385361781	-0.0541621676	-0.0325445621	0.0702711774	-0.0340557487	-0.0012409224000000001	0.12387962	0.0082165685	0.0293884171	0.090130042	0.0031141282	-0.0348561023	-0.0099815727	-0.006145454399999999	0.1355144208	0.0063280865	-0.1309071103	-0.0373532597	-0.0094381172	-0.0633144797	0.0554803725	0.0101489231	-0.0230109475	0.0303233432	0.134175128	-0.045107952400000005	0.0583348731	-0.0823665287	-0.0319853614	-0.0813189087	0.052107040199999996	-0.0109333732	-0.0327501813	0.0689155372	0.0	-0.0264802	-0.0057824000000000035	0.0007012009920400001	3.3436149760000045e-05	0.08069769999999997	0.015907799999999972	0.006512118785289995	0.00025305810083999907	-0.356817	0.014483000000000025	0.0002097572890000007	0.127318371489	0.00455726	-0.0005884000000000003	2.07686187076e-05	3.4621456000000026e-07	-0.00029315900000000003	0.0	0.0	8.5942199281e-08	-0.00114687	-6.632999999999986e-05	4.399668899999982e-09	1.3153107968999995e-06	0.0	0.0	0.0	0.0	0.0	0.0	0.0	0.0	0.0	0.0	0.0	0.0
6669.1837524167395	-9.975221905993747	99.50505207381755	44478011.92349942	5525.622950486051	8.201205683917577	30532508.99093817	67.259774669922	4771.67316917331	-2.558579032377565	22768864.833408464	6.54632666492212	4744.313079637464	9251.58247630327	1.109649	26.569592	0.08985305000000003	0.0500424	-0.0806848273	0.0358771986	-0.04972948730000002	-0.0344534868	0.039101048199999995	0.0575969121	0.0166847592	-0.09539086029999999	0.062925983	-0.0728762968	0.0362648316	-0.077780044	-0.0079883065	-0.008856952900000001	-0.0314411615	0.0227421293	-0.09413712	-0.12024027640000001	-0.16342131740000002	0.008220715600000001	-0.0277941655	-0.0500604909	-0.0350166971	0.052986467599999997	-0.0589820238	-0.06532685049999999	-0.029406609	0.0299179314	0.045629739	-0.0699968253	-0.0549561041	0.0369179829	0.0389148677	-0.030901709	-0.0423840397	0.0795863888	-0.018334128300000002	-0.0402024306	0.1314219708	-0.0308419448	-0.036811645	-0.0299672279	-0.029160850800000002	0.0123945441	-0.0416713664	-0.06961481580000001	-0.0644283005	-0.0357299363	0.0896477637	0.0268132092	0.0119904842	0.007316269499999998	-0.0332597093	-0.2052552619	-0.0580707801	-0.0113801496	-0.11023909800000001	-0.0314290096	-0.0192573716	-0.037089585	-0.1387415228	-0.0857008911	-0.0489136453	-0.0215295604	0.0582003785	0.0355464858	-0.017048801000000002	-0.061999083499999996	-0.0338196793	0.0678931036	-0.022952314100000003	-0.1137642016	-0.0987631385	-0.041654518700000004	-0.0008774271000000001	0.09676530109999999	-0.11393132210000001	-0.026118932	-0.0325623225	-0.0772872876	0.0028028415	0.06730182900000001	-0.0838283424	0.0633265096	-0.0363702961	0.026913275099999998	-0.0546527813	0.0374876517	-0.0574927783	-0.0204480928	0.12059793960000001	0.0190349062	0.0453981952	-0.0484101738	0.013931839599999999	0.0099410666	-0.0171326166	-0.0313829878	0.024490854500000003	-0.0178946162	-0.0015449047	0.0038489357	0.06658674099999999	0.0715748249	-0.0503190147	-0.0372139187	0.0515880182	-0.0608924054	-0.062440603899999995	-0.0367924205	0.0064805001	0.0084445735	-0.0928322582	-0.0535879397	0.030494357200000002	-0.0320892266	0.0387084791	0.038934573	0.063542492	0.0547768701	0.07605087599999999	-0.14941752789999999	-0.014226103200000001	0.0319813129	0.0414447016	0.028013206000000002	0.0350556459	0.009200096500000001	-0.062172107699999986	-0.021076526600000003	0.0568140986	-0.081208164	0.0044686498	-0.0513727257	0.022251383700000002	0.0895151667	0.1020606525	-0.09078819310000001	0.057516543899999995	0.14522875359999998	0.0031519003	0.0231358412	-0.0271793687	-0.0804029554	0.14637072199999998	0.0647349166	0.015455931599999997	-0.0002411511	-0.0603390089	0.010917168100000001	0.011046191499999998	-0.0310655391	0.043395925300000006	0.0402329159	-0.09053603210000001	0.10767407279999999	0.0412186347	-0.0471181232	0.16113700039999998	-0.07244248519999999	0.0055881798	-0.0314887479	0.081997073	-0.0461289814	0.050194970400000004	-0.0355645223	0.0636043346	-0.1356345236	-0.0032617174	0.0526195629	0.009175667	-0.008689809599999999	-0.055568604	0.0767512395	-0.0234004461	0.044113238799999996	-0.0407194225	-0.0082848735	-0.0458852975	-0.0584081951	0.055811380599999995	-0.013948328500000001	-0.0065833723	-0.0068079381999999996	-0.009368362	-0.0236052867	0.0445357505	-0.0818781935	0.054094208600000006	-0.0145509244	-0.0281555204	0.064741362	0.0	-0.0338066	-0.007326399999999997	0.00114288620356	5.3676136959999954e-05	0.0614639	-0.019233799999999968	0.00377781100321	0.00036993906243999877	-0.398998	-0.04218100000000002	0.001779236761000002	0.15919940400399998	0.00477194	0.00021468000000000008	2.27714113636e-05	4.608750240000004e-08	-0.00016303200000000002	0.000130127	1.6933036129000006e-08	2.6579433024000005e-08	-0.0012243000000000006	-7.743000000000073e-05	5.9954049000001134e-09	1.4989104900000016e-06	0.0	0.0	0.0	0.0	0.0	0.0	0.0	0.0	0.0	0.0	0.0	0.0
6668.829303100359	-0.3544493163808511	0.12563431788285268	44473284.27389002	5531.980315809327	6.357365323276099	30602806.214501865	40.416093853593416	4768.1242850496255	-3.5488841236847293	22735009.197680004	12.594578523341527	4740.337994438833	9192.502068564305	1.116937	26.744076	0.06759454999999999	0.0352517	-0.058933946699999996	0.0398033167	-0.0201236827	0.0741960562	-0.0805095665	-0.0101723175	0.0779180142	-0.0454754114	-0.1394248764	0.023268582200000002	-0.008955928699999999	-0.029487593599999997	-0.0218911756	0.0173125076	-0.0393134104	-0.0659232555	-0.0111707951	-0.0529483982	-0.0023901270999999997	0.0286893894	-0.0082152046	-0.014793902099999999	-0.0191934526	0.042601038099999995	-0.0474546283	0.0447856575	-0.042468455499999995	-0.045646506100000005	0.1714120646	-0.0407639623	-0.0564814821	0.033758189	0.0680811635	0.0071035484	-0.0105249273	0.0248025716	0.060038170700000004	0.0389779471	-0.0171366315	-0.0216650579	0.0145984541	-0.033844088599999995	0.0316959302	0.0205825474	-0.054341862000000005	-0.12915635779999998	0.008674720799999999	0.0648473488	0.07236273389999999	-0.09859243949999999	0.11738073730000001	-0.0754152229	0.0637370782	0.0334673459	0.036955124900000004	0.0039754349	-0.04353437860000002	-0.029929635299999997	0.0557264076	-0.0322026143	-0.0006782199000000001	0.019806738799999998	-0.09607443339999999	-0.0777950885	-0.0117135082	-0.0798262443	0.0278036728	0.028231446400000002	-0.007860408000000001	0.0199864714	-0.036219531400000005	-0.0252346371	0.0217766102	-0.0003580727	-0.15386636539999998	-0.0933732375	0.0033592726	0.0451271563	0.04730717	-0.0536357395	-0.0584613425	0.0009395517	0.0206260048	0.0212113493	-0.0833646182	0.052232868099999996	-0.0644694047	-0.0036339134999999996	-0.0491000523	-0.012951680600000001	-0.0021356101	-0.0178871265	-0.0088744401	0.017529504799999998	-0.1013064983	-0.0100130992	-0.1572821153	-0.0360282521	0.051576942699999996	-0.0474490167	-0.1149686076	-0.06882687400000001	0.0016799776	-0.062021015599999986	-0.014672226100000001	-0.0187743742	0.0433206469	-0.048734407800000004	0.0538561015	-0.0074903947	0.0688871276	0.1530992481	-0.0719978837	-0.0690958421	0.040844281	-0.0630613278	-0.0088407543	0.0174052659	0.0560639307	-0.0447665515	-0.0310403283	0.0022438818	0.0055272739	-0.014646166200000001	0.0313960588	0.0619049313	-0.0302968754	-0.0264168689	-0.0794496443	0.06906007559999999	-0.0086426687	-0.07288501509999999	-0.129584995	-0.0087128347	0.0995590132	-0.0848759187	-0.029298045	-0.053255214800000006	0.0370948169	-0.011522726399999999	-0.008053172800000001	-0.0842970143	0.017297467	-0.0028789884000000004	0.0561712013	0.0806457181	-0.0818882504	-0.0307164482	0.0956455386	0.0211550317	0.0193436776	-0.058648242999999996	-0.0224658621	0.0351796501	-0.011075981499999998	-0.036590023799999996	0.051253066900000005	0.1517007924	-0.0030772752	0.0373126492	0.0177248663	-0.0265432278	-0.0053645438	0.0309850558	0.0439163324	-0.0434125227	-0.08008758519999999	-0.0990261859	0.0089809489	0.042078276100000006	0.0276649599	-0.0215114835	-0.0664363287	-0.0593448332	0.0378720796	-0.0030127224	-0.00037303019999999996	0.0357215046	0.0381495028	-0.1436021838	0.035820446	-0.0007244172000000001	-0.0180997382	0.1050596608	-0.036826720699999996	0.08202788559999999	-0.0553529017	-0.0824230915	0.056043359	-0.0181454677	-0.0234817216	0.060282893899999995	0.0	-0.0432012	-0.009394599999999996	0.00186634368144	8.825850915999991e-05	0.0665095	0.0050455999999999964	0.00442351359025	2.545807935999997e-05	-0.372102	0.02689600000000003	0.0007233948160000018	0.138459898404	0.00447024	-0.00030169999999999936	1.9983045657600007e-05	9.102288999999963e-08	-0.00029315900000000003	-0.000130127	1.6933036129000006e-08	8.5942199281e-08	-0.00131764	-9.333999999999928e-05	8.71235559999986e-09	1.7361751695999996e-06	0.0	0.0	0.0	0.0	0.0	0.0	0.0	0.0	0.0	0.0	0.0	0.0
6669.635036045152	0.8057329447938173	0.6492055783261166	44484031.51404102	5524.982444226257	-6.997871583070264	30525431.009008344	48.970206693142316	4767.666008560528	-0.4582764890974431	22730639.16918348	0.2100173404594789	4739.496489189659	9213.42289081575	1.217172	29.144135	0.1128743	0.08015429999999997	-0.0550296976	0.0511484061	0.026505034	0.0386026357	-0.0183839408	0.0037919395	0.10210869630000001	-0.014852901200000001	0.0843048014	-0.0317446825	0.0796319147	-0.0037526986	-0.1052459032	-0.057869072199999996	0.0777848544	0.0162766009	-0.006459885500000001	0.015237032900000001	0.053052781900000005	0.060526677599999995	-0.004749124699999999	-0.0015375857999999998	-0.0591180704	0.0429637279	-0.0313603957	0.0637935161	-0.038142708500000004	0.09907269279999999	0.0078596666	-0.1592332713	-0.0153513513	0.037998118	0.058720523899999995	0.012029733	-0.0360729687	-0.0081962067	0.054087509299999996	-0.025725815899999997	0.0078324178	0.0743957849	0.0550070823	-0.0333250672	0.0416643655	0.0235667856	0.0287666798	0.0299845741	-0.026975773999999998	-0.0092779662	0.0722026893	-0.1204540376	0.1128351965	-0.0025414159	0.0802673735	-0.11613696779999999	-0.030272075099999997	-0.032910923599999996	0.1535544339	0.1473626798	-0.0216342603	0.0119711595	0.0770567882	-0.0818497541	-0.016987386200000003	0.0494068842	-0.104719914	-0.018391008	0.010888946799999999	-0.0471557601	-0.0937664751	0.0055437338	-0.0712543508	0.0767780971	0.008207273900000001	0.1414920707	0.0161512288	0.0415970117	0.0889605669	0.0203803075	-0.0056372112	-0.0729616459	-0.1033168476	0.0082894093	0.0572280638	0.0403011902	0.055597465	0.043350507	0.0294894092	0.003852807800000001	-0.05836546240000001	0.0709582046	-0.0533405724	0.0046038284	-0.0614306224	-0.0039240831	0.0369909117	-0.06401170070000001	-0.0107755678	-0.0104363827	0.0201747942	-0.06185824440000001	-0.147858212	0.1179710023	-0.0597872828	0.023383203199999997	-0.0003372525	-0.061052441299999996	0.0438211504	-0.021214682599999996	0.0680536593	-0.0716114379	-0.0431877837	-0.04632997690000002	-0.1543835922	-0.014157776799999999	0.0651423257	-0.0571770859	-0.0135670589	0.0389370796	0.013006196599999999	-0.046209925	0.0236284413	0.0228530827	-0.0619720916	-0.0784090917	0.0111528384	-0.0346735412	-0.0569662643	0.0013338482999999998	0.0194870719	-0.0465646837	0.0082346886	-0.06086351490000001	-0.1480148442	-0.08547629779999999	0.053009901500000005	-0.015245223200000001	0.12742747699999998	-0.006438826700000001	0.0204543448	-0.1103157756	0.10944362	-0.019652944199999998	-0.0098576087	0.08675895759999999	0.0049612879	-0.12423291289999999	0.0632962786	0.0232687429	-0.013101955	0.0346639562	0.09552998859999999	-0.0293614848	-0.0408778063	0.11312303539999999	0.0511540822	0.0383094095	-0.1182090098	0.0299993554	-0.1165635725	-0.075345849	0.0814978187	-0.09014705140000001	0.0218972373	-0.0527259718	0.057468942099999996	-0.010744732199999999	-0.063511259	0.047138317400000004	-0.0618815618	-0.054912299299999995	0.0894638484	0.0833720681	0.0106951679	0.013588558899999999	0.0424112385	-0.0418381149	0.0300118638	-0.024273535099999997	0.0678571862	-0.0162714082	0.0306703624	-0.0650676638	0.0450348387	-0.0332399658	-0.114438746	0.0941665015	0.08537171630000001	-0.082953507	0.0579531217	-0.0217113192	-0.0187419216	0.055559711	0.0	-0.0449224	-0.001721200000000006	0.00201802202176	2.9625294400000213e-06	-0.0109676	-0.07747710000000001	0.00012028824976000002	0.006002701024409999	-0.39287	-0.02076800000000001	0.00043130982400000034	0.1543468369	0.0042567	-0.0002135399999999999	1.8119494890000007e-05	4.559933159999997e-08	-0.00029315900000000003	0.0	0.0	8.5942199281e-08	-0.00136226	-4.461999999999999e-05	1.990944399999999e-09	1.8557523076e-06	0.0	0.0	0.0	0.0	0.0	0.0	0.0	0.0	0.0	0.0	0.0	0.0
6669.544631060047	-0.09040498510512407	0.008173061331857705	44482825.58570191	5526.041323723832	1.0588794975747078	30537132.71150344	1.1212257903840657	4766.110908661036	-1.5550998994922338	22715813.19365773	2.418335697400756	4739.156742103928	9202.718766861835	1.022133	24.474083	0.0638681	0.0491014	-0.0352362021	0.0611669567	0.091268454	0.013696273	-0.0450784026	0.0693046749	0.0048837975	-0.068314157	0.0309958414	-0.0379375585	0.0397409206	-0.052811467800000005	-0.07833690900000001	-0.052539957000000005	-0.0963090494	-0.042213143700000004	0.0854982021	-0.0387257923	-0.0174245396	-0.0236359847	0.0884113576	0.0177814569	-0.0349635325	0.0059796664	-0.0594010966	0.038049785	-0.0267653055	0.07208476230000001	0.0513330274	-0.07964587940000001	0.031777512200000003	0.1346513265	0.0522394245	-0.030790518399999998	-0.055397677199999995	-0.0143243848	-0.045347887	0.0118029392	0.0147305975	0.0780641429	-0.0121452852	-0.0339777431	-0.0189970579	0.1355099907	0.1448034987	0.0287747767	-0.0800180024	0.0122883522	-0.0231851329	-0.0475311334	-0.01697063	-0.0471918108	-0.17177868	0.0168535947	0.0217630865	-0.0491393191	0.09227512460000001	0.0140952156	-0.0193703472	0.0033159754	0.0997852566	-0.0562767079	-0.046387854900000004	-0.054674323899999995	0.0432048645	-0.10867222369999999	0.0177159717	0.0039294656	-0.065706449	0.0387416322	-0.0251852075	0.0818142009	0.0466923141	0.039997463500000004	0.1914581321	-0.0252747073	-0.0335818054	-0.0401705341	0.044545347699999994	0.0440981246	-0.0441469813	-0.0373413598	0.0170069715	-0.0690979831	-0.0211425639	-0.021824384	0.0824319812	0.0650101478	-0.1311652938	0.0453969616	-0.0282595317	0.0082700597	0.06916311509999999	-0.0054626625	-0.043107345199999994	-0.0518579529	0.114256552	0.0424906683	-0.0616351056	-0.0896537958	0.05666444070000001	-0.1182998638	0.09575147279999999	-0.1081897358	0.0167933026	-0.0389264503	0.0042521673999999995	-0.05177854230000002	0.0355682461	-0.051325026100000004	-0.0361052231	0.0084386072	-0.0887654257	0.040468654300000004	0.1360178324	-0.0493274365	0.0277334254	0.0726807142	-0.048664680700000004	0.04648938	0.0189761993	-0.0377618115	-0.0923234857	-0.0021831468	0.0452443753	-0.0599791716	-0.031412178799999996	0.1940219293	-0.010988916299999998	-0.041203204300000004	-0.023156503999999998	-0.0144000695	0.0383699037	-0.171614425	0.0579842625	0.0751608605	-0.0880620064	0.0734131646	0.0736900732	-0.09426817550000001	-0.0195734252	-0.058133247	0.0289454752	0.1111235243	0.0294180874	0.0256812879	-0.08773369560000001	0.059782007699999994	0.0215834983	0.0242134013	0.0010104296	-0.0263722558	-0.1101373464	0.021819665499999998	0.0469760065	0.0245382999	-0.11736288130000001	-0.12528648380000001	0.017258112199999998	0.0693149658	-0.0267361872	-0.0267563886	-0.0153051283	0.0503253906	-0.0195677133	-0.048476972	-0.0435851637	0.0491529697	-0.024642196	-0.0658688494	-0.0168465146	0.1157150426	-0.0502721055	0.0280958114	-0.1034435232	-0.0297969865	-0.0052370558	0.0608605064	0.0055545156000000005	0.1365501921	-0.019594366499999998	-0.0591128499	-0.0571769946	0.1516816009	0.0848764323	-0.0472242705	-0.0588638358	-0.0834693467	0.0598221543	-0.0252428406	-0.013949442900000001	0.0505925538	0.0	-0.0449468	-2.440000000000081e-05	0.00202021483024	5.953600000000395e-10	0.0370076	0.0479752	0.0013695624577599993	0.0023016198150399994	-0.388612	0.004257999999999984	1.8130563999999865e-05	0.151019286544	0.00414721	-0.00010949000000000028	1.7199350784100002e-05	1.1988060100000063e-08	-0.00029315900000000003	0.0	0.0	8.5942199281e-08	-0.0014849799999999995	-0.00012271999999999956	1.5060198399999892e-08	2.2051656003999984e-06	0.0	0.0	0.0	0.0	0.0	0.0	0.0	0.0	0.0	0.0	0.0	0.0
6658.270057862714	-11.274573197333664	127.11600078203469	44332560.163431145	5531.973501912947	5.932178189114892	30602730.82586699	35.19073806741046	4765.023543536903	-1.0873651241327025	22705449.37046099	1.1823629131801274	4737.413711096951	9117.02520332879	1.034982	24.781757	0.17094099999999998	0.126109	-0.011859536799999999	0.0611125708	0.0799731604	0.026966737200000004	-0.0820167917	0.0218660604	0.0563576111	-0.0374800345	-0.0509408617	-0.0263442319	0.0223275046	0.0262704965	-0.0881391617	-0.046704736	-0.046933309000000006	-0.0267376047	-0.1240708855	0.0074747808999999985	0.0970421518	0.05233835480000002	0.020202838	0.0214727088	-0.0758015437	-0.023049852200000002	0.0633920173	0.0738412554	-0.0008809814	0.11035035779999999	0.0473409474	-0.1281766962	-0.0325695507	0.0148022876	-0.012124878200000001	-0.0582670282	0.0009004213000000002	-0.0231861979	-0.037905817	-0.0048089531	0.0066557785999999996	-0.0369547374	0.013934947	-0.0296224046	0.006371425500000001	-0.08874600380000001	-0.0093823762	0.0593443212	-0.06646364540000001	-0.0017628504999999996	0.0368626944	-0.0521678333	0.0017697876	0.0048460827000000005	-0.0071238653000000015	-0.10652286710000004	-0.0669223414	0.1082043424	0.0597846005	-0.0394694572	0.0034373022	-0.0276558128	-0.0001108575	-0.0455654622	0.0237398844	-0.0911002245	-0.038422150499999995	0.0989020323	0.0268164312	-0.0263184013	0.0108380414	0.0162640853	0.040212123599999997	0.1495182104	0.0860950779	0.012557539	0.056682848200000004	-0.0431185455	-0.0099655865	-0.030808286	-0.0032755792	0.0443125121	-0.042067149000000005	-0.056863072800000004	-0.079915072	-0.0497100656	0.0577697939	0.028769202200000007	-0.0356023354	0.042213765300000004	-0.0086821791	0.0073478122	-0.0470038237	-0.08739139050000001	0.0703979513	0.1277341749	0.0406219444	0.066683626	-0.020834763	-0.039181023100000004	0.0036013291	0.0701734275	0.037298346600000004	-0.0242491257	0.0632673434	-0.035776173	0.021330477400000002	-0.07942063	-0.0250561752	0.0663732381	0.0641479773	-0.0638198326	-0.0763644047	0.014573509299999999	-0.13583086519999998	-0.0316374965	0.040925702	0.0178353432	0.0573840514	-0.006159766999999999	-0.032388914399999996	0.022660412400000003	0.0020587136	-0.0213702625	0.0132606783	0.0115262774	0.0619688946	-0.015601450800000001	0.0032798859999999997	-0.0674288726	-0.0030769329	-0.0863094373	0.0143626449	-0.0231729658	-0.0314324031	-0.14001036	0.0106815724	0.032058252599999996	0.094244356	0.0019015897	-0.11363164949999999	0.0345718704	-0.0116732897	0.0107649446	0.0040798338	-0.0375911357	0.0006880781	-0.029812917999999997	-0.06072634320000001	0.0103745829	-0.1022958147	-0.0826559355	0.07341603	-0.011160462900000001	-0.0070049752	0.0029378434000000004	0.0587430558	-0.11293154429999999	-0.0806565119	-0.016200508	-0.0063527389	0.058047866399999995	-0.0034174371	0.0025475419	0.0101867757	0.0688265634	-0.0584990742	-0.016184165	0.0538389326	0.019341164299999998	0.0525027183	-0.1000826245	0.01115221	0.0270925924	-0.011812835700000001	-0.08652456289999999	-0.036535085	0.0420180856	0.04550075889999999	-0.1244460603	-0.0401264114	-0.0154929372	0.009699391	0.0680295879	-0.011998706699999999	0.0264056731	0.0125339667	-0.046958818	-0.0013537061	-0.08397052	0.0616491434	-0.028734448	-0.0091177559	0.045403234199999996	0.0	-0.044822900000000006	0.00012389999999999624	0.0020090923644100005	1.5351209999999067e-08	-0.07796799999999998	-0.11497559999999997	0.006079009023999997	0.013219388595359996	-0.389513	-0.0009009999999999851	8.118009999999731e-07	0.151720377169	0.0050167	0.0008694899999999997	2.516727889e-05	7.560128600999993e-07	-0.000120459	0.00017270000000000002	2.982529000000001e-08	1.4510370680999997e-08	-0.00142836	5.6619999999999414e-05	3.205824399999933e-09	2.0402122896e-06	0.0	0.0	0.0	0.0	0.0	0.0	0.0	0.0	0.0	0.0	0.0	0.0
6642.873193164972	-15.396864697741876	237.06344252057	44127764.26046979	5521.04401211816	-10.929489794786603	30481926.98374579	119.45374717434454	4759.119095739526	-5.904447797377544	22649214.5674326	34.86250379195652	4731.592275454907	8971.931269893457	1.0959660000000002	26.241959	0.06246115000000005	0.0394976	0.0167355309	0.0643694371	0.024127665299999997	-0.11401366310000001	-0.024783270899999998	-0.0016725669	-0.0242620003	-0.1207135026	0.0319719957	-0.0548685247	0.028860181600000007	-0.0097088828	-0.025668413799999998	0.0045572254	-0.0821173223	-0.0196162268	0.0112063524	-0.0208338728	0.06951468570000001	0.0099310101	-0.0035137470000000002	0.0523463579	-0.09979506390000001	-0.012504675	0.0696355226	-0.0922589952	0.0198452773	0.0923922378	0.0423601842	-0.0762483716	0.0418279862	0.0346997742	-0.0336246494	-0.0636440637	0.0506702148	0.0143554676	-0.0059651669999999995	0.0022597594	-0.055976052400000004	-0.0786429865	-0.028210460099999998	-0.028329968599999998	0.051389982300000005	0.0511998346	-0.0767842307	-0.0007127286	-0.025351236099999997	0.0045940363	0.0395879626	0.1103052658	-0.0284136604	-0.0649161768	-0.0355397645	-0.0068430563	-0.052183145	-0.0939782207	-0.0411865989	-0.0415555329	0.10865864119999999	-0.050146263499999996	-0.006623163499999999	0.0515320316	0.0337550569	-0.0559035112	-0.047198195199999994	-0.0097273324	0.0652630579	-0.07017182570000001	-0.0650873944	0.0240302001	0.0446739316	0.0988626093	0.0832947137	-0.0513839382	0.0177254304	-0.0406638228	-0.0290992819	-0.0756935857	0.044025106200000004	-0.0398327378	-0.0108032071	0.030314546600000002	0.0156211322	-0.0533737424	0.0319014219	-0.0741536373	0.1653093766	0.0104789678	0.0672854112	-0.026849350600000002	0.0077630096999999985	-0.0694986741	0.0593070764	0.0454749755	0.018297678799999998	-0.08583706599999999	-0.09300482380000001	-0.0097349551	-0.0452325755	-0.0981567907	-0.0516422382	-0.07128033610000001	-0.0067638236	-0.011091708700000001	0.05272511690000002	-0.1027301065	-0.0150561961	0.0610776251	-0.0988832511	-0.030976804900000002	-0.0721591239	0.0177163003	-0.0929452901	0.0290963308	0.043407097199999994	0.034411063799999995	0.0615671509	-0.0526936823	0.0171223592	0.0039563906	0.0019848645	0.023487553900000003	0.0494072739	0.0539877199	0.044119784100000004	0.0919206735	-0.0401554485	0.0020175497	-0.036818280099999996	-0.034922446600000004	-0.009739915200000001	-0.0682805755	0.11149735529999999	0.029219890800000002	0.0548711779	0.0028587087	0.0103730251	0.0223210031	0.09314968960000004	0.0825942291	-0.032645376600000005	-0.0283533261	-0.07450771	-0.027122013799999997	-0.08595269189999999	0.0778215872	-0.03428019	0.0362606407	0.021971304900000002	-0.0657164779	0.1381426309	-0.017424036599999998	-0.0456801009	0.0019312296	0.056811870599999995	-0.0902995935	-0.011859328200000002	-0.0157170068	0.024603580899999998	-0.0221791468	-0.0972986411	-0.0136939552	-0.0317570798	-0.0412375171	0.0040995855	-0.0555262107	-0.0051502413	0.0932489941	-0.0639838407	-0.0622615479	-0.09181842800000001	-0.0692817475	0.021481677799999998	-0.0014171057000000001	-0.038512038900000004	0.0120008167	0.06993148469999999	-0.0616988508	0.11701582880000001	-0.0302142283	0.045220415300000004	-0.13742958689999998	0.00046489540000000003	0.0632123623	0.0060912439	0.05493604269999999	0.006313179	-0.0844569388	0.0634328049	-0.0321806203	-0.0042604413	0.0400145395	0.0	-0.0448257	-2.7999999999903102e-06	0.00200934338049	7.839999999945738e-12	-0.0455482	0.03241979999999998	0.00207463852324	0.001051043432039999	-0.410743	-0.021230000000000027	0.00045071290000000115	0.168709812049	0.00517202	0.00015532000000000046	2.6749790880400006e-05	2.4124302400000144e-08	-0.00013886	-1.8401000000000016e-05	3.3859680100000063e-10	1.92820996e-08	-0.00143081	-2.4499999999999782e-06	6.0024999999998925e-12	2.0472172561000003e-06	0.0	0.0	0.0	0.0	0.0	0.0	0.0	0.0	0.0	0.0	0.0	0.0
6637.895373511414	-4.977819653558073	24.778688503349	44061654.98968423	5529.31199398661	8.267981868450079	30573291.126844186	68.35952417701925	4755.394895524067	-3.7242002154589504	22613780.61237635	13.869667244824491	4727.73435206094	8937.816937294894	0.88908	21.288258	0.08497546999999997	0.0522576	0.0291390304	0.0728413857	0.0262367912	-0.0302609904	-0.0583610204	0.0107320393	0.041145096400000004	-0.07222234129999999	-0.0683548692	0.07173008410000001	0.0206709149	-0.0138109922	-0.08030624809999999	0.0069692435	-0.041131899900000005	-0.0744751337	-0.0971444505	-0.037311200499999995	-0.0178845593	0.0071492155	-0.025149058	0.0806954208	-0.0665294516	-0.0114554705	0.0049643375	-0.0289758467	0.011315481899999999	0.0188611045	0.06998506780000001	0.0406170835	0.0614425889	-0.0200462447	-0.08983026390000001	-0.09913547519999999	0.0257520454	0.0010557328	-0.0691931471	-0.08282745059999999	0.010717923899999999	-0.0414827567	-0.00730165	-0.012756981	0.0468172388	0.0197452304	-0.0725744688	0.079557222	-0.054250668499999995	-0.011583405900000001	-0.0227623627	0.0048982175	-0.0370405383	-0.008401167900000001	0.0420170658	0.0840496333	0.09473574380000001	-0.0017277498999999999	-0.0628480229	0.0074165465	0.0520497718	-0.0032245539	-0.14464054070000001	-0.06356226599999999	0.0388584163	0.030395464	0.0005437298999999999	0.0535300839	-0.0120879089	0.0788362036	0.0205325151	-0.05662808320000001	0.1432324328	0.0274702434	0.0916171809	-0.0236901771	0.0014728309	-0.0587733502	-0.0322860416	-0.045629280300000005	-0.059433658499999986	0.029098428500000002	-0.0618220617	0.0058770811	-0.0576563066	0.126051828	-0.0797914578	0.0094937265	0.0770214513	0.124884371	-0.054664821100000004	-0.0338092622	-0.006629979100000001	0.0607233541	0.028160654700000006	-0.009027377	-0.1418648035	-0.06730300269999999	-0.0617624813	-0.146255419	-0.027221791800000002	0.0217480106	0.0786839233	0.0999695526	0.0120282848	0.008211454	0.0807175874	-0.0680791032	-0.0101254762	-0.005557275899999999	-0.0373280558	-0.0127263295	-0.025945094100000003	0.0806910804	0.0109002374	0.0516229363	-0.014066121899999999	0.0828733787	0.106307439	-0.034683773	-0.033386378599999995	0.0548233816	0.0976977899	-0.0086073083	0.0422467246	0.0342277346	-0.010841223600000002	0.0619465016	-0.0426588129	-0.0165909048	0.02509912	-0.0979659985	-0.05848763410000001	0.0233238877	0.0356077369	0.0608776263	-0.082558779	-0.077107672	-0.0536218613	-0.0574104686	0.0083248133	-0.0139180739	0.015470903700000004	0.0209961277	-0.0901724814	-0.163005664	0.0633818554	-0.0177088826	0.0153372977	0.0085716465	-0.0112449329	-0.056458915400000004	-0.0048890155	0.0891045209	-0.0614734663	-0.1015724325	0.0060175378	-0.1106971399	0.0056859787	-0.0196513197	-0.0091488036	0.0960298976	-0.024176783700000003	-0.0093184173	0.0701500946	0.0606729405	0.08903824689999999	0.0151746674	0.0271536204	-0.0799202444	-0.0840145305	0.007535148	-0.0708064733	0.0017101728	-0.1032476182	-0.0543740156	-0.0336475748	-0.014872681399999999	-0.09493070810000001	0.0336546889	0.1318875158	-0.0229200127	0.121160597	-0.0330880566	0.0243183882	-0.0808587921	-0.0259803869	-0.1142786516	-0.0186503152	-0.0849285176	0.0651718852	-0.0355759084	0.0006088484	0.034450132599999995	0.0	-0.0448287	-3.0000000000030007e-06	0.00200961234369	9.000000000018002e-12	-0.00167153	0.04387667	2.7940125409e-06	0.0019251621702889	-0.393919	0.016824000000000006	0.0002830469760000002	0.15517217856100002	0.00480162	-0.00037039999999999984	2.3055554624400008e-05	1.3719615999999993e-07	-0.00010665400000000004	3.220599999999997e-05	1.0372264359999982e-09	1.137507571600001e-08	-0.00151364	-8.282999999999988e-05	6.860808899999981e-09	2.2911060496e-06	0.0	0.0	0.0	0.0	0.0	0.0	0.0	0.0	0.0	0.0	0.0	0.0
6636.291553436328	-1.603820075085423	2.5722388332470114	44040365.58221036	5528.8745418389635	-0.4374521476465816	30568453.69939501	0.1913643814806066	4758.439337713805	3.04444218973822	22642744.930702195	9.268628246658048	4730.723306947173	8937.34898966182	0.859944	20.590601	0.04989115000000007	0.0269152	0.0339000447	0.0641683095	0.0543451983	0.0455673639	-0.0507757145	0.0063281469	0.0937958841	0.0383756412	-0.017566236399999997	0.07157319820000001	-0.024070625800000002	0.0653050176	-0.035773579900000005	0.0018334879999999999	-0.1064197823	-0.0629184453	-0.004648929600000001	-0.0567937112	0.08959728980000001	6.74295e-05	0.0019772338	0.06049278070000001	-0.057978751399999987	0.005631623499999999	0.03245159	0.07601264320000001	0.0255278239	-0.0037109	0.0846473524	0.0737093267	0.0172469167	-0.0203854651	-0.051229496299999996	-0.0373435562	0.1515604659	-0.026141886800000003	-0.09864685699999999	0.0169292787	-0.017097883300000002	-0.0376665843	-0.046595646	0.08871759470000001	-0.052132936500000004	-0.0408270558	0.0110653149	0.033851107799999995	-0.029469654700000007	0.0077870829000000015	0.027168437200000003	0.0193369843	0.0092496814	0.00813804	0.0381555389	-0.0137946578	0.00044396480000000004	-0.0641594368	-0.0207308312	-0.06870288769999999	0.0567899049	-0.042530211799999995	0.06914936070000001	0.0282183994	-0.0856115556	0.118046371	-0.0071282267	-0.0022247724	-0.0138714003	-0.07545752230000001	0.0475066471	0.07455296559999999	0.0699432456	-0.046395498	-0.040438726	-0.1216419475	-0.1020508859	-0.0281282842	0.06541922530000001	-0.15295313619999998	0.024221435899999998	-0.0143038633	-0.1393177372	-0.0259490845	0.1360202643	-0.0550960775	0.006311940500000001	0.0774906027	0.1002619322	-0.0347700128	0.0705116016	-0.0711753589	-0.1309284068	0.0176451584	0.015058428700000001	0.0042698587	0.0864167278	0.0736429064	0.0837658241	-0.0982675817	0.041998671200000004	0.0495239165	-0.0219747177	0.0182322185	-0.0032863988	0.0063958120999999995	0.0604187346	-0.0596384116	0.005311838100000001	0.031316456	0.0674120544	0.0043751560999999994	-0.018395633999999998	0.1048767535	0.0396639211	0.012815728600000001	-0.023695969900000002	0.043248209100000004	0.0261797081	-0.1568529642	-0.0587174277	0.0822859732	-0.0239210291	0.0212893534	0.027131917599999996	0.0620990261	-0.0745628957	-0.0380108321	0.06350233940000001	-0.0108076134	-0.0157211149	-0.025685779199999998	-0.034069768199999996	-0.023056436200000002	0.015952446999999998	0.047771583799999996	-0.00043158599999999997	0.0161348298	0.048349902199999996	-0.0500797196	0.049462791299999996	-0.0011877434	-0.09410437519999999	-0.0780115432	-0.0027717397	0.023810244100000003	-0.0121060153	0.0086361254	0.1199090687	-0.0503109954	-0.0185058699	0.07367592320000001	0.0567094429	-0.06707742259999999	0.0459911969	-0.0835399046	-0.012689205700000001	-0.0553177535	0.1473651836	0.0043018909999999995	0.0051056658	-0.045654061600000004	-0.1272892541	-0.0585394045	0.044029749900000005	0.0389300356	-0.0051093959	-0.057477020499999996	-0.1806466716	0.08684993810000001	-0.0630551159	-0.1128137083	0.0071102121999999995	-0.07143771639999999	0.059799729800000014	-0.10328856119999999	0.0418700762	-0.09557136220000001	0.0139402707	-0.0288489085	-0.0979176565	0.0741668793	0.09701329550000001	0.0465507363	0.0013370731	-0.0428106424	-0.0531339974	0.0156175672	0.0700242368	-0.0853851737	0.066865162	-0.0389149436	0.005476426800000001	0.028734448	0.0	-0.0449046	-7.58999999999968e-05	0.0020164231011599995	5.7608099999995145e-09	0.00172997	0.0034015	2.9927962009e-06	1.157020225e-05	-0.374119	0.01980000000000004	0.0003920400000000016	0.13996502616099998	0.0045674	-0.00023422000000000023	2.086114276e-05	5.485900840000013e-08	-0.00029315900000000003	-0.000186505	3.4784115025e-08	8.5942199281e-08	-0.00140209	0.00011154999999999995	1.2443402499999994e-08	1.9658563681e-06	0.0	0.0	0.0	0.0	0.0	0.0	0.0	0.0	0.0	0.0	0.0	0.0
6636.833042469859	0.5414890335305245	0.29321037343382145	44047552.83361972	5542.994297919235	14.119756080271143	30724785.78676515	199.367511766354	4763.501885435264	5.062547721458942	22690950.212545317	25.629389432049123	4736.017846685075	8875.322412129444	1.101367	26.371288	0.09068441	0.053971500000000006	0.0472205007	0.06357459110000001	0.0098188535	-0.0606252428	0.0556631692	0.0033265113	-0.0378179094	-0.0698976147	0.1061506112	-0.0228942002	-0.0403038023	-0.0146448306	-0.0495514774	0.0023760096	-0.0636310115	-0.0516579239	-0.0421018286	-0.0432376896	0.1485769431	-0.0490761888	-0.0388680823	0.0204460065	-0.076541737	-0.0153739345	-0.0020667794	-0.0495675352	0.0067366329	0.1058161781	-0.06641346620000001	-0.043488279500000004	-0.0415891813	-0.046635481299999997	0.0054128952	0.0159652733	0.0537728259	-0.0380306144	0.0093031992	-0.0085590139	-0.045284621799999994	0.0036006433000000007	-0.09970444869999999	0.0576380277	-0.1421859534	-0.0324106542	0.029179728199999998	0.0015768772	-0.0650538926	-0.050707662699999996	0.029158051400000006	-0.0587792034	0.0544338975	0.0648941971	-0.0436854328	-0.055039666200000004	0.0171562083	-0.0170414531	0.015246951000000003	0.0773725368	-0.0268968079	-0.0487478857	0.0833489571	0.09315218089999999	-0.0346191563	0.0193863027	-0.1151940531	0.1302317295	-0.0869049342	0.072432598	0.0630393126	-0.0446168088	0.0667894639	-0.0293326176	-0.0539540575	-0.0448697584	0.042695493099999995	0.0078332629	0.0044026785999999995	0.028183400499999997	-0.02047383	-0.024572611400000003	0.0073432199	-0.0389148451	-0.0801176307	0.0012603022	-0.11094363730000001	0.0788893963	-0.0991776244	-0.0224418838	0.0031436838000000003	0.039268272	-0.0072944524	-0.0190915633	-0.0405005077	0.044528091900000004	0.0304936916	-0.007676221800000002	0.0197533137	0.0153234749	0.018151383	-0.0623423871	0.0368898118	0.0358547601	0.0164472058	-0.06889067559999999	0.0197929913	-0.0786551377	-0.014257323600000003	-0.0083145222	-0.047932513600000004	-0.060546111	-0.0829808436	-0.0887741975	-0.0337066852	-0.0395630934	-0.0392250993	-0.0034728848999999997	-0.0150108957	-0.0548055324	-0.025207931200000002	0.0012479554	-0.0085553975	0.052926519400000004	-0.0546450452	0.0749031141	-0.0285742957	-0.0430031533	0.1620320019	0.031023222000000007	-0.0492701398	-0.061764374500000004	0.0462660717	-0.0105939902	-0.10616690320000001	-0.0235267173	-0.029929475499999997	0.0595484079	0.0045653285	-0.0049278179	0.0303086151	-0.008305523	0.0885584017	-0.0001677137	0.0979460716	-0.029756295800000002	-0.10989380160000001	-0.1036995867	0.0174547597	-0.1292324804	-0.0522118751	0.0194509117	-0.0121576176	0.0797951004	0.0241147925	-0.035011831800000004	0.0226849115	0.00222002	0.0281370878	-0.013928171000000001	0.0352604685	0.0387711664	0.0344457839	-0.0477979442	0.0059353954000000006	0.0071614718	-0.0677319109	-0.026591362799999997	-0.0065435502000000005	-0.1618477288	0.0349189579	0.0411427761	0.029523574700000006	0.0493792148	0.0361221323	-0.0559343661	0.0594277976	0.0274216581	0.0185837864	-0.0456632509	0.018597401200000002	0.0098325384	-0.0061934841000000004	-0.0072394166000000005	0.0662451032	0.022075156600000003	0.0010634543	-0.049298967	-0.0355934892	-0.08582682679999999	0.0685114455	-0.0421924464	0.0103286123	0.0228925844	0.0	-0.0448406	6.399999999999462e-05	0.00201067940836	4.095999999999311e-09	-0.00617134	-0.00790131	3.80854373956e-05	6.24306997161e-05	-0.4106010000000001	-0.03648200000000007	0.001330936324000005	0.16859318120100006	0.00524272	0.0006753200000000001	2.74861129984e-05	4.560571024000001e-07	-0.000176407	0.00011675200000000002	1.3631029504000005e-08	3.1119429649e-08	-0.00126942	0.00013266999999999988	1.7601328899999967e-08	1.6114271364000004e-06	0.0	0.0	0.0	0.0	0.0	0.0	0.0	0.0	0.0	0.0	0.0	0.0
6633.897458362129	-2.935584107729482	8.617654053553903	44008595.48806352	5524.275161781931	-18.719136137303394	30517616.063080784	350.4060577268978	4772.335587007552	8.833701572288193	22775186.95501872	78.03428346824688	4744.6145110479465	8826.315943029393	1.068274	25.578888	0.16325144	0.0924877	0.0629974536	0.0903983229	0.0158990853	-0.0472447636	0.0482425888	0.0270221052	-0.0547530283	-0.09583331519999999	-0.0143129018	0.08499846109999999	-0.06218944980000001	0.0264042452	-0.036080664900000003	-0.0645626623	-0.0684169213	0.0107864491	0.09638133230000001	-0.0694735755	0.011364248600000001	-0.0746906437	-0.0379294059	-0.0391251448	-0.06407564889999999	-0.0047700311	-0.1072958112	-0.07046685700000001	-0.033594134399999996	0.031409769	0.032542703	0.0794287338	0.0620134168	0.0337636366	-0.09824089789999996	0.1447468022	0.0111879028	-0.1243795578	0.0479933159	0.0268877985	0.021234702999999997	0.10852756570000001	0.0179279424	-0.0124315394	0.039036381099999996	-0.0358543192	0.008928364	-0.0835443217	0.013647330800000001	0.0331350204	0.1147986331	0.0768753542	-0.0484819076	-0.0200853951	-0.0482651472	-0.0467492916	0.04678780849999999	-0.0170322599	0.0058640148	0.061302601	0.0002252321	0.0357536282	0.08485573029999999	0.015410553700000001	-0.0040612341	-0.0429709217	-0.0258145192	-0.01885022	-0.089363204	0.0686361196	0.0071083846999999995	0.0242776163	0.08669611529999999	-0.0866936267	0.0014359129999999998	-0.021997201	0.0390649019	-0.1121398842	0.015244770500000001	-0.0103453524	-0.0020356358	0.0768145979	0.0246304956	-0.0037937493	0.0072945708	0.0092093762	-0.1840318168	0.073769073	-0.025785496800000002	0.014557648700000004	0.0936804465	0.06843475660000001	-0.0438438941	0.0779625372	-0.1417564543	-0.016881711100000002	-0.0028605502000000004	0.0194422325	-0.062468652199999995	-0.013259174299999999	0.0720244488	0.031908473799999997	0.0549589613	0.0444011537	0.0036751682	0.0572391026	-0.0408740638	-0.0654902596	-0.0010435067999999999	-0.1177315381	-0.0753983347	-0.035361745	-0.0079854088	0.0442254764	0.0694739248	0.055797863600000004	0.0425091637	0.1098764466	-0.1450931771	-0.0020051669	-0.0857060459	-0.0826781617	-0.012076521699999999	-0.0009836047	-0.1193880749	-0.0462394542	0.008436094	-0.035855869	-0.0369268752	-0.0365520224	-0.0723344875	0.07912917400000001	0.0019205385	-0.12044899419999999	0.0672799179	0.0127484207	-0.007079053	0.0370187335	-0.0159209489	-0.0231912278	0.022340712999999998	0.0027558495	0.08001976969999999	0.0135992348	0.0371427994	0.012106021399999998	-0.0460989262	-0.0839792237	-0.0777825865	-0.0302014656	-0.0049175194	0.0760898768	-0.0513758237	0.032821632999999996	-0.0444460218	-0.0843103713	-0.0637526859	0.0123154571	0.05171854769999999	-0.0401527002	-0.0394486719	0.0755377147	-0.0635606882	-0.0058139546999999995	-0.0550606341	0.049019052599999995	0.0330759995	0.0411083199	-0.048416144800000005	-0.1101900559	-0.0043986617	0.047505872000000005	-0.0680308983	0.0520741283	0.09796852710000001	-0.0360863258	0.1567431469	-0.0595554292	-0.0471950716	0.032476900499999996	0.0264817758	-0.09158721369999999	0.020692806100000002	0.0523549376	0.0401136837	-0.0086169326	0.0364451923	-0.0404352237	0.07526691	-0.0862533992	0.0701095784	-0.045403234199999996	0.0151517667	0.0169501947	0.0	-0.05787390000000001	-0.013033300000000005	0.0033493883012100005	0.00016986690889000012	0.0786526	0.08482394	0.006186231486760001	0.0071951007971236	-0.4289600000000001	-0.018359000000000014	0.0003370528810000005	0.18400668160000005	0.004956	-0.00028671999999999986	2.4561936000000005e-05	8.220835839999992e-08	-0.000522571	-0.000346164	1.19829514896e-07	2.73080450041e-07	-0.00157724	-0.00030781999999999983	9.475315239999991e-08	2.4876860176e-06	0.0	0.0	0.0	0.0	0.0	0.0	0.0	0.0	0.0	0.0	0.0	0.0
6639.979055169205	6.081596807075584	36.985819723831945	44089321.85308573	5546.504817334617	22.22965555268547	30763715.68871611	494.15758599104	4775.326432241808	2.990845234256085	22803742.53446728	8.945155215272337	4747.581428883964	8831.316569207804	1.129325	27.040716	0.06606534999999998	0.0518918	0.07050665610000001	0.0919613644	0.0549334405	0.0698814468	0.0164336282	0.0708761967	0.033894736	0.0373034759	-0.0052618663	0.0210284333	-0.0845771621	0.10727957169999999	-0.07295004320000001	-0.037735744	-0.0326569538	-0.0129755345	-0.0293427327	-0.0419776149	0.10463930460000001	0.036514054	-0.0027464468	-0.06891248950000001	-0.0628648742	0.012556504199999999	-0.069285917	0.1265789734	-0.11437998070000001	-0.038958958599999996	-0.0341588486	0.032845289	-0.0026523514	0.0672130776	-0.0073216874	0.0958276675	-0.0414413189	0.0632255821	-0.1353571579	0.0035605059999999997	-0.0333786422	0.0664866591	-0.0818639224	0.0047437013	0.0222693434	-0.0319265653	-0.007375614	-0.056998845	0.1626514002	-0.0149094181	-0.0089574745	-0.027133955699999997	-0.0189773881	-0.0928892573	-0.0216780408	-0.0103747026	-0.050817380700000005	-0.074789382	0.033274336099999996	0.0549980992	0.1323879722	0.016838536499999997	0.0736908959	0.0494551708	0.09107751	0.0522772113	0.038964265899999996	-0.11865317439999999	-0.0006275158999999999	0.0193619118	-0.04262121	-0.027486700299999996	0.0017985545000000001	0.0686727185	-0.0085023645	-0.0943068766	-0.0574375829	-0.015518374199999999	0.0593953387	0.06488242150000001	0.0982579972	-0.0041430325	0.0255734511	0.0397385298	0.0930569888	-0.0131439684	-0.0164889274	0.1469925091	-0.0725606279	-0.0097710922	-0.048443681399999994	-0.061037492699999994	0.0471147813	-0.032909678399999996	-0.035583203199999996	-0.1233201202	-0.0197427214	0.0929375195	-0.0043133419	-0.0336316828	0.0079659657	0.07709171690000001	-0.0352839694	-0.018889376200000002	0.0074194543	0.1106809638	-0.0690486618	-0.0631833079	0.015102836599999999	-0.059161857400000004	0.1253674094	-0.061357296799999995	0.0942746119	-0.0194694547	0.063670568	0.0094242809	0.0689886549	0.0030529498	-0.09462259070000001	0.043912302599999994	-0.0162975272	0.15635291880000002	-0.0067361361	0.0365885492	-0.047280759699999994	0.0120766655	-0.0376683419	0.032683431	0.0045021945	-0.0604748395	0.06468375309999999	0.1489441242	0.0705484046	0.0071603339	0.0486327418	-0.0613534508	0.0624395346	-0.0482559577	0.0037291966	0.041688878	0.0447956844	0.0007883719	0.056165645	-0.0613404191	-0.09663769050000001	0.0763628573	-0.11945041630000001	0.0522559539	0.0262464821	0.084841339	0.0804206264	0.049443426900000004	-0.025439886000000002	0.0240990917	-0.0699590584	0.0169177826	0.0699446112	-0.0460698363	0.09114203900000001	0.017452073000000002	-0.0371792513	-0.0450485466	-0.033352019	0.0094263201	-0.12360183359999999	-0.014855662	0.0518459981	-0.013975291899999999	-0.0782700671	-0.1092938743	0.0615341846	-0.0231471702	0.1063179252	-0.0683559181	-0.0610278976	-0.0223018725	0.0005692032	-0.006924145699999999	-0.0188532875	0.0987480126	-0.12726275039999999	-0.06766039809999999	-0.026121183500000002	0.034692126000000004	-0.0397144612	0.008635485699999999	-0.0734824487	0.0074838791	0.037089432900000004	-0.08666481599999999	0.0716584376	-0.048542230199999994	0.0199323335	0.0109333732	0.0	-0.0591982	-0.0013242999999999935	0.00350442688324	1.7537704899999828e-06	0.027290300000000003	-0.05136230000000001	0.0007447604740900002	0.00263808586129	-0.423978	0.0049820000000000975	2.482032400000097e-05	0.17975734448399994	0.00500164	4.563999999999957e-05	2.50164026896e-05	2.083009599999961e-09	-0.000573026	-5.045500000000003e-05	2.545707025000003e-09	3.2835879667600004e-07	-0.0015054	7.183999999999988e-05	5.160985599999983e-09	2.2662291600000003e-06	0.0	0.0	0.0	0.0	0.0	0.0	0.0	0.0	0.0	0.0	0.0	0.0
6647.389279751888	7.41022458268344	54.91142836580597	44187784.23656033	5545.857497178444	-0.6473201561730093	30756535.379010353	0.4190233845878492	4775.978941395205	0.6525091533967498	22809974.848650467	0.4257681952665431	4747.534475570942	8893.136964737383	1.217417	29.149998	0.09666101	0.055869900000000014	0.045455465099999995	0.0694992446	-0.016603308400000003	-0.0912140684	0.0245135444	-0.0114139025	-0.09253285900000001	-0.054110682	0.08299992	-0.0884527574	-0.0373416169	0.08244343	-0.09200355560000001	0.0556319205	-0.042106955300000005	0.0209855114	-0.0501281473	-0.0734739668	0.08696249019999999	-0.07499863400000001	-0.045268861900000006	-0.0733915416	-0.0580091284	-0.0101202262	0.0339459862	-0.0695157205	-0.08731739890000001	0.0239688431	-0.1435300247	-0.0383537198	0.0206489472	0.130549048	0.017031508100000002	0.0745031737	-0.002326102	0.1250909904	-0.08680160560000001	-0.0295263276	-0.0997348321	0.08615397970000001	0.0066766036	0.027000102400000003	0.0579578787	0.0469344726	-0.1865774516	0.0682141404	0.085013419	0.0178224194	-0.0384860511	0.031703429500000005	-0.03609279	-0.0739451274	-0.0093326057	0.0173628493	-0.0071641441	0.0571741699	0.0295232191	0.061784337	0.0020423278	-0.0049418155	0.0538498579	0.0757234275	0.0400184953	-0.0389540612	-0.03208777	-0.0392100338	-0.0672202317	-0.0433567363	0.03147765	-0.0576969209	-0.0982358062	-0.0082681458	-0.023700683900000002	-0.0282366786	-0.0027503398	0.0592376479	-0.07996090019999999	0.09254932310000001	-0.0641762255	-0.0105997844	0.0661103792	-0.033415841099999996	0.0279455597	-0.0316600032	0.0261934731	0.0429335162	0.040818014	0.0401956176	0.046234710899999996	-0.0348892736	0.0528910911	0.0602311434	-0.0492745785	0.1073342164	-0.006822864499999999	0.07492570259999999	-0.0046577170000000005	0.0287938714	0.0838255298	0.0053869442	0.0700514579	-0.0110514602	-0.0704994104	-0.000813901	-0.0717990568	-0.0556765961	-0.0073482209999999985	0.0294396266	-0.0802710467	-0.0661359093	0.0423954701	-0.1495385477	0.0189602595	0.0251675144	0.1353852868	-0.0191145879	-0.0631453788	0.0125171921	0.07124908419999999	0.1331545849	0.024117465600000002	0.1094550851	-0.012410644699999999	-0.0840457058	-0.0182909819	0.1866387416	-0.0184448647	-0.06707132019999999	0.09704847109999999	-0.0077398025	-0.0222933716	0.0175980695	0.0805731539	0.0021202788	0.04946224019999999	-0.011359593999999999	-0.0170160105	0.033433687000000004	-0.055233325800000004	0.0132518225	0.0706289378	-0.045480666100000004	0.0476211388	0.030722253300000002	-0.1135369624	-0.0147143977	-0.029918208999999998	0.024877672000000003	0.0648027172	0.0505081738	-0.0253367506	0.0436670681	0.0977209076	0.0526194058	0.0246057178	0.034691663500000004	-0.0189991116	0.0018811476	0.0860369251	-0.0151895698	0.0495328679	0.09826687890000001	-0.0023286796	-0.0733735732	-0.032416779	0.0473983662	-0.0080495931	0.0065434277	0.0120775968	-0.0613315508	-0.052212548399999996	-0.0379227408	-0.0115472461	-0.0167116297	0.0687522355	0.0272403337	-0.11735808199999999	-0.0354962686	-0.013677304099999999	0.0121084733	-0.0318336658	0.0616434375	0.1161123085	-0.0629811078	0.07451832259999999	0.037329819199999996	-0.013823523899999999	-0.0870610049	0.0731569346	-0.0516044709	0.024656875499999998	0.004868541	0.0	-0.06486839999999999	-0.005670199999999993	0.004207909318559999	3.215116803999992e-05	-0.00460741	-0.03189771	2.12282269081e-05	0.0010174639032441	-0.461913	-0.03793500000000005	0.001439064225000004	0.213363619569	0.00540406	0.0004024199999999997	2.9203864483599995e-05	1.6194185639999973e-07	-0.000563864	9.162000000000059e-06	8.394224400000109e-11	3.17942610496e-07	-0.00149382	1.1579999999999969e-05	1.3409639999999922e-10	2.2314981924e-06	0.0	0.0	0.0	0.0	0.0	0.0	0.0	0.0	0.0	0.0	0.0	0.0
6649.962840007299	2.5735602554104844	6.6232123882284775	44222005.77347794	5558.494549406252	12.637052227808454	30896861.65577901	159.6950890083586	4772.858720316729	-3.120221078475879	22780180.364103444	9.735779578565175	4744.959130647292	8934.871955185832	0.9923670000000002	23.76136	0.13815416000000005	0.0685506	0.030923354500000007	0.023454241299999998	-3.44953e-05	-0.0636990598	-0.0163557826	-0.0685812287	-0.0789043447	0.0055121574	-0.0409113837	0.0013711812	-0.0600673441	0.0144527503	-0.1121405786	0.10480842439999999	-0.015540926399999997	-0.0200323176	-0.0245578098	-0.031647434700000004	-0.08428518199999999	0.0372760699	-0.0311230188	-0.047548031500000004	0.0079067939	-0.0001657724	-0.004556969	-0.0705947494	-0.0171044816	-0.0142777138	-0.0112951755	-0.021224956200000002	0.05061910519999999	0.08784796449999999	0.0318412852	0.1307778575	-0.0133341206	0.0038403313	0.09627067539999999	0.012003633100000001	0.0669294894	0.014927909599999999	0.0214428928	0.0727924212	-0.070461161	0.0406710615	-0.0531971806	-0.010210109200000001	-0.0150122984	0.037956316600000005	-0.0038229198	-0.0316140609	-0.07630475219999999	-0.0276345444	8.52549e-05	-0.0241652123	-0.0308993084	-0.021464800099999997	-0.032804128599999996	0.0037634554	0.0708247216	-0.05633046200000001	-0.013642061899999999	0.0502305217	0.031000336099999998	-0.036372455	-0.0728869329	-0.0159366353	0.1088125703	-0.040486908700000004	-0.0435844122	-0.0017603970000000001	-0.0003202551	0.1348798077	-0.0183534048	0.0164544283	-0.1186561963	-0.09365073369999999	-0.0633328376	0.0631986537	-0.1452994017	0.05606354349999999	-0.0649387336	-0.0467282926	0.029144320699999997	-0.1245698305	0.0565287039	-0.0260689043	-0.010989566499999999	0.0502208256	-0.034469375499999996	-0.1302863134	0.0080822847	-0.056241403499999995	-0.014294371200000001	-0.09251292189999999	-0.0027770461	0.0186910177	-0.0068336023	0.035747214900000004	0.030508153700000002	0.1027499777	-0.0232059923	0.0189036402	0.0250810333	-0.023236974	-0.0482985229	0.0099085511	0.0008892824000000002	-0.0066916716	-0.06742418309999999	0.0112105474	0.0314394137	-0.0099385676	-0.0039243431	0.0485421791	0.08527305619999999	-0.0107162434	-0.1188118559	0.015147903300000001	0.0649807546	-0.0805978844	0.011181657099999999	-0.0761467453	-0.0086843324	-0.0519360179	-0.033956211	0.06495594730000001	0.0855498086	0.0403396054	-0.023795090699999997	0.0013751757	-0.023039243100000002	-0.0182979107	0.0160070566	-0.07336656849999999	-0.0342461317	-0.0067089613	0.0345580836	0.012058698	0.0103495684	0.06347515150000001	0.001699551	-0.046626643499999995	-0.0189105571	-0.0507928661	-0.06537170120000001	0.0270028607	-0.036328753	0.0257630163	0.0410189838	-0.042643033600000005	0.119871404	-0.051896997599999994	-0.0381046848	-0.0239041041	0.1163773413	0.0173835112	0.0067692163	0.1153475578	-0.004909532800000001	0.0751189352	0.0208927658	0.1894899989	0.098777191	0.0175978216	-0.0329208852	-0.0295270778	-0.0623868363	0.0540667375	0.0522382437	-0.0671507042	-0.0205699922	-0.0708288832	-0.10265311490000001	0.021300071099999998	0.0032539857000000003	-0.061013056399999994	0.0483009558	0.0255464694	-0.057447531100000004	-0.0166054431	-0.09173939	0.0691989026	-0.0508468521	-0.0240439494	-0.08324052559999999	-0.0227805361	-0.0177871767	-0.08744189640000001	0.0746040162	-0.054585114299999994	0.0293121133	-0.0012176701	0.0	-0.0484866	0.0163818	0.00235095037956	0.0002683633712399998	0.032825699999999985	0.037433109999999985	0.0010775265804899997	0.0014012377242720994	-0.41952	0.04239300000000002	0.0017971664490000012	0.1759970304	0.00487179	-0.0005322699999999996	2.37343378041e-05	2.833113528999996e-07	-0.000315269	0.00024859499999999995	6.179947402499997e-08	9.9394542361e-08	-0.00143576	5.8060000000000186e-05	3.3709636000000207e-09	2.0614067776e-06	0.0	0.0	0.0	0.0	0.0	0.0	0.0	0.0	0.0	0.0	0.0	0.0
6648.903488409934	-1.0593515973650938	1.1222258068399755	44207917.598189786	5543.811965484929	-14.682583921323385	30733851.10865387	215.578270606704	4769.584802086504	-3.2739182302248078	22748939.184294555	10.71854057819834	4741.452581928364	8944.391007697408	0.874869	20.947971	0.09152705	0.0439881	0.0299069938	-0.0085064951	-0.0003389946	-0.019448678100000002	-0.0842373799	-0.0435936254	-0.0189849559	0.061950591799999996	-0.0410758543	0.0663925564	0.0140950947	0.12356923759999999	-0.0291522643	0.09105068289999999	-0.0595724054	-0.0106965091	0.0032388257	-0.0036927296000000003	-0.0042146922	0.0485086179	0.0506045113	-0.0210683787	-0.0149222799	-0.010403138499999999	0.0278665893	-0.0016876722	0.0034257167	-0.0727841125	0.0067096147999999994	0.0435103533	-0.0027039982	0.0482309172	-0.06512550019999999	0.0516305656	0.0671613332	-0.0072395929	0.0014583339000000001	-0.0304621603	0.0669446155	-0.0040176898	0.1873715872	0.0767085811	-0.0190603156	0.0923695288	0.044043642599999995	0.0451304709	-0.0105188896	-0.044094446600000003	-0.025445057000000004	0.037523405499999996	0.0273289901	-0.0037473038	0.057516585	-0.0017911645000000004	-0.1149471942	0.0907880825	0.0357833893	0.0563614032	0.0634036851	0.0282769225	-0.023454389500000002	0.0711774746	-0.0431670757	-0.0448184853	0.0072095804	0.117166116	-0.0157644527	0.009513966700000001	-0.059907653899999996	-0.0403866923	0.0566938566	0.024743589399999998	0.013636658400000001	0.0034591828999999998	-0.0585459864	-0.0140126765	0.0340896364	-0.0285503921	-0.009298356800000001	-0.0210057214	0.0653845104	-0.0022863176999999998	0.0871772542	0.1257989021	0.0373734483	-0.0355468055	-0.0058908482	-0.0445745286	-0.08695750699999999	-0.1307430903	-0.0024684714	0.0167463465	-0.0336350096	-0.0684747964	-0.0237109598	-0.0881039663	-0.0282784272	0.06019333530000001	-0.1219812292	-0.0468615504	0.0310173552	0.040438249700000005	-0.0569828814	-0.0742872765	-0.0203317725	-0.0105185051	-0.0096004764	0.0291369468	0.0016528922	0.0485000955	0.0554273513	0.0205850706	0.0691098704	-0.0070476003	0.046518382000000004	0.0705276454	-0.043887916500000006	-0.0593880684	-0.0088818185	-0.0170570267	0.045570722	-0.0505851326	0.0767259284	-0.1778471255	-0.039203487	-0.030647779	-0.0122050119	0.1022501405	0.0016483282999999998	-0.0877028814	0.0360447631	0.021072143300000002	-0.0224606146	0.0308570918	0.043100998	-0.0326448007	0.0667119919	0.0736883061	-0.0926645545	0.0413658517	0.0445679832	8.1553e-06	-0.0301107144	-0.0277472014	-0.049894595800000004	-0.0027323253000000004	-0.0361403166	-0.126741601	-0.038964076	-0.0524067976	0.055870295800000004	0.0504159583	-0.0316617044	-0.014462374699999999	-0.0140455493	-0.0125580403	0.015617752700000001	0.0005229391000000001	-0.0351181121	-0.0124174695	-0.04898328	-0.0004724382	-0.0069790995	-0.0766276471	0.05673062900000001	0.0655778135	-0.0186100513	0.006418757299999999	-0.0545269793	0.1016997719	0.0836235263	-0.1257622835	-0.1141868463	0.0419420527	-0.027954116499999997	-0.0950522115	0.0359058468	0.0212818341	0.0408354582	0.021022918999999998	-0.0470200187	-0.107969833	-0.0338607863	-0.0382139753	0.0074203248	0.0064862622	-0.042529837599999995	-0.0878074234	0.0759986654	-0.0574794475	0.0338849624	-0.0072985341	0.0	-0.0327914	0.0156952	0.0010752759139599998	0.00024633930304	0.00574225	-0.02708344999999999	3.29734350625e-05	0.0007335132639024997	-0.398436	0.02108399999999999	0.0004445350559999997	0.158751246096	0.00529721	0.00042542000000000014	2.80604337841e-05	1.8098217640000006e-07	-0.000192311	0.00012295800000000002	1.5118669764000003e-08	3.6983520721e-08	-0.00143085	4.909999999999897e-06	2.410809999999899e-11	2.0473317225e-06	0.0	0.0	0.0	0.0	0.0	0.0	0.0	0.0	0.0	0.0	0.0	0.0
6645.909013948436	-2.9944744614977026	8.966877300561958	44168106.62168107	5551.378116026157	7.566150541228127	30817798.987094127	57.246634012526656	4768.921933857679	-0.6628682288255732	22742616.41122886	0.4393942887863525	4740.820484025708	8912.398829491678	0.955228	22.872101	0.036984500000000003	0.0229061	0.042816124000000004	-0.024053735299999997	0.018313868	0.0069099020999999995	0.0077765833999999985	0.027788377799999996	-0.0588251984	0.08333147070000001	0.0749047853	0.0655844204	-0.0705924587	0.156101199	0.0798920321	0.0314567211	0.014829073600000001	-0.0008729784	-0.0439859717	0.0348908415	0.0478346562	-0.0506693047	-0.023905196899999998	-0.006858782700000001	-0.0082048271	5.9305600000000004e-05	0.06304877190000001	0.0385267833	0.0281227348	-0.0310304582	-0.052298942599999995	0.0381958416	-0.0225674346	0.0639641444	0.005503401800000001	0.0353718761	0.0734200399	0.0181841399	0.0148667374	-0.0035905721000000002	-0.0789398289	0.0549935925	0.04884347	0.07729016820000001	0.1151286672	0.0035210682	0.016231399599999998	0.0349281277	-0.1104176176	-0.0950471251	0.0127353648	0.1011863234	0.014331121200000001	-0.1624121997	-0.0146228278	0.0805954217	-0.0102721436	-0.005559011500000001	-0.0261726224	-0.0259302046	0.0936048667	-0.0777098696	0.0509110137	-0.1377437228	-0.0558305683	-0.015420538400000001	-0.0408232742	0.09101410800000001	-0.019638903200000002	-0.011772504	0.1560462335	0.0037080846999999998	-0.016171401999999998	0.0600534829	0.0851333069	0.021297815	0.0210080065	0.07011326	-0.023048399700000003	0.0925706406	0.045302853	-0.082635587	0.0601936909	-0.0242594679	-0.08495789029999999	0.0045180422999999996	0.0022258754999999997	-0.0509011255	0.0097512875	-0.0941764764	0.1132919729	-0.075118537	-0.1035811458	-0.0636688892	0.0379642766	-0.0345372086	0.0090356425	-0.0350814792	-0.0032218140999999995	0.0764783091	0.0033668235	0.0382780769	-0.1341795441	0.0093409032	-0.0843053867	0.0312171157	-0.0065318349	-0.0051441143	0.0021388173	0.06804459139999999	0.0361870641	0.033125661	-0.0026606504	-0.0341016273	0.0695512263	-0.0127352898	0.0556894842	-0.013618521599999999	-0.029578584300000002	-0.058764861200000004	0.0189487252	0.012405791299999998	-0.0048357573	0.1015509455	-0.0318120334	-0.0653248085	-0.072214372	-0.0092838221	-0.083132415	0.0219693298	-0.0700515977	-0.1607452963	0.0687379529	-0.0194067061	0.11603393669999999	0.06324968019999999	0.0757955504	-0.0878244436	-0.0612131542	-0.0065749242	0.0614256641	0.0387356144	-0.0252108737	-0.1267261271	-0.0419639624	-0.019235640800000002	0.0334296446	-0.1079699686	-0.030039244399999998	-0.007526736	-0.1018310714	-0.0154207672	-0.0015349832	-0.027298921	0.09175787390000001	0.005072015300000001	0.008825814100000001	-0.11887936560000001	-0.0785774751	0.0353198391	0.0466908008	-0.0291049673	0.12596843789999998	-0.0352333725	-0.07731583269999999	-0.0261551933	-0.1050563917	-0.0077008997	0.0694964406	-0.004970813	-0.008320371600000001	0.061905357	-0.0752625689	-0.08801124589999999	0.0628228079	-0.028371526499999997	-0.0353707104	-0.0668268404	0.12063055269999999	0.016018551699999998	0.0106291578	0.022358780800000002	-0.0328850585	0.0084214675	-0.0433812755	-0.0007856734	-0.027357706800000003	0.1099894035	0.11654443460000001	-0.0881575217	0.0773399021	-0.060282893899999995	0.0383625694	-0.013347348700000001	0.0	-0.032759	3.2400000000001865e-05	0.001073152081	1.0497600000001213e-09	-0.0139202	-0.01966245	0.00019377196804	0.00038661194000250013	-0.402278	-0.0038420000000000116	1.4760964000000091e-05	0.161827589284	0.00529721	0.0	2.80604337841e-05	0.0	-0.00014783799999999996	4.447300000000003e-05	1.977847729000003e-09	2.1856074243999988e-08	-0.00120637	0.00022448	5.03912704e-08	1.4553285769e-06	0.0	0.0	0.0	0.0	0.0	0.0	0.0	0.0	0.0	0.0	0.0	0.0
6643.926985033949	-1.9820289144872727	3.9284386178635984	44141765.7824623	5536.864516735077	-14.513599291080027	30656868.67667996	210.64456438203862	4762.389523411726	-6.532410445952338	22680353.97270177	42.67238623438721	4734.365400135766	8876.140014034541	0.969698	23.218567	0.14976221213999996	0.0742863	0.0545339163	0.0117663652	-0.0189218847	0.06976442990000001	0.0566941229	-0.015056479199999999	0.0025098506	0.06305085740000001	0.0692208817	0.0271501635	-0.107192243	-0.0184839187	0.11974598300000001	0.0055738490000000005	-0.0510817777	-0.0231315184	0.0034257147999999997	-0.05008739	-0.0265000747	-0.0003317499	0.0191616796	0.0345721674	-0.011794166299999999	-0.0220146058	0.010691371100000001	0.0682010091	-0.024629464900000002	0.029291088599999997	-0.0184571938	0.1018147527	-0.08781761240000001	-0.0814378459	0.046999639	0.0339895057	0.0253663052	0.0096718933	0.026788294	-0.013484968500000001	-0.07455069610000001	-0.017889491299999997	-0.0551269844	-0.070515392	-0.0016716806	-0.1656670465	-0.0800738732	-0.0835636055	0.0269653033	0.069348277	-0.0942824061	0.08799371560000001	0.1317837925	0.09609544099999999	-0.12451927410000001	0.0415043822	-0.0756140145	0.022588415299999998	-0.053731968899999996	-0.1008499044	0.0038634776	-0.09520733630000001	-0.0193085448	-0.013525717	-0.0093749876	0.0458604947	-0.026576643599999998	0.0935669014	0.0568953908	-0.059884837999999996	-0.0512527017	-0.012786048999999999	0.017435755600000002	-0.0118948477	0.05714920900000001	0.1084396332	0.09766389210000001	-0.1080016425	0.023224606600000003	0.0678339204	0.0499369636	-0.11785045849999999	-0.0227777106	-0.1012851398	-0.002420315	0.020369326299999997	-0.1120502938	-0.0728059492	-0.0710128676	-0.1237101875	-0.057135668099999995	-0.1422255218	0.0807479545	0.050562936600000004	-0.0195206144	-0.0882674734	-0.0169122945	-0.0545728403	-0.0174142139	0.0039692387	-0.0314726217	-0.0494537608	0.1563985286	-0.0135652569	0.0485476321	0.0863389084	0.0351349563	-0.012572971	-0.023529898799999997	0.011824908200000001	0.0614448887	-0.0479001527	-0.0157958624	-0.0092734538	0.09152057720000001	-0.0864590551	-0.09094367019999999	-0.0442653515	-0.0327821929	-0.0172187284	0.0192358276	-0.015878289099999998	-0.0032699996	0.0794436874	-0.0307931712	0.060879998899999996	0.1085834026	-0.0007934267	0.0261777396	-0.1555878184	-0.0661955583	0.05726591740000001	-0.040677406400000005	0.0920007445	-0.0287865332	0.042540313899999994	0.10783971449999999	0.1590548381	-0.0782103693	0.0820829545	-0.0118504316	0.1070138451	-0.09720698650000001	-0.013355271299999999	0.036609509	-0.0684250891	0.0029540311	0.0414128394	0.0438481633	0.0025398196	-0.0690529949	-0.05345677769999999	0.1232343681	0.0283156109	-0.0338566278	-0.0102695645	-0.0313503896	0.045486793	-0.0978476134	0.0138084051	-0.0509681404	0.1331598604	0.0813457871	-0.09992034080000001	-0.0601549718	0.0285291027	-0.0988568076	-0.06304416809999999	-0.0627384907	-0.061663580999999995	-0.0116099842	0.1970186645	0.0049564428	-0.1522070712	-0.0693714715	0.0837621709	-0.041856838199999996	-0.0391681575	-0.0178061242	0.0647249129	-0.017070593999999998	0.013872771	0.0368341971	-0.0605632336	-0.0076420401	-0.014010094399999999	0.14256156	-0.0833934573	0.070667206	-0.08849212990000001	0.07862678349999999	-0.0629910206	0.042732349100000004	-0.0193375523	0.0	-0.00963834	0.023120659999999998	9.28975979556e-05	0.0005345649188355997	-5.247859999999998e-06	0.01391495214	2.7540034579599988e-11	0.0001936258930584906	-0.417626	-0.015347999999999971	0.00023556110399999922	0.174411475876	0.00416908	-0.0011281299999999998	1.7381228046400006e-05	1.2726772968999995e-06	0.000495894	0.0006437319999999999	4.1439088782399993e-07	2.45910859236e-07	-0.00103066	0.00017570999999999993	3.087400409999997e-08	1.0622600356000002e-06	0.0	0.0	0.0	0.0	0.0	0.0	0.0	0.0	0.0	0.0	0.0	0.0
6659.834318331962	15.907333298013327	253.0432526540836	44353393.14763215	5525.545272067309	-11.319244667767634	30531650.5536654	128.12529984878606	4760.777561196021	-1.6119622157057163	22665002.98718753	2.5984221848628835	4732.478187021351	8918.281667603713	0.979732	23.458824	0.08121323785999995	0.0388809	0.0350497834	0.0048844136	-0.0744806364	0.0734376118	0.0706930323	-0.1109799133	-0.042212699900000004	-0.016865425700000002	0.0877996448	-0.028695254500000007	-0.10688680880000001	-0.029910739	0.021302839100000002	-0.0168612861	0.0239589174	0.0266370823	-0.0776734524	0.0682996037	0.0043927741	0.0045551359999999996	0.021925131400000002	0.049686301399999994	-0.010762719399999999	-0.02111854	-0.0005757199	0.009217523100000001	0.0567595757	0.10713277759999999	-0.127570243	0.0802704112	-0.0427705462	-0.035260603599999996	-0.022288178	-0.0131348576	-0.0121089287	-0.0266120927	0.0760725216	0.0028361378	0.0485489499	-0.0215898725	-0.0038119223	-0.1043023201	0.08535944390000001	-0.0660301378	0.0709218806	-0.0479375737	0.0143887849	-0.049730528499999996	0.0030222081	0.050597110199999996	-0.102555326	0.0992964989	-0.0351049592	0.1451167133	-0.0011530235000000002	-0.0365759612	-0.09386689279999999	0.0419443847	-0.0561513242	-0.0638241931	-0.0509987233	-0.0017559748	0.11994793279999999	-0.029859546400000006	-0.1108126461	-0.0335274247	0.029525153199999998	-0.06316518110000001	-0.0019512542000000002	-0.0128270096	-0.0262015678	0.0191511029	-0.0058528464	0.0827342586	0.09152200740000001	-0.018599286200000002	0.0291845913	0.001802477	0.1208462244	-0.07801663	0.023328805499999997	0.0791397388	0.0758986964	-0.0375989247	-0.0139655204	-0.0457260467	-0.0230049801	-0.0574437821	0.0403188753	-0.0670135841	-0.026832710699999998	0.0106179332	0.1028985934	-0.06890684009999999	0.028556108599999998	0.0014963247	0.1245366295	-0.06921018570000001	-0.0072308495	-0.0825053927	-0.067250468	-0.027001730499999998	-0.0330895966	-0.022780256800000002	0.050340611900000005	-0.0112180372	-0.0210105522	-0.0015102441	0.0057456122999999994	-0.02228734	-0.1284673909	-0.11132668150000001	0.0964490294	-0.0403717598	-0.048514857800000005	0.0117357071	0.0183018676	0.0176900652	0.017097245	-0.0748819205	-0.0107020006	-0.0346060278	-0.0214542544	0.041779495	0.0509825871	-0.09586344029999999	-0.1011031233	-0.0470850459	-0.0173508596	0.04850497980000002	0.050675749000000006	0.024190924	0.019519456299999998	0.108703704	-0.1439394525	-0.0137395504	-0.1131723145	0.0867868245	0.026080110400000002	0.07568109690000001	0.0201733004	0.0510274295	0.0331219236	-0.0668006885	-0.0171162217	-0.0084126451	-0.013589289899999999	0.12503805769999998	0.0455484667	-0.0402129945	0.0583436998	-0.0330475862	0.0187389107	0.0271043173	0.0548723779	0.060163985	-0.11939719619999999	-0.0317355453	-0.0338393076	-0.0374433026	-0.0116718825	-0.0727771723	-0.1106894351	-0.021610138199999997	0.0208891073	-0.07640943160000001	-0.047720835999999996	0.04737920599999999	0.059606322	0.0686180921	-0.0390716297	-0.0674545641	0.0506333765	0.0449933254	-0.0723464616	-0.0251148896	0.0518257845	0.030593890699999998	-0.0613009679	0.1104705425	0.1028617913	-0.061021595899999996	0.007856496999999999	0.0327335576	-0.060953284800000014	0.04133007	0.0224084891	-0.0888111892	0.0798584053	-0.0655995455	0.0469820191	-0.0252428406	0.0	-0.024353	-0.01471466	0.0005930686089999999	0.0002165212189156	0.007996329999999998	0.008001577859999998	6.394129346889998e-05	6.402524824964214e-05	-0.409694	0.00793200000000005	6.291662400000079e-05	0.16784917363599994	0.00476228	0.0005931999999999996	2.26793107984e-05	3.518862399999993e-07	0.000182004	-0.00031388999999999994	9.852693209999997e-08	3.3125456016e-08	-0.00113487	-0.00010420999999999998	1.0859724099999996e-08	1.2879299169e-06	0.0	0.0	0.0	0.0	0.0	0.0	0.0	0.0	0.0	0.0	0.0	0.0
6684.159313252216	24.32499492025363	591.7053778703648	44677985.72493633	5537.440972368891	11.89570030158211	30663252.52246973	141.5076856650607	4771.3236629762205	10.546101780199931	22765529.496876813	111.2202627583362	4743.478883158712	9175.288721773271	1.092239	26.152712	0.044824419999999976	0.0220116	-0.0344708497	-0.041981532599999996	-0.0490837769	0.046586543499999994	0.054160127599999996	-0.0902564814	-0.0850099131	-0.0354102341	-0.017948531599999998	0.0953610303	-0.0430667479	-0.027464800299999998	0.0243835602	0.0609614398	0.0194915975	0.0405304404	-0.0068746574	0.051870947599999995	0.0950443643	-0.0709398569	0.0377155359	-0.0191837382	0.0425838391	-0.0332821185	-0.0028675734999999997	-0.0121516282	0.1005251476	0.055105190400000004	-0.0090282961	0.1435748904	-0.0369908427	-0.008610956500000001	-0.022685180099999997	-0.044416051500000005	-0.0617316755	0.0105772772	0.092608044	0.0337338929	0.0677055139	-0.1355162539	0.07532161059999999	-0.0625266279	0.08903451779999999	-0.0372160184	-0.0480208946	-0.0224952052	0.0340152275	0.0339082505	0.0544109642	0.0020199347	0.0725321488	0.0137110091	-0.015856393700000002	0.09143442	0.041990583399999996	0.0974887455	-0.0076464178	-0.045450388499999994	0.022526635	0.0242655027	-0.0263530452	0.0159250328	0.0322058209	0.0394205714	-0.0175238339	0.1091053018	0.0527048741	0.0857842269	0.0713097803	0.022654768500000002	0.0916244552	0.0633059471	-0.0088105515	-0.030736112799999996	0.054219181100000007	0.0620102376	0.0824669339	-0.012106188799999999	-0.019439094	-0.0280550342	-0.0605092325	-0.0354299441	-0.16780900710000002	0.0083004828	-0.0148565584	0.0806842367	0.165679846	0.034630764700000004	0.0095206089	-0.0690061297	-0.031158004500000006	-0.0572089884	-0.0126242849	-0.018756605200000002	-0.013290866299999999	0.0815067936	-0.05451869980000002	0.0215202738	0.1275845951	-0.0170728129	-0.0440417406	0.0157494696	0.040603676	-0.0420299055	-0.018999391299999998	0.0426184744	-0.0336169658	-0.0101811755	-0.0232018922	0.0407837269	-0.1109734236	0.0368752966	0.1198556283	-0.0456094723	-0.0297542612	0.0122942713	0.0566557121	0.0630356342	0.0497686558	-0.0858719924	-0.0308281358	-0.0829363709	0.1130388808	0.0015281578	0.06408946730000001	-0.0010764956	-0.098510184	-0.0944250075	-0.007606825699999998	0.018162198799999998	-0.018309388	-0.045277097599999996	-0.042992769800000004	0.061485689	0.030745561400000006	-0.009199904200000001	-0.09977417710000001	-0.0321042624	-0.0905995566	-7.71659e-05	-0.042725667	-0.0051012085	-0.0415443556	-0.058534369100000004	-0.0064834448	-0.0550274158	0.010026251600000001	-0.0554665002	-0.0397034759	-0.1113365501	-0.057473753600000003	0.0168744945	-0.0405233786	-0.0815594978	0.028434444500000006	-0.050894286799999994	-0.008195650300000001	-0.0688030596	-0.0338025451	-0.0359404131	0.042645185099999997	-0.0214763294	0.047065197999999996	0.023893743500000002	-0.1103201237	-0.1091985177	0.0733703711	-0.0822758284	-0.16343011289999998	-0.1213378107	-0.0341338408	-0.0582141492	-0.0451578383	-0.062425140999999996	-0.0007212261	-0.0343434198	0.0323771811	-0.002539183	-0.0024663199	-0.0783353958	-0.0057528856	0.058940460199999996	0.1156692138	0.0547616122	-0.0714380303	0.0157623792	-0.0220511629	-0.0891146434	0.0810339018	-0.0681043441	0.0510996347	-0.0310372824	0.0	-0.029285900000000007	-0.004932900000000004	0.0008576639388100003	2.433350241000004e-05	0.019196	0.011199670000000005	0.000368486416	0.00012543260810890007	-0.405422	0.004271999999999943	1.8249983999999508e-05	0.16436699808400002	0.00464843	-0.00011384999999999954	2.1607901464900006e-05	1.2961822499999896e-08	-0.000125823	-0.000307827	9.475746192899999e-08	1.5831427329e-08	-0.0012015900000000006	-6.672000000000058e-05	4.4515584000000775e-09	1.4438185281000015e-06	0.0	0.0	0.0	0.0	0.0	0.0	0.0	0.0	0.0	0.0	0.0	0.0
6679.147332156452	-5.0119810957639865	25.119954504295567	44611009.08465265	5510.442952128929	-26.998020239961985	30364981.52866739	728.8930968773973	4779.036895422461	7.713232446240909	22839193.64780916	59.49395476974351	4750.852435865163	9337.960146020705	1.1849170000000002	28.371801	0.04473900000000002	0.0220011	-0.0697700673	-0.008731473	0.0309406139	0.1096023735	0.0113369523	0.0240721737	0.0343329058	0.042083326100000006	0.0718426588	0.1588279827	0.0121486996	-0.0208172681	0.0233379583	0.0043086573	0.007167694000000001	-0.030220032400000006	-0.0889318254	-0.0001470967	0.0011855934	-0.0564976277	0.0819833962	-0.09571296	0.0231285046	-0.0264239331	-0.019459096999999998	0.119395625	-0.0194620548	0.029546572000000007	0.0279474546	0.0626498932	-0.0050226229	-0.0753650619	-0.0688220483	-0.0866463178	-0.015282667	0.0521023033	-0.0964364927	-0.0109103333	0.0988386559	-0.0163278912	-0.061254710199999986	-0.076708829	0.07819996580000001	0.0784104657	0.0350492306	-0.0068308906	-0.116100649	0.027575862799999996	0.0664134536	0.013814760300000001	0.0793209272	-0.0001909472	-0.0407381473	0.0443444065	-0.028634840800000002	0.0268637795	-0.0313220217	-0.1484960013	-0.0245313909	0.0163857061	0.013500691	-0.010881812099999999	0.0150253144	0.0083618675	0.0032669671999999996	-0.024723491400000002	-0.043974623600000005	0.0604830729	0.0101319382	0.0014753829999999998	0.0008715375999999999	-0.0090965177	-0.049184746900000006	0.0657180004	0.0054575801	0.05633547410000001	0.0303326293	-0.0831915615	-0.0616255729	0.0295105054	0.0210253703	0.0010810853	-0.020856957199999998	-0.06681359469999999	-0.0184937157	0.0386213548	-0.1093875179	0.10347659779999999	0.090006274	0.0203884633	-0.0207342104	0.0576169273	0.080812247	0.0637879526	0.0486482642	0.0908562508	-0.0180554819	-0.0666379839	0.008834119100000001	-0.1862218009	0.0024582148	-0.10724424980000001	-0.0153032349	0.0955798788	-0.0960430634	0.021424305699999997	-0.0273776959	-0.023128037799999997	0.1120308478	-0.0518150838	-0.021205976600000002	0.0505515529	0.0414680144	-0.0060688960999999994	-0.076444068	0.056079557	0.0965396177	0.021201727599999998	0.0049207584	0.10315133630000001	0.04215612	-0.1098673553	-0.0308710948	0.0730053207	0.0304432332	-0.0010081676	-0.12269737539999999	0.0457364896	-0.0425910337	-0.059456339299999994	-0.03081602	-0.0595342647	-0.06281027360000001	0.0403196101	0.035256974100000005	0.0140937882	-0.0642772197	0.0160323089	-0.035797978599999995	0.0450452284	-0.13558343039999998	0.0193603517	-0.017169635	-0.0036425399	0.025076697599999996	0.0062972969999999994	-0.0069194302	-0.0066175464	-0.027134717200000002	0.04333783769999999	-0.0800842591	0.017769599599999998	0.0041409982	0.0012054541	-0.00011497379999999999	0.0191820869	-0.0070024662	0.026034321699999998	-0.0545310952	-0.051025567	-0.026750258399999997	-0.0150180371	0.0816336669	0.0371410593	-0.031695149900000004	0.051747900599999994	0.034124038599999997	-0.0199741102	0.1535027134	-0.0384067207	-0.07034845690000001	0.0715611843	0.0839707854	-0.0706512417	-0.0164649885	-0.0018434407999999998	-0.0683637121	-0.06358507349999999	-0.11003659449999999	-0.0173675621	0.12297540439999999	-0.0799835684	0.08074505480000001	0.12305493599999999	0.0690746392	0.0360000568	-0.0566931375	-0.0894024392	0.08215244690000001	-0.07050145570000001	0.05507362230000002	-0.0366954331	0.0	-0.0371875	-0.007901599999999995	0.00138291015625	6.243528255999991e-05	0.0265719	0.007375899999999999	0.0007060658696100001	5.440390080999997e-05	-0.395237	0.010185	0.000103734225	0.156212286169	0.00436629	-0.00028214000000000017	1.90644883641e-05	7.96029796000001e-08	-0.000101613	2.421000000000001e-05	5.861241000000006e-10	1.0325201768999998e-08	-0.00128077	-7.917999999999944e-05	6.269472399999911e-09	1.6403717929000004e-06	0.0	0.0	0.0	0.0	0.0	0.0	0.0	0.0	0.0	0.0	0.0	0.0
6663.8467600536205	-15.300572102831213	234.10750667393668	44406853.64147714	5521.762196796695	11.319244667765815	30489857.757973064	128.12529984874485	4776.567044123106	-2.4698512993554687	22815592.727002945	6.1001654409278965	4748.907527759983	9209.308039624002	1.228811	29.42281	0.08432375999999997	0.0430074	-0.0392667963	-0.0050514578	0.0021618635999999998	-0.0825576108	0.022696539900000003	0.06222170940000001	-0.05468423	-0.0654483644	0.0611805301	-0.054257314800000005	0.0827211542	-0.10709238130000001	0.012666222900000001	0.0042913999	-0.0285138115	0.0009204952000000001	-0.013290423999999999	0.0091465421	-0.163817425	0.005328541700000001	-0.0393545515	-0.07744427940000001	0.015299041299999996	-7.952810000000001e-05	-0.0524339167	-0.0848534266	-0.09470948230000001	0.06738406549999999	0.0202245783	-0.13434617869999999	0.032604392999999995	-0.0316686258	-0.0037247218	-0.0317096817	-0.07628228969999999	0.0011968549	0.0512022729	-0.0304969954	-0.0039179077	-0.0315585868	-0.0320938365	-0.0578870104	-0.0241266084	-0.046216497999999995	-0.0411354725	-0.0242960722	0.025888257400000003	0.0359323988	0.11582094679999999	-0.078234056	-0.0384285053	-0.0150096795	0.012692214399999999	-0.0009208941	-0.0128100982	-0.0240054643	0.006588768	-0.0782923322	-0.0609077691	0.0303616585	-0.0017980613	-0.0065139954	0.0158080778	-0.0127292787	0.061977268899999986	-0.006113251700000001	-0.0073044852	-0.1351280667	0.06829716429999999	0.029573938900000006	0.0462229579	-0.10290144679999999	-0.0377443015	-0.0397542813	-2.9976999999999998e-05	0.0339241686	-0.08540295490000001	0.0543444264	-0.0447352873	-0.0847188409	-0.07663852040000001	0.0256296892	0.038441667	-0.09780767630000001	0.011588557	0.0387796912	0.0338457056	-0.022123257	0.1435228651	-0.0327212294	-0.0382955472	0.0371255168	0.12254117210000001	-0.0107164372	-0.1095100044	0.0728537866	-0.0914452304	0.0211647461	-0.0260535261	0.0287761797	0.0738232905	-0.010148928	0.0035349545	0.048445714	-0.07718941139999999	0.012037481000000001	-0.0023236258	-0.05710329860000001	-0.0758002475	-0.1004862324	0.01930241	-0.0366516353	-0.1571123612	0.0264321329	-0.009574448499999999	0.008873495	0.0370176651	0.06439461070000001	0.030775086899999998	-0.0531807604	0.0369336617	-0.0059447656000000005	0.0068953335	0.0427437124	0.0548653162	0.0211941623	0.0279157913	-0.0607947504	0.012080686100000002	0.055877389699999995	-0.0007743793	-0.11006157230000001	-0.0325349756	-0.0663862394	-0.0370776806	-0.0414976673	0.0044471031	0.0002658272	-0.0101231162	-0.021718275899999997	-0.057581999	0.032041350499999996	-0.0006315234	0.0205575627	0.0495114632	0.0618752717	-0.0006738111999999999	0.0373783124	-0.0427201977	0.0559904242	-0.0091969699	-0.044517525599999996	0.1201910445	-0.09830203609999999	-0.0729748714	0.0364560269	0.0143739386	-0.0023624682	0.1068473915	0.0005504791	0.0489065676	0.0181244333	0.0217701375	-0.0673283006	0.0052862018	-0.09958805009999999	-0.07757201820000001	0.023057096000000003	0.048761112300000006	-0.0657383636	-0.0989479266	-0.0986533334	0.0953565624	-0.101894723	-0.0707369952	0.0016222576000000002	-0.0684741086	0.0379768105	0.010881746000000001	-0.1092669151	-0.0253250532	0.0011759816	0.0223655696	-0.0256645164	0.0669318125	-0.054374340300000004	0.0315076622	-0.0896745262	0.0832132545	-0.07278709	0.058892812	-0.0421924464	0.0	-0.0467257	-0.009538199999999995	0.0021832910404899998	9.097725923999994e-05	0.00981414	-0.016757759999999997	9.631734393960002e-05	0.00028082252021759986	-0.424957	-0.02971999999999997	0.000883278399999998	0.180588451849	0.00475387	0.0003875800000000002	2.2599279976900006e-05	1.5021825640000017e-07	-0.000152819	-5.120600000000001e-05	2.622054436000001e-09	2.3353646761e-08	-0.0014081400000000006	-0.00012737000000000056	1.6223116900000144e-08	1.9828582596000017e-06	0.0	0.0	0.0	0.0	0.0	0.0	0.0	0.0	0.0	0.0	0.0	0.0
6657.048623551183	-6.7981365024379565	46.214659905779364	44316296.37632469	5532.442297983946	10.68010118725124	30607917.78052189	114.06456136992531	4772.283228637176	-4.283815485930063	22774687.21433167	18.351075117494226	4744.420053459112	9147.473154345378	1.047296	25.076593	0.07703230999999998	0.0469087	-0.015817709699999998	0.017979248700000002	0.0321183073	0.0274115654	-0.0242301219	0.0537096205	0.0345670062	-0.0394865797	-0.10745838279999999	0.0290545215	0.0143614207	-0.0462550438	-0.0463002208	-0.056300769199999996	-0.0379457846	-0.06251346769999999	-0.0373703181	-0.005268048000000001	-0.028975841000000002	-0.0575830617	-0.0113583518	-0.040509248399999996	0.0102573856	0.023437822999999997	-0.049122333	0.0100280224	-0.0900221246	-0.0358515546	0.0699164924	-0.0611878389	0.0378082846	0.005533296700000001	0.0242314467	-0.0339260833	-0.0033970865000000003	-0.0715425243	0.0027281295000000003	0.01559257	0.0303450323	0.0210645538	-0.09107086369999999	0.0842807981	-0.047595451500000004	0.0364744747	0.11218200769999999	-0.016495028300000002	-0.08607191199999999	0.045832659500000004	-0.0004799063	-0.1517529566	0.111483905	0.014044260800000001	0.0794648449	-0.0339209737	0.0083731081	0.0348075288	-0.0258167567	0.0204862065	-0.045547673899999995	0.0562447039	-0.0273196021	-0.0122105043	0.0908089482	-0.0466554888	-0.0209517385	0.0197742701	0.0042689985	0.0197677776	0.0551745962	0.0213531747	-0.0070072876	0.0538618492	0.059393018799999996	-0.024276483300000002	-0.1131160842	0.061222567	-0.038144578	-0.0642498636	-0.0321860022	0.0319662802	-0.0116374454	0.0490510019	0.0442157216	-0.024523219500000002	0.10090320119999999	-0.0906870107	-0.1057651358	0.002169346	0.0459164103	-0.0592500475	-0.0484026801	0.0326301364	-0.037110017200000005	-0.0218541292	-0.0740832324	-0.011202285800000001	-0.0423752799	-2.28514e-05	0.0165997904	-0.054256350099999996	0.014191245600000001	-0.043703751299999996	-0.127155674	0.0332723984	-0.0405263494	0.0076104684	0.021362140499999998	-0.0540848509	0.0113235189	-0.0505025749	0.08554785210000003	0.0585214888	-0.0663772036	0.035406942999999996	0.0270899935	-0.028838123599999998	0.028905542599999997	0.0049693778999999995	-0.0414841549	-0.023120421800000002	0.0028473186	-0.0321890225	-0.0505314732	0.0646063201	-0.10542761369999999	-0.0396017487	0.042541091399999995	0.099204714	-0.057082082199999995	-0.0283190771	-0.0469851961	0.0146404006	-0.19679558940000005	-0.0673540985	0.0099571528	-0.0725810777	0.0312787494	-0.0738724295	-0.044447687400000005	0.0052385071	0.013770526200000001	0.10113500480000001	-0.040238609	0.0064257463	0.0079547266	-0.0205054825	-0.0110435357	0.0430262534	-0.0155311303	-0.0513868824	-0.0231505816	-0.0145068005	0.0058113034	0.0264581431	0.0252229408	-0.1304585307	0.0049047163000000005	0.068719507	0.0521517909	-0.0796751981	-0.0290333084	0.029245638199999997	0.0932664087	0.02870396	0.0365157387	-0.0098344838	0.031270140099999996	0.1220467038	0.1551890127	0.0432200845	-0.0015373837	-0.07622850980000001	-0.0158590855	-0.028812229100000007	0.0454518511	-0.0501259679	-0.0118073624	0.0671910388	0.0252914269	-0.0454805228	0.0498482277	-0.0409255472	0.0050233340999999996	-0.0023767614	0.10484862980000001	0.1258768202	0.0812636591	-0.08993085640000001	0.08421557910000001	-0.074957633	0.0625464692	-0.0475041838	0.0	-0.0439999	0.002725799999999993	0.00193599120001	7.429985639999965e-06	0.052146500000000005	0.042332360000000006	0.0027192574622500005	0.0017920287031696004	-0.4128270000000001	0.01212999999999992	0.00014713689999999805	0.17042613192900005	0.00452634	-0.0002275300000000001	2.04877537956e-05	5.176990090000004e-08	-0.000262852	-0.000110033	1.2107261089e-08	6.9091173904e-08	-0.00146746	-5.9319999999999425e-05	3.518862399999932e-09	2.1534388516e-06	0.0	0.0	0.0	0.0	0.0	0.0	0.0	0.0	0.0	0.0	0.0	0.0
6664.712143656922	7.663520105739735	58.729540411077174	44418387.95780805	5518.605999993115	-13.836297990831554	30455012.18316001	191.44314209108933	4768.507345643217	-3.775882993958476	22738662.305453327	14.257292384064822	4740.496129653444	9178.777425776805	1.1547379999999998	27.649204	0.1566348	0.0969143	-0.0162480645	0.035706250099999996	0.0835442788	0.057267345199999986	0.025058045	0.0665162658	0.0786218061	-0.0060335687	0.0003183484	-0.0276238918	0.039249378	0.0329163122	-0.0113262797	-0.0208118856	-0.0240994382	-0.0146208154	-0.057886332400000004	0.0684716464	0.1507824775	-0.014740886100000001	-0.0366017723	-0.018746303500000002	0.0071760877	0.0065990164	0.0325455457	0.1268285932	-0.1348329237	0.0359039517	-0.0472399036	0.0043645807	-0.0544421789	0.0059246952	0.091135367	0.0198228361	0.0353357425	0.0087856693	-0.0154620174	0.0564834154	-0.00019114580000000002	0.0951459556	-0.0567268495	0.1188393544	0.0351508197	0.055148639299999996	0.1057530694	0.0048601715000000005	0.0028999757	-0.037379110699999996	-0.056680978099999994	0.0193629106	-0.10183127689999999	-0.0423877731	0.055955149800000006	-0.0272542694	0.028053390600000002	0.0723387115	-0.003304298	0.0387016093	0.0813018773	0.0656066629	0.0211464889	-0.0055232999	0.0729800384	0.0723215811	-0.0246245375	0.0412494957	-0.0143419117	0.0817950704	-0.0560165292	-0.07226320230000001	-0.043036025	-0.0316782352	0.043192159800000005	0.0520369513	-0.058700820999999986	-0.024790016499999998	0.0332029729	0.0245411046	-0.0417649444	-0.09274001529999999	0.0571235524	0.0861936032	-0.07619971769999999	-0.0277555131	0.0695406444	-0.0450143713	-0.0127500043	0.025953219399999998	0.0164069825	-0.0174127383	0.046841215199999994	0.041985880999999996	-0.0771046658	-0.0765865079	0.03220876	0.10191568279999999	0.0781364858	0.0836415075	0.029101525899999998	-0.030039027200000002	0.0330338607	0.045205505300000004	-0.0182341246	0.0349728906	-0.0180493949	0.0050924928	0.0060245029	0.0319173934	0.112671595	-0.1367903711	0.042678923	-0.0430469181	0.0208020766	-0.040145863500000004	0.0284888997	-0.1019754403	-0.0268356503	-0.026315709399999998	-0.009148103199999999	0.0306328705	-0.0439200839	0.023111271699999998	-0.07293548030000001	-0.014683261299999997	-0.1592617454	-0.0172364218	-0.0370054263	0.10988114560000001	0.0025692794	0.0229236417	0.0278816333	0.07040451519999999	0.0863665704	-0.0070584394	-0.0573618595	-0.056571955800000004	0.023139275499999997	-0.07149090429999999	-0.08830750710000003	0.0234895483	0.0306380923	-0.0084617247	-0.0836887832	0.0114709473	-0.0805414995	-0.0633202713	0.0324221065	0.0076934211	-0.014295238100000001	0.0003369433	-0.032764626899999996	0.0673936794	-0.049494073300000004	0.0665403232	-0.0464716332	0.0059069917	-0.0114968847	0.0831830637	-0.0836564452	0.0311600933	0.0187668419	-0.0061244807	0.0342330704	-0.0920900083	0.0126941873	-0.0674791931	0.0995263917	0.0286517183	0.037799293500000004	-0.0063096339	-0.0181315415	-0.0235990013	-0.044083162099999997	0.1092402865	0.1004138566	0.0046319296	-0.02295738	0.06388224	-0.1258938016	0.0266451292	-0.039364984900000004	-0.0076225381	0.050265586699999996	-0.0069304834	0.0374170092	-0.0289382647	0.10954055630000001	-0.0901713849	0.08515871609999999	-0.0770096525	0.0660243242	-0.0526073205	0.0	-0.0357204	0.008279500000000002	0.00127594697616	6.855012025000002e-05	-0.0312373	-0.08338380000000001	0.00097576891129	0.006952858102440001	-0.446575	-0.033747999999999945	0.0011389275039999965	0.199429230625	0.00507419	0.0005478499999999999	2.57474041561e-05	3.001396224999999e-07	-0.000262852	0.0	0.0	6.9091173904e-08	-0.00139084	7.662000000000012e-05	5.870624400000018e-09	1.9344359056e-06	0.0	0.0	0.0	0.0	0.0	0.0	0.0	0.0	0.0	0.0	0.0	0.0
6657.737340845084	-6.9748028118383445	48.64787426402808	44325466.49968297	5537.254271608058	18.648271614943038	30661184.86844169	347.7580342246904	4765.27621489846	-3.231130744757138	22707857.404277	10.440205889714818	4738.124322912185	9141.453970070204	1.309609	31.357458	0.06098459999999997	0.0300247	-0.008652404	0.007231264100000002	0.017637835600000002	-0.09916859289999999	-0.0247877422	0.035549824199999996	-0.053424303	-0.0945521912	0.050801073700000005	-0.0540259363	0.022545977400000004	-0.0812655363	-0.0446776334	0.0146106172	0.0051646371	0.0271719041	-0.0536333011	-0.0414963506	-0.036354227999999995	0.0433457925	-0.061836178600000014	0.011895611200000001	-0.0236793883	-0.0353257196	0.0039167934	-0.0859558491	-0.0307053639	0.0801186472	0.0815350425	-0.07862602769999999	0.0223673081	0.025688848900000002	0.0360381996	0.0419349098	-0.0175686879	-0.0324318423	0.0143867578	0.0181645854	0.022253178399999997	0.0042159827	0.0254400358	-0.0433330803	-0.0506515337	-0.0883268567	0.1289998741	-0.0319787007	0.059742330499999996	0.008593367099999999	-0.033071953599999995	-0.013219308999999999	-0.048575003	-0.09058903609999999	0.1438815824	-0.0703502137	0.0323547646	-0.0200923974	0.0322059215	-0.0634329164	-0.0169375864	0.0469680794	0.0030753363000000002	-0.041429600899999995	-0.02142719	0.0013693521	-0.0126275905	-0.089589475	-0.0141724727	-0.0275085675	0.0623152439	0.12055391830000001	-0.0614126854	-0.0001740755	0.0706470749	0.09596512210000001	0.0561658517	-0.0634648359	-0.0832599271	0.015499858799999999	0.09436270810000001	0.0293940257	-0.0313937594	0.0409602124	-0.0700097212	0.12013738300000001	-0.011461505600000001	-0.0779093788	0.0495891905	0.039765202	-0.0411499201	0.0171592282	0.1793349306	-0.0252417034	-0.08300720240000001	0.0748724813	0.1004572953	-0.0262452844	-0.0032004601	0.0445778417	0.06248043230000001	0.1248423928	0.0323828413	-0.0363738522	0.0117223872	-0.014371731799999999	0.011376378000000001	-0.027935660299999998	-0.0379306894	-0.0081549864	-0.08844890080000001	-0.0668284735	-0.0307677738	0.0409671478	-0.1078654485	0.017831221499999998	0.028319447299999998	-0.022888027000000002	-0.0481045679	0.0095539139	-0.0194708772	-0.0198852254	-0.0172118273	-0.0270861253	-0.0212551738	-0.0016104329999999999	0.047718925499999995	-0.11804590429999999	0.0404854574	-0.0075887425	0.0080525149	0.0718164819	0.0366677583	0.0198740811	0.0625104331	-0.048824664299999994	0.0361636754	-0.13524562910000001	0.1248394022	-0.0650704709	0.031696291099999996	-0.0400301628	-0.0708588086	0.0313589399	0.0203768845	0.0279860584	0.043344607300000004	-0.0039134949	-0.040273856499999997	0.0332356631	0.0318092013	0.0863571193	-0.0288141545	-0.11747294369999994	-0.0353564558	0.0240268758	0.0012657261	-0.0127487581	-0.1167523078	-0.0100422028	0.053315121900000005	0.0762360288	0.0456142167	-0.024388609199999998	-0.0501342419	0.08968183019999999	0.0688375132	-0.0171629871	0.0784668182	0.0154112204	-0.12371771949999999	0.0767606283	-0.0178796802	-0.0036095625	-0.0760559541	0.1424107996	0.059327680199999996	0.1125906283	0.007591611	-0.12192677880000001	0.021315614700000002	0.0075117928	-0.0941025733	0.0747620083	0.021664652599999997	-0.05512548900000002	0.0178578652	0.0383465223	-0.0432319797	-0.0903960694	0.08604200279999999	-0.078939904	0.0693166017	-0.0574794475	0.0	-0.0233462	0.012374199999999998	0.00054504505444	0.00015312082563999994	-0.0298524	0.0013848999999999982	0.0008911657857600002	1.9179480099999943e-06	-0.460213	-0.013637999999999985	0.00018599504399999955	0.211796005369	0.00545106	0.00037686999999999964	2.97140551236e-05	1.420309968999997e-07	-0.000145632	0.00011722	1.37405284e-08	2.1208679424000002e-08	-0.00121318	0.00017766000000000006	3.156307560000002e-08	1.4718057123999997e-06	0.0	0.0	0.0	0.0	0.0	0.0	0.0	0.0	0.0	0.0	0.0	0.0
6644.536193460002	-13.201147385081642	174.27029228264786	44149861.22619994	5513.163059564141	-24.09121204391704	30394966.92134264	580.3864977449733	4758.618369560897	-6.657845337563231	22644448.78712241	44.32690453891245	4730.453103919408	9067.002789037544	1.123335	26.897274	0.13978684319999998	0.0878691	0.018801788700000002	-0.0391769154	0.042154383600000005	-0.046087619100000005	-0.10240320650000001	0.0209781612	0.047556252400000006	-0.011699131100000001	-0.1013286909	-0.016937073100000002	0.0300441446	-0.056884308099999996	-0.0002396298	-0.0988123311	-0.027705101	0.0623276681	0.0892792061	0.038594506	0.0279387844	0.0107752788	0.0389314206	0.0733602012	0.0283440444	0.0513559542	-0.0047658915	-0.0050142209000000005	0.019818840600000002	-0.0276313348	0.060728036	-0.0553866903	0.034522834700000005	0.08871217470000001	0.0252171225	0.04875692190000002	0.022849277299999998	0.0436774104	0.0016890376	-0.0447191498	0.0020615948	-0.0173780168	0.0379734592	0.0634451996	-0.010491505	-0.0497064254	-0.1038449779	-0.0312412967	0.0587312743	-0.0593314343	0.0908490814	-0.0859880867	-0.0183146444	0.0740222744	-0.0868061726	0.09383485400000001	0.020319203799999998	-0.0440792553	-0.0476848063	-0.0237003061	0.0359637208	-0.07188348530000001	0.0462073779	-0.0240006038	-0.0180840195	0.11664072	0.0450488454	-0.0051581609	0.0531110068	0.0078351376	-0.061637970800000004	0.0153505229	-0.0192619484	-0.1029478824	0.0012726178999999998	0.0503161518	-0.0325188594	0.0746953155	-0.0703188898	0.047628662800000006	0.0509147521	0.021022212999999998	0.034282297999999996	-0.0877536089	-0.045589523	-0.0423772632	0.0056196868999999995	-0.11743964789999999	-0.0165523375	-0.0742709226	0.00123985	-0.0588784415	0.0368857996	-0.1556598341	0.0741166828	0.0334580683	-0.0101143438	0.0055967332	0.0708545482	-0.09190529869999996	-0.0736742046	-0.05696203530000001	-0.0208537674	0.04463467980000002	-0.0405068823	0.0305285037	0.0744099607	0.0285212416	0.0494851554	-0.0028532215999999997	-0.002126854	0.0383212461	0.0144368838	0.0584149578	-0.0558226738	0.0292549202	0.0917205801	-0.0242194381	-0.0438288476	-0.0137496104	0.0573296196	0.0059575692	0.0314833433	0.0208295447	0.0525373383	-0.0473073584	-0.0545499141	0.0362564479	0.0408179185	-0.0828452956	0.005280204100000001	0.0169654717	0.0648457189	-0.0636658879	-0.0457450455	-0.0035571333	-0.102836314	0.0734789552	-0.1149441618	0.0149755935	0.0491747518	-0.0004853497	-0.0511320257	-0.12110744050000001	-0.010652848400000001	0.0368251973	0.016607074399999998	0.0459134057	0.1010198508	0.0077056587	0.043121904100000004	-0.027384290800000002	0.0061451511	0.0384074587	-0.048402327800000006	0.0074554283999999985	-0.10945102640000001	0.0694151803	-0.033875802999999996	0.0679038925	0.0968998026	-0.0579942415	0.0341690318	0.023504747799999996	-0.0289822063	0.0576755339	-0.10069155619999999	0.002419389	0.0216698014	0.0340074575	0.0003272112	0.0627828797	-0.0214590248	-0.0520048025	-0.0362429337	-0.045865137199999996	-0.0238894279	0.1123808163	0.1098103887	0.0085020136	-0.0141342647	0.0760976392	0.07534964059999999	-0.1163104861	-0.0124146155	0.0003013089	-0.0458791795	-0.0222278895	0.0411870232	-0.09060487029999999	0.0868648184	-0.0807453353	0.072414048	-0.0620991702	0.0	-0.0301203	-0.006774099999999997	0.00090723247209	4.5888430809999984e-05	0.0494514	0.07930380000000001	0.00244544096196	0.0062890926944400025	-0.424501	0.035711999999999966	0.0012753469439999974	0.180201099001	0.00549241	4.134999999999989e-05	3.01665676081e-05	1.7098224999999915e-09	8.968640000000002e-07	0.000146528864	2.1470707985130502e-08	8.043650344960002e-13	-0.00104112	0.00017205999999999992	2.9604643599999972e-08	1.0839308544e-06	0.0	0.0	0.0	0.0	0.0	0.0	0.0	0.0	0.0	0.0	0.0	0.0
6638.966633381718	-5.569560078284667	31.019999465622305	44075877.959155776	5520.075076052813	6.912016488671725	30471228.845259465	47.7759719396698	4754.554571829191	-4.063797731705563	22605789.176501866	16.51445200421528	4726.4022732818485	8919.414243397872	1.095209	26.223824	0.12791690679999998	0.08668109999999997	0.0462202091	-0.0362659234	-0.0149763607	-0.0004154304	-0.063587552	-0.0598812748	0.0813694683	0.0335412823	-0.0160731447	-0.0986984489	0.030154671299999998	0.0654667986	0.049284781	0.0035560224	-0.0286867797	0.036994787	0.06168777230000001	0.0503802846	0.020303391	0.0408807974	-0.0546116565	0.08722401769999999	0.01149182	0.005238965	0.0480778575	0.0316828515	0.0570847494	-0.015398574699999999	-0.0545148418	-0.0654117608	-0.0137612416	-0.0064731753	0.0078552272	0.0171792303	0.0680589311	-0.0350104458	-0.0509337068	-0.0414361594	-0.0789795538	-0.0706648892	0.0752183173	0.0630350052	-0.1028875269	-0.0159499196	-0.0840914545	-0.0242530727	0.1048275548	-0.11131501630000001	0.0364460405	0.0632293719	-0.0021843632	0.10616901449999999	0.033605138900000005	0.0164058879	0.0353771343	0.055843333200000005	0.0462719575	-0.0004824239	0.0248883967	0.0755673528	-0.040774183900000004	-0.0242785819	0.0428545399	-0.050201486	-0.0928911931	-0.0339305644	0.0643305973	0.056917425599999995	-0.0007398365	0.0090419859	-0.0575583874	-0.0473699832	0.09338412789999999	-0.0390622195	0.0506845201	-0.026399295899999998	0.074546773	0.020056404	-0.0339405174	-0.0834158945	0.0103922272	-0.004307476	0.016233136999999998	-0.0009762274	0.0071940716	-0.0202486625	0.0967963204	0.0815239592	-0.0536760606	0.09812077640000001	0.0341850338	0.0619946862	-0.0167165621	-0.021739070299999996	-0.0089620189	0.041627394500000005	-0.063876532	0.0305836733	-0.0051460429	0.033622478500000004	-0.1340607579	-0.0625213167	0.0223250654	-0.0355047796	0.0874114209	0.0132352698	0.0070467446999999996	0.058152837400000004	0.0325512906	0.0513711979	-0.018725096599999998	-0.0566423683	-0.033580705	-0.01192236	0.0082921052	0.0024154326	-0.0339161078	-0.0949324415	-0.0495503021	0.0053175618000000004	0.0054977396999999996	0.06690052519999999	0.14425530050000002	-0.038667703500000004	0.0025436328	0.0547207658	0.12051317060000001	-0.0406525806	0.0520278276	0.0508026611	0.09984305800000001	-0.0176889187	0.0085616475	0.1122204642	-0.054130955999999994	0.082423031	0.0291053136	-0.0048559456	-0.0563953558	-0.06051782820000001	-0.021856524	0.0570438738	-0.0417055143	-0.0373503502	-0.0047380816	-0.0959554588	-0.0766727928	0.0294091869	0.11053962769999999	-0.0540279149	-0.0160978918	-0.0567042358	-0.0281486228	0.0822629516	-0.055063743600000006	-0.0376005671	-0.0136709731	-0.0408324192	-0.053885454299999996	0.05881198150000001	0.0148381994	-0.031511614300000004	-0.0011004752000000001	-0.0915228758	-0.0212261925	0.0151865959	-0.031462809700000004	0.0409754815	-0.0786423327	-0.0641577989	-0.026022191099999998	0.08515836439999999	-0.0415491831	0.0715356495	-0.025312266899999998	0.012265226	-0.0767424773	0.0157065904	-0.0002599732	-0.1098346418	-0.0304069393	0.0362536735	-0.060393385099999995	0.0600477881	-0.047063524	0.0669661276	-0.08438571800000001	-0.09079775109999999	0.0876265845	-0.0824230915	0.07530795700000001	-0.0664462025	0.0	-0.023167700000000003	0.006952599999999996	0.0005367423232900001	4.833864675999995e-05	-0.035138800000000005	-0.08459019999999999	0.0012347352654400005	0.0071555019360400015	-0.4296430000000001	-0.005142000000000035	2.6440164000000365e-05	0.18459310744900004	0.00531137	-0.0001810399999999995	2.82106512769e-05	3.2775481599999823e-08	0.000231139	0.000230242136	5.3011441189842506e-08	5.342523732100001e-08	-0.0012544800000000005	-0.00021336000000000052	4.552248960000023e-08	1.5737200704000014e-06	0.0	0.0	0.0	0.0	0.0	0.0	0.0	0.0	0.0	0.0	0.0	0.0
6655.0923071925135	16.125673810795888	260.0373558521884	44290253.617252976	5512.641115101374	-7.4339609514381655	30389212.06390613	55.263775427507454	4757.428539668932	2.873967839740544	22633126.31005647	8.259691143862929	4729.495876471867	8964.327239624441	1.105549	26.471407	0.0717908	0.0522179	0.025431777000000003	-0.0544732698	-0.0700710996	-0.0532611575	-0.0315398187	-0.1340138359	-0.035645721	0.0040733125	-0.0264291667	-0.08638719119999999	0.0609272724	0.0062678633999999995	0.0143863462	0.0181024885	0.0959796085	-0.0198626027	0.07453013139999999	0.014078334199999999	0.0269436921	-0.0892182359	-0.0664438302	0.07976434339999999	0.0245062806	-0.0121911429	0.0187515712	-0.0795845095	0.1423708786	-0.034522470699999995	-0.0542169581	-0.027706829199999998	0.0408260434	-0.0310032287	-0.0532075294	0.0068260659999999996	6.84054e-05	-0.0623512866	-0.0310815544	-0.0461213714	-0.0006671555000000001	0.0319294071	-0.049526071399999996	-0.0541898538	0.0267840946	0.017105314	-0.045736220300000005	0.069279365	-0.0299401766	-0.1081632941	-0.0804362857	0.0677490664	-0.0484731717	0.016588171699999998	0.042311425199999995	-0.0078963547	0.017454344099999998	-0.0679268637	0.0191142834	0.0791530453	0.05386876980000002	0.054662283799999996	-0.0902206637	-0.0499479919	-0.0573723254	0.0320187755	0.08807832619999999	0.0854793577	-0.0494583845	0.0206739941	-0.0639697878	0.0708171514	0.0774057884	0.0103967008	0.0068866609	-0.039886738	0.0008873074000000002	0.0017348603	0.012735298	-0.05580529309999999	0.1180134339	0.0136071154	-0.0621334184	-0.0187891722	-0.0955152644	0.10964020039999996	0.0932998969	0.0735556676	-0.0583429019	-0.033849078	0.0283415162	-0.1535325349	0.024897722999999997	0.0633934282	-0.0020496543	0.0408259498	0.0164035698	-0.0682416879	0.0650878319	-0.0139564675	-0.0357495558	-0.10355883810000001	-0.0285451125	0.054387098200000004	0.0839238389	0.018612831399999998	0.07927631730000001	0.0271376454	-0.0116656936	0.0249200075	-0.0733221684	0.1437726019	-0.0522487071	-0.054118799599999996	-0.0173651384	0.0452993017	-0.0362227623	0.061556331799999996	9.6017e-06	-0.0039053289000000003	-0.055924426500000006	0.0045446325	0.0570653382	-0.0079041859	-0.0503621367	0.0357276319	0.0329867831	0.0677483816	-0.018840148	0.0041285565	0.057154137199999996	-0.0842921416	0.054975557300000005	0.08642988720000001	0.0773242928	0.0588791759	-0.05570055559999999	-0.0161138847	0.0500567488	-0.0087654663	0.0283557027	-0.0461784356	0.0948200053	0.057701129000000004	-0.08922908689999999	-0.0273015097	0.0625607331	0.0354836949	0.0373133162	-0.051824292800000005	-0.1106052692	0.0349786257	0.0454469272	-0.0007406997	-0.0968911873	-0.020515746799999998	-0.0242044771	-0.036989992799999996	0.0764855342	-0.051247699400000006	0.0200085853	-0.0072073289000000006	0.0228341059	-0.11273991720000001	-0.0184063077	0.11751785869999999	0.023843823599999998	0.022541355699999998	0.075573942	-0.0174417316	-0.0323332574	-0.0038899347999999997	0.0910897348	-0.12699419	0.0274339	0.0408422933	-0.0121959204	-0.049979443	-0.0784199042	-0.054652617	-0.0389103176	0.1278529785	-0.0033378333000000002	-0.0809778588	0.0071112985	0.0864706925	-0.0816304179	-0.0588586801	0.0094058039	-0.09097467779999999	0.0883267658	-0.08397052	0.07799019459999999	-0.07050145570000001	0.0	-0.0232401	-7.239999999999676e-05	0.00054010224801	5.241759999999533e-09	0.0142025	0.049341300000000005	0.00020171100625	0.0024345638856900003	-0.429666	-2.2999999999939732e-05	5.289999999972278e-10	0.184612871556	0.00507537	-0.0002360000000000001	2.57593806369e-05	5.569600000000005e-08	0.000128197	-0.00010294200000000002	1.0597055364000005e-08	1.6434470809e-08	-0.00114634	0.00010814000000000048	1.1694259600000106e-08	1.3140953956e-06	0.0	0.0	0.0	0.0	0.0	0.0	0.0	0.0	0.0	0.0	0.0	0.0
6663.829624685616	8.737317493102637	76.34071697527735	44406625.26683764	5508.85395149293	-3.787163608444644	30347471.85887927	14.342608197127454	4766.459964463543	9.031424794610755	22719140.592833802	81.56663382070995	4738.039829096535	9060.610909414001	1.165455	27.905813	0.11609709	0.0627863	-0.0005475572	-0.112686489	-0.0161699342	0.0707029044	-0.062611578	-0.0866526832	-0.015415806899999999	0.0867625143	-0.0758222793	0.0569010117	0.0984851615	0.0311281131	0.0255378923	0.0382664462	0.0541473746	0.0139493858	0.0085121368	-0.0617357336	-0.0671060046	-0.0261618821	0.0752873275	0.0076913147	0.08753632130000001	-0.0275478965	-0.0036852671999999995	0.0153098647	0.12338147279999999	-0.07490686860000001	0.0098777705	0.0954756007	-0.009380340400000001	-0.0722573096	-0.0747814197	-0.1081126294	0.09484634609999999	0.0141041159	0.0074470169	0.0053471188	0.0692173131	-0.018851710600000002	-0.026986978999999998	-0.0825126314	-0.0883543757	0.0729219996	-0.0128592403	0.0414330869	-0.0128150672	-0.0696026859	-0.0287750702	-0.055030864000000006	0.0040848323	-0.0710533684	0.0167072059	0.012702218000000001	-0.0253569727	0.028068907200000003	-0.0072721779	-0.240477153	-0.0263460483	0.0805377335	0.0079027197	0.04860332269999999	0.0468656763	0.0191032468	0.0434368068	-0.0717224661	-0.20643445989999998	0.0492228725	-0.0684509636	-0.025838942400000002	-0.050704850700000005	-0.0284563069	0.0162906804	-0.0516175186	-0.058727073399999996	-0.0420078909	-0.0162919253	0.0239356659	0.0278683255	0.047763657800000005	0.0458634551	0.022892195	-0.0674598165	0.0416498248	-0.030496757599999997	-0.0489927151	-0.0888947031	0.0504803759	-0.1545253545	0.0706039312	-0.0895738768	-0.115313242	0.09248243490000001	-0.0214155808	0.0623646712	0.0504541357	-0.021378500099999996	-0.0479765579	0.0025980706	0.025472191800000002	0.000103409	0.0782776919	-0.0161315574	-0.143613401	0.0082630693	0.09145601390000001	-0.0259789325	0.0028338194	0.0310946767	0.1379344224	-0.020256037	0.0370478402	0.0802276154	-0.013224556799999999	-0.09285881019999999	0.0784850779	0.111421384	-0.09511425609999999	0.0158387037	-0.0084623729	0.0080629388	-0.0799795338	-0.0147131562	0.0156725527	0.0803716739	0.029820226000000002	0.0470417553	0.0622867876	0.05949845910000001	-0.0512591734	0.0469887992	0.028724958999999998	-0.023539176600000003	-0.0206955743	0.020263863	-0.0598203738	-0.0271139239	-0.0148023036	-0.0424648061	-0.0036214223999999997	-0.2007207559	0.0482530209	-0.0083649326	0.0343647812	-0.0531996929	0.0922301659	-0.047145728600000006	0.0200773376	0.0039257343	0.19051357870000002	-0.0845965701	0.1256910145	-0.0005219474	0.0904534945	-0.036816965099999995	-0.0243548648	0.07204254980000001	0.0401445052	0.0126961737	0.0136273881	-0.0722335413	0.0269203787	-0.037829198599999996	0.0249329624	0.016810948	-0.0096672732	0.0740230113	-0.0444549096	0.0324482771	0.0474048912	0.031708425	0.1780242268	-0.11267560050000001	-0.0377685859	-0.048073549800000004	0.008136792	0.1468037965	-0.0326319078	-0.0369573469	-0.0410013819	0.0682222572	0.0111268247	0.0325648627	-0.0907451086	-0.0369448511	-0.045636228499999994	-0.006047203100000001	-0.0911356193	0.0889648703	-0.0853851737	0.0804532217	-0.07424712230000001	0.0	-0.0204648	0.0027753000000000014	0.00041880803903999986	7.702290090000007e-06	0.05778340000000001	0.043580900000000006	0.003338921315560001	0.0018992948448100003	-0.391676	0.03798999999999997	0.0014432400999999974	0.15341008897600006	0.00478319	-0.0002921800000000004	2.28789065761e-05	8.536915240000023e-08	-5.31158e-05	-0.0001813128	3.287433144384e-08	2.8212882096400002e-09	-0.0009848150000000002	0.00016152499999999982	2.609032562499994e-08	9.698605842250003e-07	0.0	0.0	0.0	0.0	0.0	0.0	0.0	0.0	0.0	0.0	0.0	0.0
6663.918252458401	0.08862777278500289	0.007854882108830098	44407806.47544823	5536.835898370277	27.981946877347585	30656551.7654818	782.9893510467019	4774.106313314077	7.646348850534196	22792091.09082533	58.46665074406562	4745.8426059569265	9119.258524976589	1.122272	26.871817	0.08187228999999997	0.06171469999999999	-0.0148809029	-0.1018780789	-0.0331050316	0.0071328997	0.08411761820000001	0.0032756041999999997	-0.10093271470000001	0.1149147115	0.140904979	0.0311076429	0.0060767713000000004	0.0176555919	0.10515967820000001	0.0074859592	0.1573311992	0.0095913534	0.031450623999999996	0.0312134725	0.040852656	0.053319732599999996	-0.0665976011	-0.0586606767	0.10012656689999999	-0.0242013545	0.0236430002	-0.0513099021	0.0115781538	0.059293867699999996	-0.0821651231	0.0507443496	-0.0538782384	-0.0723572856	0.0629070282	-0.092157481	-0.038980739300000004	0.0483437561	0.0051977076	-0.0217279506	0.029961953599999997	-0.056323123899999994	0.0034914590999999997	0.0281541122	0.0276532384	-0.039973524100000005	-0.035906875	0.023178357599999998	0.0739686292	-0.011636690600000001	-0.0566677772	-0.0263365266	0.0182067671	-0.0800005807	0.0486516417	-0.0396686427	0.0020984885999999997	-0.0373830296	-0.024086228199999997	0.0539321537	0.011274071100000001	0.013796105	-0.0406619936	0.0010532135	-0.0518953759	0.0171907832	-0.0747454574	-0.0945789298	0.06183441360000001	-0.0030361349	0.012185547199999999	0.059743884299999994	0.0324402987	0.011079751799999999	-0.0896452109	-0.013368066100000001	0.0867241161	0.0549103494	-0.0198531758	-0.030704234	0.043491954900000004	-0.0368017286	0.08706570470000001	-0.0690064837	-0.0004901419	-0.0159644596	0.06296393730000001	0.0674173978	-0.0744771825	-0.0278640182	-0.1571014516	-0.0611078018	-0.031036211400000006	-0.053097507300000006	-0.0477645368	-0.0364357035	0.0299433287	-0.0751266176	-0.0885754131	0.066930013	-0.0021514892	-0.0045664536	0.06199742110000001	-0.06634965570000001	0.0256765972	-0.004199235	-0.05801577190000001	0.1012167061	-0.0245489346	0.0178531025	-0.0465910813	-0.0300388752	-0.055446055999999994	-0.0779219867	0.054373085999999994	-0.049226120199999994	-0.0894798224	-0.0654303367	0.0841986334	0.0105072277	0.030954148900000002	-0.0007178558	0.0091172718	-0.0280268256	0.058635002199999994	0.0030352293	-0.0396841968	0.0083317854	0.0107929722	-0.08448865039999999	0.0524087554	0.0096704315	0.0045846376	0.0492059031	0.014679508400000001	-0.0270032787	0.0674308768	-0.0706821583	0.0428212646	-0.034319394100000004	0.0762196648	0.0082095622	0.0350289003	-0.0115997245	-0.0003137471	0.008714870100000001	0.0343337322	-0.0310365705	0.0111127281	-0.0201685567	0.12430906679999999	0.0031571690999999996	0.0275441357	-0.07423491360000001	-0.0189667081	-0.028861107799999997	0.055814572400000005	0.0777071193	-0.0104170252	-0.0735807829	0.054844980700000004	-0.0393866272	-0.0042224734	-0.0794057982	-0.0217736509	-0.0097395741	-0.0907806469	0.0412503573	0.041508263	-0.0559001767	0.042052543	0.0057098454	0.1458295373	-0.0283500435	-0.1071561671	0.0107600608	0.0140115008	-0.0979368649	0.0825889343	-0.0394717069	0.034783884300000005	-0.0288512806	-0.0783869552	-0.022621241099999998	-0.0224569065	0.0039456719	0.0884844749	-0.0122312058	-0.0698336477	-0.09128054740000001	0.0895404494	-0.08666481599999999	0.0826901155	-0.0776667542	0.0	-0.023240200000000003	-0.0027754000000000047	0.0005401068960400002	7.702845160000024e-06	-0.0024817	-0.060265099999999995	6.15883489e-06	0.00363188227801	-0.395866	-0.0041899999999999715	1.7556099999999762e-05	0.156709889956	0.00479648	1.3290000000000005e-05	2.30062203904e-05	1.766241000000001e-10	0.00016894499999999996	0.00022206079999999995	4.931099889663998e-08	2.8542413024999987e-08	-0.0010423	-5.7484999999999705e-05	3.304525224999965e-09	1.0863892899999998e-06	0.0	0.0	0.0	0.0	0.0	0.0	0.0	0.0	0.0	0.0	0.0	0.0
6664.403626250453	0.4853737920520871	0.2355877180110227	44414275.69358019	5523.5338098556995	-13.302088514577918	30509425.74861902	176.94555884966576	4774.331510606017	0.22519729194027605	22794241.37316553	0.05071382029723392	4746.147691752622	9132.128747644208	1.055113	25.263762	0.15410043000000004	0.0943568	-0.0150236991	-0.0644496692	-0.0178829821	0.021093851	0.0883609002	0.0605061698	-0.09342908220000001	0.0272847196	-0.0096654578	0.0595331984	-0.10595835470000001	-0.0463061121	0.11961392470000001	-0.0531815145	-0.0154807156	-0.017426166	0.1097499774	0.0447827071	-0.0269883816	-0.1065157914	-0.056040629800000005	-0.0571420556	0.0645679033	0.0054366722	-0.0697062378	-0.0611813811	-0.055057151299999996	0.0045095328	0.0158843354	0.11558477439999999	-0.052096707	-0.0286450723	0.0461444258	0.08489388560000001	-0.07938944740000001	0.0547349124	0.0396130695	0.0414422067	0.0215887118	-0.0297970978	0.0664219861	-0.06773889150000001	-0.00043384470000000004	-0.0418464853	0.0180918898	-0.024937419500000002	-0.0272786938	0.1073189641	0.0049451327	0.0223392176	-0.013843157	0.07231242480000001	0.0099042844	0.012973274699999999	0.10489156570000001	-0.0265218279	0.034593772	0.0054409301	-0.0536709743	-0.039718454	-0.0748659104	0.016319534899999998	-0.0907618308	0.04629715349999999	0.1202138362	-0.11726123720000001	-0.0166779124	-0.014648949199999999	-0.0096866341	0.0705510709	0.0276735648	0.0457686222	-0.0605753459	-0.09226725300000001	0.1013452865	0.057584492	0.030092083199999998	-0.0445031251	0.013942118	-0.0111110898	-0.0284545238	-0.0277425948	-0.0782360022	-0.10939166970000001	0.0558504835	0.0092367124	0.0727467398	0.08015830480000001	0.000762225	-0.052711290599999995	0.0222120406	0.1200800139	-0.1037437952	0.0207068272	0.029414189900000002	0.0399506778	-0.033535354100000005	0.056452024	0.04214339	0.05325385	-0.0762859816	-0.0084889604	0.0047331572	-0.0670943435	-0.057345845599999994	0.064610425	0.0048051932	-0.0797396378	-0.060941644100000004	-0.0450869579	0.025196566200000003	0.0282866702	0.084586583	-0.054128632999999995	-0.0510714927	-0.0460755725	-0.0869342276	0.0921392847	0.050127075099999995	-0.006373652099999999	-0.0399934046	-0.0393065338	0.0339974765	-0.0266635281	0.0798107136	-0.06713209690000001	-0.0347048954	-0.024657920299999997	-0.038844184	0.0472823108	-0.1046771799	-0.0174792265	0.0352236078	0.0150336493	-0.0272092052	0.051804751600000004	-0.0015305538	-0.026062151600000003	0.002807532	-0.1130646068	0.012218498700000002	-0.019554923999999998	0.057200591900000014	-0.0083981578	0.12013685	0.1260700532	0.051787382300000004	0.0036587727	0.0351646072	0.0579799324	-0.029704873399999998	-0.0222931046	-0.045712175	-0.0581796896	0.0742439471	0.0040353192999999996	0.0598214647	-0.1408110938	0.043334194400000005	-0.0393320063	0.0155943203	-0.0245880621	0.021475368199999997	0.017017653100000002	-0.10119413349999999	-0.0519684992	0.0482565475	0.0426673931	-0.0119965899	-0.107285709	-0.021543638700000003	0.0019786765	-0.0171521223	0.09702550720000001	0.0945350783	-0.0894202006	-0.1103688841	-0.0356201321	-0.0181315002	-0.0423551536	-0.05706257660000001	0.0691327267	-0.0087453323	0.0160121267	-0.0422885383	0.0680310985	0.0076829923	-0.0914094366	0.09005309859999999	-0.0878074234	0.08469458839999999	-0.0807453353	0.0	-0.0292856	-0.006045399999999996	0.0008576463673599999	3.654686115999995e-05	0.08354169999999997	0.08602339999999997	0.006979215638889995	0.007400025347559996	-0.420847	-0.02498100000000003	0.0006240503610000015	0.17711219740900006	0.00435338	-0.0004431000000000001	1.89519174244e-05	1.9633761000000011e-07	-9.63676e-05	-0.0002653126	7.039077571875996e-08	9.286714329760002e-09	-0.0010097	3.2599999999999823e-05	1.0627599999999882e-09	1.01949409e-06	0.0	0.0	0.0	0.0	0.0	0.0	0.0	0.0	0.0	0.0	0.0	0.0
6677.913633179134	13.510006928680925	182.52028721300653	44594530.49219974	5520.110508313993	-3.423301541706678	30471620.02399857	11.71899344545132	4777.314361336409	2.9828507303918737	22822732.5070311	8.897398479799337	4749.143955409278	9185.402329069408	1.010457	24.194525	0.08049487500000002	0.0575405	-0.0310400594	-0.0414405444	-0.0051359046	0.1334243709	0.051261487300000005	0.0228459791	0.0657763431	0.0826589591	-0.026206442400000002	0.021916588900000002	-0.09240075029999999	-0.0275068942	0.0266902029	0.0039722871	-0.0086349103	-0.0161368802	-0.0101456627	-0.0209377672	-0.0219198888	-0.0178860586	0.0401834385	-0.0781538761	0.044430730700000004	0.0105165154	-0.0461140793	0.1068990017	-0.0362996165	-0.011763423600000001	-0.0048780952	0.0766194435	-0.0228516991	-0.0526335664	-0.0041054559	0.0197578364	-0.0160096433	-0.0247661469	0.06252559719999999	0.0866466022	-0.043500658899999996	-0.0227981823	-0.0158455398	-0.0427627206	0.0686944306	-0.0359438348	-0.0728545649	0.030174741600000006	0.0551812673	0.0640249958	-0.0172099432	-0.043264417	0.012877768400000001	0.0384397909	-0.0652596844	0.0316312946	0.049708265300000005	0.0700423795	0.07727519990000001	-0.021434371299999998	-0.0994254391	0.09864356769999999	-0.0080626593	-0.11739987800000001	-0.070166643	0.0333099553	0.0983499234	0.0242240489	-0.0357985641	-0.057788365599999995	-0.0249614545	-0.0807569799	-0.0345473326	0.0203784659	0.0514838214	-0.057152545	-0.08871833359999999	0.0806645634	-0.1118902409	-0.0516346832	-0.013182688100000001	0.08641808220000001	-0.0079326477	0.0573462255	0.0052661936999999995	0.0243376584	-0.0772235322	-0.0006924783000000001	0.06280057879999999	0.0221467169	0.055925654400000004	0.0381564579	-0.023415305299999998	-0.018522381	-0.1456240266	0.0288757178	0.0061871526	0.0084084804	-0.0242347779	-0.0215896326	0.0006658778	-0.09189342880000001	0.029241218599999997	-0.0151089023	0.005638451500000001	0.0232261341	-0.0782833186	0.0456844832	0.0101138541	-0.0408837674	0.109500394	-0.0263158163	0.0259858792	0.0146909049	0.0734891359	-0.019197086699999998	-0.0502822441	0.004975863400000001	-0.0311263663	0.0181378078	-0.0003853748	-0.0694762276	-0.0934477334	0.0368407615	0.014656948500000001	0.0295011498	0.024093009500000002	0.0578735055	-0.0664679698	-0.0885611257	0.0545673722	0.0280806089	-0.06585920070000001	0.016812446	0.0008131451	-0.0630663935	0.0062430132	0.054072063200000006	-0.065599967	-0.0133242839	-0.0755663261	-0.12291829720000001	-0.0255971275	0.022784500099999997	-0.015303478700000001	0.09454577289999999	0.1422361551	-0.0036303827000000004	0.030204189399999998	-0.0149177002	-0.05104909059999999	-0.0081122676	0.0093594259	0.1190858781	0.07208871019999999	0.0472673941	-0.019227997900000002	-0.0700238829	0.024085507000000003	-0.0301667884	0.0644497462	-0.0532983602	-0.0507549359	0.08261186400000001	0.060941847300000004	0.0363133679	0.1001757139	0.0130063566	-0.0030705166	-0.0271446062	-0.061210431600000004	0.027255169500000002	-0.058249721399999996	0.033768852200000005	0.07029058219999999	0.0276715663	0.15735769230000002	-0.026494531600000003	-0.001300568	-0.0074454864	0.030476536499999998	0.027063007400000002	0.0049121157	-0.0564089806	0.0374200877	0.042057364800000004	0.0465968037	0.0047559542	-0.0580305641	-0.0915222642	0.0905024577	-0.0888111892	0.0864610066	-0.0834693467	0.0	-0.028593	0.0006925999999999982	0.000817559649	4.796947599999972e-07	0.0279052	-0.05563649999999997	0.00077870018704	0.003095420132249996	-0.412652	0.008195000000000008	6.715802500000014e-05	0.17028167310400005	0.00449812	0.00014474000000000084	2.0233083534400006e-05	2.0949667600000244e-08	2.77779e-05	0.00012414550000000002	1.5412105170250006e-08	7.7161172841e-10	-0.00106023	-5.0529999999999796e-05	2.55328089999998e-09	1.1240876529e-06	0.0	0.0	0.0	0.0	0.0	0.0	0.0	0.0	0.0	0.0	0.0	0.0
6681.7938531551645	3.880219976030276	15.056107062384394	44646369.09606214	5532.556771443142	12.446263129148974	30609184.42924136	154.90946588001322	4776.063277781036	-1.251083555373043	22810780.43336853	1.5652100625248542	4747.95063252928	9295.32750374211	1.074037	25.716875	0.08619545499999992	0.0462673	-0.0634688662	-0.031586452	-0.011386250300000001	0.0002339523	0.0653379155	0.0338202841	-0.0039580972	-0.0064005704000000005	0.11290880619999999	-0.0290388035	-0.0192877879	-0.1271965101	-0.0296553406	0.0329313897	0.0289434536	0.0392236132	0.0072602039000000005	-0.0134959799	-0.0114823249	0.0646260209	0.0689241816	-0.07353029559999999	0.0369597123	0.0019918756	0.0170258785	-0.019335188200000002	-0.0213766293	0.0699429539	-0.0028222301000000003	-0.0606008875	0.0403075418	-0.0599628459	0.025717647799999997	-0.0202059395	-0.0444034965	0.060055049699999995	-0.0277983978	0.0431883315	-0.0069187963	0.029710160299999996	-0.048957624500000005	0.12514532050000002	0.0225294698	0.1482869653	0.0212852291	0.004892657	-0.0415307664	0.0724225605	0.10482318970000001	-0.029839038199999997	-0.0587147829	0.059335482599999996	-0.1058167681	-0.061212974800000014	0.0240531594	0.0156691713	-0.054246799500000005	0.0489729811	-0.0970660101	-0.029040398399999997	-0.0632757975	-0.002796965	-0.1237033005	-0.0874619407	0.0087486222	0.0045571254	-9.65759e-05	0.0009578616	0.0195572673	-0.0386906436	0.069338318	0.0542538389	-0.0347787778	0.0462333386	-0.0363952013	0.0371397011	0.0565320222	0.0317386565	-0.0592041845	0.0467027595	0.0219304756	-0.0186385883	0.020115753	-0.027767660299999997	0.0141283392	-0.0773640234	0.0772892108	-0.0233075506	-0.0002539515	0.121926668	0.0094462498	0.0102727415	0.0267504181	-0.0408049518	0.09048816679999999	-0.07056540160000001	0.0378818043	0.043486856100000006	0.09488461320000001	0.027198384199999998	0.0008499889999999999	0.010046710799999999	0.0436403841	0.0435872617	-0.0732551459	0.0334871381	-0.0024503797	0.0148110851	-0.0154739086	-0.0667243738	-0.0445451403	-0.0331503849	-0.0715558603	0.0363138806	-0.054177692400000005	-0.0305368074	0.0261763295	0.054741956900000006	0.0346622797	0.0512334725	-0.017102565900000002	0.0088658824	-0.0166482436	0.0160416118	-0.1376290626	0.0559786217	-0.021973197000000003	0.1365525007	-0.046569585700000006	-0.0031842859999999997	-0.062848297	-0.1205559427	-0.0061294942	-0.0759361582	-0.06331845559999999	0.09609370769999999	-0.0307917476	-0.006412470500000001	0.0117673421	0.0380861001	0.0610939812	0.0339667195	0.0965757099	-0.0297901727	0.11066663970000001	0.0080123487	-0.0713118655	-0.0934336108	0.0141550576	-0.009128439200000001	0.015671374499999998	0.0237453006	0.0343696915	-0.06294860070000001	0.026096023399999998	0.0312515987	0.0006703325999999999	0.008878960699999999	-0.0792397627	-0.0704704837	0.0060083283999999995	0.1028059802	0.0054255126	-0.052342820899999996	-0.0298811625	0.052233538600000004	-0.0360431284	0.0561734645	-0.053502545199999994	-0.0115243355	-0.012056329	0.0785143267	0.053656087000000005	0.1419475462	-0.0836088178	0.017001527199999998	0.0738381764	-0.013600859299999999	0.0756927384	0.0110940527	-0.0181013519	0.0760099969	0.0528618346	0.0074850212	-0.00040350419999999996	-0.021393978900000003	0.0157665689	-0.09161901039999999	0.0908882107	-0.0896745262	0.087984405	-0.08582682679999999	0.0	-0.0290717	-0.0004786999999999985	0.0008451637408900001	2.2915368999999863e-07	0.0012843	-0.026620900000000003	1.6494264899999996e-06	0.0007086723168100001	-0.437708	-0.025055999999999967	0.0006278031359999984	0.191588293264	0.00495489	0.0004567699999999996	2.45509349121e-05	2.0863883289999963e-07	5.5686e-05	2.7908099999999998e-05	7.7886204561e-10	3.1009305960000004e-09	-0.0008641110000000001	0.0001961189999999998	3.8462662160999916e-08	7.466878203210002e-07	0.0	0.0	0.0	0.0	0.0	0.0	0.0	0.0	0.0	0.0	0.0	0.0
6662.867306980282	-18.926546174882787	358.21415010997026	44393800.75042667	5530.238683894399	-2.318087548742369	30583539.90084206	5.373529883634405	4772.097778667263	-3.965499113773149	22772917.209161025	15.725183221335628	4744.6928034826315	9217.617554395672	0.994576	23.81426	0.035788380000000015	0.0201116	-0.0383224333	-0.0246986954	-0.012040507399999999	-0.047466074500000004	-0.0306923916	0.0395711329	-0.0095443961	-0.0475321129	-0.0410517866	0.0357207461	0.028618351400000002	-0.1234834506	-0.042492558799999997	0.028328806499999998	-0.0162491489	0.027322941200000003	-0.0904140433	0.0308353771	-0.140832709	0.0267560344	-0.0207062471	-0.0355288279	0.0223583973	0.007340438	-0.027966386200000002	-0.06744244049999999	-0.05219906690000002	-0.0317943298	0.0883974257	-0.0973202935	0.09865181519999999	-0.026098025	0.052942448499999996	-0.0041550297	-0.0347057171	0.0060945161	-0.0298518964	-0.0362422108	-0.0071462986	0.0840945192	0.015632215300000002	-0.1034222206	-0.013104518600000002	-0.0080372675	0.0871352844	-0.021715773100000002	0.0154461102	-0.0030552846000000003	-0.1421350625	0.0734200743	-0.0677744919	0.06330157139999999	-0.020708955600000002	-0.0435025892	0.0228505729	-0.0322620006	0.034569876	-0.0923193078	-0.0156208775	0.0356435201	0.045109707699999994	0.0809474627	-0.028239030699999997	-0.069192275	0.08665277380000001	0.0409970307	-0.0177084176	0.0292580799	0.0421005808	-0.0624114509	-0.06024659650000001	-0.00563433	-0.0319969054	0.1027261847	0.0012809834	0.0042783110999999995	0.0722035217	0.0262227325	-0.0792602217	0.0155520698	-0.0374768519	-0.0873335133	0.0679233797	-0.0727265845	0.0287528684	-0.040564489100000004	-0.0754624441	0.0228064313	-0.023193589	0.081588386	-0.0401574621	-0.06510799769999999	0.057143221200000004	-0.1012640943	0.0016742177	-0.0552274297	0.0817137543	0.0304972286	-0.0030002673999999997	-0.01702536	0.0047589402	0.09466589210000001	-0.0036919445	0.10667931929999999	-0.036022061099999995	0.0200938264	0.0037498596	-0.0325679844	-0.0636017809	-0.0168877132	0.0683067007	0.0584851327	-0.1311093395	0.09822246119999999	-0.026232918100000002	-0.048302168099999994	0.0033415196999999996	0.0477963597	-0.0048506653	0.0214588205	0.0342964501	0.011281328200000001	-0.06542852910000001	-0.0315867204	0.08967494460000001	-0.070483735	-0.0262915559	0.052549146799999995	0.014860438500000003	0.0488118809	0.013484889199999999	0.140094427	0.0661700581	0.021842608399999998	-0.024556661400000002	0.053878465599999995	0.0465061664	0.011712801299999999	0.0072247314	-0.020119385	-0.0559517687	0.0329776917	0.044875730499999995	0.0499825516	-0.078987502	0.0820469537	-0.0810809224	-0.0731314492	-0.05752049450000001	0.0071056317	-0.0783052085	0.028167070099999997	0.04808368650000002	0.0048218534	0.0075153821999999985	0.071907314	-0.043441092300000005	0.02724327	-0.08587639609999999	0.0310039565	0.0735067187	0.012404428600000001	0.0720888142	0.0191445474	-0.0395792456	0.077425633	-0.09936355949999999	0.030900151	0.10931488339999999	-0.0181037528	0.0100647329	0.0846446952	-0.0025016764	0.0567093796	-0.0983506267	0.0118589939	0.1114059621	0.0976567866	0.022265973300000002	0.031314953199999995	-0.0391154068	-0.0336658135	0.021616750499999997	-0.0055859204	-0.044922497699999994	-0.0369768347	0.0924082422	-0.0916996582	0.0912100867	-0.0903960694	0.0892605018	-0.0878074234	0.0	-0.0288545	0.00021719999999999728	0.0008325821702500001	4.717583999999881e-08	0.017259599999999996	0.015975299999999998	0.00029789379215999984	0.00025521021008999994	-0.442249	-0.004541000000000017	2.0620681000000158e-05	0.19558417800099998	0.0049517	-3.1900000000001367e-06	2.451933289e-05	1.0176100000000877e-11	-2.3562600000000007e-05	-7.924860000000001e-05	6.280340601960002e-09	5.551961187600002e-10	-0.00108277	-0.00021865899999999995	4.7811758280999985e-08	1.1723908729000002e-06	0.0	0.0	0.0	0.0	0.0	0.0	0.0	0.0	0.0	0.0	0.0	0.0
6651.693992118173	-11.173314862108784	124.84296500782101	44245032.96478099	5511.5945006172815	-18.64418327711792	30377673.93923466	347.6055700707634	4765.114523242847	-6.983255424415803	22706316.41961991	48.76585632263272	4737.456345591088	9106.92703592918	0.980565	23.478788	0.040832404	0.0239294	-0.0021113945999999997	-0.0290781479	0.022396837599999997	-0.0330080351	-0.0819311154	0.053009135199999995	0.0703544423	0.0211318877	-0.1055577861	-0.015908649599999998	0.0642663198	-0.0474904032	-0.0157197278	-0.023344507200000003	-0.0363218601	0.0303768029	0.0516256247	0.1388079425	-0.007222780799999998	0.0110841919	0.0577721983	0.021201369100000002	0.025650715499999997	0.015896326699999998	0.0583536534	0.034492901	-0.0095632665	-0.12103149140000001	0.0660217682	-0.086403455	0.032479897599999995	0.0435642445	0.11708654439999999	0.0493752448	-0.0671909963	-0.0311811912	0.0093129532	0.022573952	-0.020538488	-0.0006242383	0.0152798221	0.0503215933	-0.1267783448	0.0017778338	0.066762419	0.0189392752	0.0608524705	-0.0317364331	-0.0537537922	-0.0045502232	0.0752767096	-0.014173475	0.006864532	0.0591798437	0.0226039562	-0.0252613352	-0.0581141381	0.055840038499999994	0.0920182874	-0.036106353	-0.0193302425	-0.058600483200000004	-0.0611014262	0.0892995444	0.11019786640000001	0.038948686600000004	0.0851719775	-0.013992851899999999	-0.0195110529	-0.1259270055	-0.0056808566	0.0182527325	0.0038209329	-0.076794516	0.0565142496	0.0742582321	-0.0181441395	-0.085633665	-0.0535388569	0.0824551716	-0.025540169799999998	-0.0227332951	0.0811298541	0.0359964715	-0.0505533596	0.0597737251	-0.0814173818	-0.0144571773	0.0643834871	0.058547689800000004	-0.0060670019	0.039034770499999996	0.007744693	0.0336127715	-0.08466510220000001	-0.0442977619	0.0303573993	0.024475516699999998	-0.0311645268	0.09447726109999999	-0.0196606756	-0.0587236201	0.052849714699999994	-0.027805505699999997	0.0217921783	0.025378550899999998	0.012074873600000001	0.0654758029	0.0396544287	0.0587489041	0.0972779717	0.0618572874	-0.0814315413	0.0350316844	0.045461364299999994	-0.1176450827	-0.06380726099999999	0.0601055077	-0.034765452200000005	-0.0198752876	-0.0355686324	0.026162669399999998	0.0315662115	-0.0096649166	-0.059405752	-0.0657802437	0.12020117400000001	0.04551601190000002	0.0700002231	0.0248121423	0.0221795723	0.0663297099	-0.0471437045	0.055538011100000007	0.0411214702	-0.0248521472	-0.0403596579	-0.0289926792	0.0555461384	-0.014864623899999999	0.0455955815	-0.11980803	-0.0824656867	0.007288679300000002	0.0835882907	0.0498168536	0.08632746359999999	-0.0079722131	-0.0104745676	-0.10842242269999999	0.0075415593	0.0874376524	0.0106124889	-0.013128366899999999	0.0243344857	-0.0218309006	0.0328808181	-0.1130024043	-0.0197612261	-0.0010604944	0.007095118199999998	0.0054629991	0.0767065991	0.0208268449	0.0554121872	0.0894444343	-0.0552396054	-0.045861433300000004	0.0523089676	0.0385762348	0.0008278014999999999	0.0182406861	0.0855638235	-0.0921598666	-0.007282772299999999	0.018378250500000002	-0.046871937	0.0463511187	0.0344299921	0.0181246755	-0.0643265118	0.0823062206	-0.10092280960000001	0.011277736699999999	-0.0177242108	-0.0087264896	-0.0390397273	-0.0917641935	0.09146785939999999	-0.09097467779999999	0.0902857102	-0.0894024392	0.0	-0.0322916	-0.003437099999999995	0.00104274743056	1.1813656409999965e-05	-0.0041617	-0.0214213	1.731974689e-05	0.0004588720936899999	-0.432482	0.009767000000000027	9.53942890000005e-05	0.187040680324	0.00489422	-5.747999999999951e-05	2.39533894084e-05	3.3039503999999442e-09	9.59748e-06	3.316008000000001e-05	1.0995909056064004e-09	9.211162235040005e-11	-0.00104927	3.350000000000011e-05	1.1222500000000074e-09	1.1009675329e-06	0.0	0.0	0.0	0.0	0.0	0.0	0.0	0.0	0.0	0.0	0.0	0.0
6644.759922632607	-6.934069485565487	48.08131963065043	44152834.429424495	5522.973707573201	11.379206955919473	30503238.57454487	129.48635094564608	4758.5726545106345	-6.541868732212607	22644013.708256386	42.79604650950097	4730.751323900462	9027.834859538652	0.967855	23.174456	0.06731557399999999	0.0363541	0.018506126	-0.017056625500000002	0.019107163400000002	-0.0330438133	-0.030248129300000006	0.024524083	0.0673498596	0.0688858968	0.0007899008	-0.10353170769999999	0.031928859	0.0635423841	-0.0410161323	-0.0003198204	-0.0105005116	0.0320558469	0.0334367207	0.045591607199999995	0.0222583069	0.05447541	0.0026253571999999997	0.0600522821	0.008849520500000001	0.0032290484	0.0929969341	0.021752985699999998	0.0049208814	-0.043908822300000004	-0.0647858481	-0.0558816625	0.013091726699999999	0.041915211699999996	0.0294935117	0.0572977851	-0.0036013524	-0.0004417146	-0.0479917882	0.0323930839	-0.0156012716	-0.00575454	0.0417389669	-0.08194489	0.0702014063	0.0027333646	0.02377492	0.0278743555	0.0320919895	0.070589055	-0.047396950099999995	0.1230961944	0.0164679528	0.0845579868	-0.0100376552	-0.0246540869	0.0404956884	0.0346438688	0.021794273700000002	0.0227811056	-0.0656212033	0.0269001821	-0.0304483543	0.0094891113	0.0492031692	-0.0193053208	-0.034938940099999996	0.0298626788	0.023632086200000003	0.053697568700000003	0.0209082576	-0.0512389916	-0.0288772523	-0.0275161876	-0.0176716942	0.09864343539999999	0.0518588716	0.050652432000000004	0.1052118449	0.0077189645999999985	-0.0832100271	0.0628014605	0.0055501752	0.007407466999999998	0.0840341248	0.0694361948	-0.0083282878	-0.0049907045	0.0055774912	0.018610194	0.0543568657	0.1340919767	0.0282487615	0.054249680700000004	-0.0265087946	0.0827572	-0.0332779875	0.007508352399999999	0.0087773429	-0.1268681526	-0.1504385918	0.10500977859999999	-0.0548809679	-0.0022387831	0.0250315707	-0.0744446688	0.0593662088	0.0097226713	0.0031973560999999998	0.09986837949999999	0.015974098	0.0326566037	0.0316303055	-0.0542409367	-0.0209609746	0.0210733279	0.0487758328	-0.033960788900000004	-0.0682507409	-0.0023756878	-0.012908703999999998	0.031282340299999996	-0.042988380199999995	0.0047714919	0.0305100517	-0.0018796567000000002	0.049762706799999994	-0.0187221092	-0.10233122210000001	-0.012942482	0.0380973478	0.050776716900000005	-0.08449718839999999	0.044024333799999996	0.0369127176	0.0976756142	-0.0086762828	0.0815832847	0.0071148359999999985	-0.0067200206	-0.0341005423	-0.0047654004	0.027208883700000002	0.0891044193	0.0359121928	-0.0386389698	-0.011700438	-0.07349323769999999	-0.007218098	-0.006642534499999999	-0.0125223765	-0.06908927990000001	-0.0600229962	0.0019015776999999998	0.034658712599999995	0.0210864075	0.006455018000000001	0.032148044	-0.0622964133	-0.0246262829	-0.1271859989	-0.028025554900000003	0.0377870972	0.0023026576000000003	0.0443320774	-0.023184204500000003	0.060783078399999996	0.0998784608	-0.0099536302	0.053236522	0.0037681295	0.0002901186	0.0066917361	0.12371502179999999	0.0520038501	-0.10185864509999999	0.0494056287	0.1030826644	-0.10442253380000001	-0.0311849682	0.0363156195	-0.0064611085	0.0505761474	-0.013864038899999999	-0.17622579019999998	-0.0892585942	-0.0691316295	-0.0083876687	-0.0810183325	-0.0918126049	0.0916613475	-0.0914094366	0.09105714849999999	-0.09060487029999999	0.0	-0.0355142	-0.003222600000000006	0.0012612584016400002	1.038515076000004e-05	-0.0340914	-0.029929700000000004	0.00116222355396	0.0008957869420900001	-0.445497	-0.013015000000000054	0.0001693902250000014	0.19846757700900006	0.00509232	0.0001980999999999997	2.59317229824e-05	3.924360999999986e-08	-0.000157498	-0.00016709547999999998	2.79208994364304e-08	2.4805620004e-08	-0.00110704	-5.777000000000018e-05	3.33737290000002e-09	1.2255375616000002e-06	0.0	0.0	0.0	0.0	0.0	0.0	0.0	0.0	0.0	0.0	0.0	0.0
6638.605659700315	-6.154262932292112	37.87495223978472	44071085.105005056	5510.177210170079	-12.796497403121974	30362052.887477715	163.75034578810747	4752.801636108731	-5.771018401903348	22589123.39219783	33.30465339510707	4724.6862625776475	8964.471899578017	0.985984	23.60853	0.11037979000000002	0.0565269	0.0340623011	0.0002908206	-0.0041785217999999996	-0.1088395625	-0.0122912801	-0.0271071598	-0.0460459041	-0.0387309967	-0.0360792786	-0.1113331732	0.0141203657	0.0136448522	-0.0015315535000000001	-0.052873812400000005	0.0891916432	-0.0030721616999999997	0.10635857800000001	0.021231408700000003	-0.0479754722	0.0032498845	0.073821716	0.1010701009	0.0072406630000000005	0.0393588896	0.0228243191	-0.048609436299999996	0.0245940039	-0.0469300809	-0.0325089975	-0.0199941853	0.055736573399999996	0.021008855400000002	-0.012807807	0.09456031779999999	-0.0014135958	-0.0618604251	-0.0873543899	-0.0473385658	-0.0206271081	-0.0136752854	0.0387680512	-0.0027338649	0.054469778200000006	0.0054779935	-0.08613358039999999	-0.007285877099999998	0.0021963151	0.0368382638	-0.0346258574	0.052449937800000006	-0.060118863499999994	0.0424015054	0.0374222555	-0.0269282046	-0.1392166515	0.07604301940000001	0.06431514740000001	0.0658964292	-0.022643846800000002	0.0001748432	0.0464466605	0.06676894900000001	0.0722011872	-0.021036677	-0.0896571867	0.0202543983	0.015550959199999999	-0.0111886234	-0.0749122103	0.0907971024	-0.027346823	-0.0793485041	-0.07649246330000001	-0.0083419731	-0.023289416	-0.048918829299999994	-0.0510454868	0.0907382848	0.0573310113	0.062029650199999994	0.039224001200000004	0.09483171650000001	0.003947068	0.0348227334	0.0616838109	-0.0254501613	0.0418731227	-0.0965792964	0.012619281000000001	0.0581629883	0.0505087649	-0.013299906399999999	0.0043404786	0.1131925334	-0.0683651269	-0.07764007349999999	0.045304593600000005	0.035949557400000005	-0.0354509871	-0.0059280729	0.13940931939999998	-0.0190390144	-0.030548709700000006	0.047340630099999996	0.09929777990000001	0.009245648399999999	0.042197886399999995	0.025249319500000002	-0.0565218866	0.055690261100000006	0.021475066400000003	-0.0309269931	-0.0020036797	0.0580809501	0.034807932	0.0181249227	-0.0924590412	-0.0111279562	-0.0782058018	0.0314943669	0.0511245399	0.011045791000000001	0.0325951288	-0.029400565899999998	0.025367746400000002	0.0872066611	-0.0392339921	-0.042520919000000004	-0.0149177267	0.0191893615	-0.0258105329	0.0177637746	0.0260653671	0.013533428500000002	-0.0134475201	0.018255436200000003	0.09262476730000001	0.1246340659	-0.10162007220000001	0.0654088868	0.0474752011	0.0525851492	0.0410001292	0.0125443921	-0.11046299359999999	-0.0785357658	0.0137668584	0.003906025	0.0134027596	0.0005979748	0.0603970835	-0.0712712691	-0.0189314873	0.022026672200000003	-0.0701277489	0.1044073069	0.052370567400000005	0.063808221	0.0634932779	0.008699368	-0.0067500387	0.057082736399999986	-0.1138631958	0.0036953681	0.0647289124	-0.031868094	0.0784606212	0.0646912458	-0.0214883568	0.018669918799999997	0.06798849650000001	-0.0018321304	0.0699898915	-0.0468607699	-0.018751910400000002	0.120156974	-0.0494946622	-0.010092728	0.1009612014	0.1085161908	-0.0447631603	0.0069190203	0.0258799888	-0.032344762	0.1106295759	-0.0467204154	-0.0250507014	-0.09184488380000001	0.0917904153	-0.0916996582	0.0915726486	-0.0914094366	0.0	-0.0400168	-0.004502599999999996	0.0016013442822399998	2.027340675999996e-05	0.00435054	0.03844194	1.89271982916e-05	0.0014777827509636	-0.47689	-0.03139299999999995	0.0009855204489999966	0.2274240721	0.005585499999999999	0.0004931799999999993	3.1197810249999994e-05	2.432265123999993e-07	-0.000262853	-0.000105355	1.1099676025e-08	6.9091699609e-08	-0.00098473	0.00012231000000000004	1.495973610000001e-08	9.696931729e-07	0.0	0.0	0.0	0.0	0.0	0.0	0.0	0.0	0.0	0.0	0.0	0.0
6641.821506389731	3.2158466894161397	10.341669929828743	44113792.92274116	5515.943129287502	5.7659191174234365	30425628.60553401	33.245823268669064	4753.710081984417	0.908445875686084	22597759.543560296	0.8252739090510559	4725.6302013516915	8974.425169487184	0.9901470000000002	23.708199	0.13566130999999998	0.0774334	0.0408646015	-0.0053746943999999994	0.0359225498	0.0125758022	-0.0478216539	-0.0308700479	0.0337885192	0.053132683099999994	-0.0578129551	0.0005435487000000001	-0.007265294499999998	0.026273364599999998	-0.0145737009	-0.0097320631	0.0362770958	-0.0109901198	0.017908167	-0.0290235201	-0.0339024755	-0.0075848205000000005	0.06866667309999999	0.10132521259999999	0.027120152999999998	0.0284198455	-0.021481980600000002	0.05206662769999999	0.0646750204	-0.1058666432	0.014448743500000001	-0.0342003992	0.015368430800000001	0.0081971701	0.0159136225	0.038356287	0.0061519538	-0.034722842000000004	-0.0441761663	0.04546594650000002	0.0304000279	-0.0707896572	-0.0325428819	0.052516677000000005	0.0090878096	-0.0088594455	0.0020921923	-0.0027409339	-0.0895523852	0.0091998385	0.0606846767	-0.0068726422	0.0462151437	-0.040966311400000004	-0.0182730359	-0.0013293727	-0.0882337048	-0.0769995725	-0.037855286099999996	0.0926590333	0.011906553500000002	0.0172730716	0.029607384100000002	0.0428319955	0.0346694989	0.0582407492	-0.0659698559	-0.0721527461	-0.0213763371	0.0066184738	0.0272358079	0.027974686699999998	-0.043257574900000005	-0.01160631	-0.0224599459	-0.0486498026	-0.0233023123	-0.0990070803	0.04381143690000002	0.0453190882	0.0094983215	-0.0004990369	0.0822536334	0.0431184164	0.0170136135	0.0184710096	-0.0730354609	0.0617218967	-0.0292709359	-0.0369788357	0.0239194958	0.1259920746	0.0247928887	-0.0454481005	0.0286543777	-0.031069309399999998	0.023777209100000002	0.0066697227	0.040134875699999996	0.06774978570000001	0.029157134900000006	0.0522934589	0.0016407657999999998	0.0287487781	-0.029512762	0.0108559439	0.10067265859999999	0.029023246000000006	0.032162657000000004	-0.0095081486	0.0581485368	0.10835744300000001	0.040445434599999996	0.0218769231	-0.0117856725	0.0204473678	0.0099496142	-0.0115299283	-0.0497406574	-0.025352066099999997	-0.0560313341	0.0260040788	-0.0552842807	-0.043928293300000004	0.0360684944	0.0571197491	-0.0456892923	-0.012622146	0.0310498606	-0.0203221601	-0.0680721726	-0.0578504707	-0.0175302777	-0.0662996112	-0.046203803499999994	0.0086404501	0.022160212999999998	-0.0219333666	-0.0080080605	0.065764458	0.0796671807	0.0743062094	0.0801557405	0.037647562200000005	-0.0264397195	0.0436530171	-0.061906479800000004	-0.05917281150000001	0.0512170363	0.025665077400000003	0.067143943	0.0689507492	-0.0167767281	-0.0705120859	0.0094854209	0.0417333906	0.011756817099999999	-0.0088814494	0.0636365966	0.0398771658	-0.046665187999999996	0.049196889	-0.0480304094	0.0345273054	-0.09720655980000001	-0.056774351699999996	0.0084433124	0.0250828036	0.0065168377	-0.1007342168	0.0007312849000000001	0.0085345911	0.010517464499999999	0.0859177655	0.0588542635	-0.016935813100000002	-0.023156466	0.0828516586	0.0466085916	0.023634772400000004	-0.0321809405	-0.011426211499999998	-0.0527149374	0.0692792522	-0.0222809458	-0.0428226476	0.0063077435	0.0048283679999999995	0.022200496899999998	-0.09186102480000001	0.09185497179999999	-0.09184488380000001	0.09183076130000001	-0.0918126049	0.0	-0.041344699999999984	-0.001327899999999993	0.0017093842180899992	1.7633184099999814e-06	0.0413899	0.03703936	0.00171312382201	0.0013719141892096	-0.430058	0.04683199999999999	0.0021932362239999986	0.18494988336399998	0.00473809	-0.0008474099999999991	2.2449496848100007e-05	7.181037080999981e-07	-0.000231252	3.1601e-05	9.98623201e-10	5.3477487504000005e-08	-0.00111496	-0.00013022999999999984	1.695985289999996e-08	1.2431358015999998e-06	0.0	0.0	0.0	0.0	0.0	0.0	0.0	0.0	0.0	0.0	0.0	0.0
